0 0.7418498862774829 0.171630859375 0.07202426080363912 0.0361328125
0 0.3400303260045489 0.178955078125 0.07278241091736164 0.0380859375
0 0.4196360879454132 0.17431640625 0.07354056103108415 0.041015625
0 0.5015163002274451 0.23974609375 0.07278241091736164 0.03466796875
0 0.4981046247156937 0.27099609375 0.07657316148597422 0.03515625
0 0.5849128127369219 0.26220703125 0.07733131159969674 0.03564453125
0 0.5811220621683093 0.2275390625 0.07733131159969674 0.03662109375
0 0.5841546626231994 0.19921875 0.07505686125852919 0.0205078125
0 0.5758150113722517 0.17236328125 0.06444275966641395 0.03759765625
0 0.6641394996209249 0.1875 0.06747536012130402 0.03857421875
0 0.8316906747536013 0.218017578125 0.07733131159969674 0.0283203125
0 0.8286580742987112 0.246826171875 0.07429871114480667 0.033203125
0 0.910538286580743 0.408935546875 0.06292645943896892 0.03564453125
0 0.7452615617892343 0.336181640625 0.07657316148597422 0.041015625
0 0.6664139499620925 0.3310546875 0.07733131159969674 0.037109375
0 0.5871872630780894 0.294921875 0.07505686125852919 0.03857421875
0 0.6702047005307051 0.3623046875 0.06747536012130402 0.0322265625
0 0.6694465504169825 0.421875 0.0667172100075815 0.0400390625
0 0.5898407884761183 0.4091796875 0.06899166034874905 0.04296875
0 0.5890826383623957 0.44091796875 0.07733131159969674 0.04931640625
0 0.5037907505686126 0.458984375 0.08642911296436695 0.0361328125
0 0.5045489006823352 0.42919921875 0.07808946171341925 0.0244140625
0 0.5045489006823352 0.39990234375 0.0758150113722517 0.04248046875
0 0.5060652009097801 0.33984375 0.0712661106899166 0.0390625
0 0.33965125094768767 0.366455078125 0.0758150113722517 0.0341796875
0 0.25246398786959817 0.388427734375 0.07733131159969674 0.037109375
0 0.17816527672479152 0.385009765625 0.07050796057619409 0.0244140625
0 0.17854435178165276 0.350341796875 0.07657316148597422 0.04296875
0 0.17589082638362397 0.312255859375 0.07884761182714177 0.0341796875
0 0.2558756633813495 0.286865234375 0.07278241091736164 0.0322265625
0 0.25360121304018196 0.203857421875 0.06823351023502654 0.03515625
0 0.09855951478392722 0.24365234375 0.07278241091736164 0.041015625
0 0.09893858984078847 0.36962890625 0.0667172100075815 0.0380859375
0 0.16906747536012132 0.495361328125 0.07278241091736164 0.03564453125
0 0.17361637604245642 0.527587890625 0.07733131159969674 0.03076171875
0 0.17437452615617893 0.563720703125 0.07354056103108415 0.037109375
0 0.18157695223654283 0.629150390625 0.08718726307808947 0.0390625
0 0.09855951478392722 0.638427734375 0.06595905989385899 0.0361328125
0 0.10727824109173617 0.68017578125 0.07278241091736164 0.0478515625
0 0.25815011372251706 0.660400390625 0.07808946171341925 0.02978515625
0 0.25928733889310085 0.691650390625 0.07354056103108415 0.03125
0 0.18119787717968158 0.751708984375 0.058377558756633814 0.03662109375
0 0.18233510235026534 0.800537109375 0.07050796057619409 0.03369140625
0 0.26004548900682334 0.758056640625 0.0712661106899166 0.0390625
0 0.34495830174374525 0.756591796875 0.07733131159969674 0.03564453125
0 0.4249431387414708 0.7685546875 0.07278241091736164 0.037109375
0 0.41925701288855194 0.80859375 0.0841546626231994 0.04541015625
0 0.18423047763457165 0.893310546875 0.07202426080363912 0.04150390625
0 0.2721758908263836 0.894287109375 0.07278241091736164 0.03271484375
0 0.344579226686884 0.880126953125 0.0667172100075815 0.0380859375
0 0.432524639878696 0.909912109375 0.08339651250947688 0.0380859375
0 0.42532221379833207 0.701171875 0.06520090978013647 0.03564453125
0 0.4245640636846095 0.6357421875 0.0667172100075815 0.0380859375
0 0.4245640636846095 0.60595703125 0.0667172100075815 0.02490234375
0 0.3411675511751327 0.612548828125 0.07657316148597422 0.033203125
0 0.344579226686884 0.651123046875 0.0758150113722517 0.03857421875
0 0.344579226686884 0.509033203125 0.08491281273692192 0.0341796875
0 0.3453373768006065 0.480224609375 0.07657316148597422 0.021484375
0 0.4279757391963609 0.511474609375 0.07278241091736164 0.04052734375
0 0.25815011372251706 0.520751953125 0.07202426080363912 0.03564453125
0 0.25473843821076575 0.476318359375 0.07278241091736164 0.037109375
0 0.26459438968915844 0.439208984375 0.08339651250947688 0.037109375
0 0.5037907505686126 0.71533203125 0.06823351023502654 0.03662109375
0 0.5072024260803639 0.64599609375 0.06595905989385899 0.0322265625
0 0.5079605761940864 0.61083984375 0.07884761182714177 0.03564453125
0 0.5917361637604246 0.59814453125 0.06823351023502654 0.02734375
0 0.6645185746777862 0.60205078125 0.06899166034874905 0.044921875
0 0.7482941622441244 0.616455078125 0.06444275966641395 0.0400390625
0 0.7437452615617892 0.575927734375 0.0621683093252464 0.04052734375
0 0.7509476876421531 0.5146484375 0.06823351023502654 0.0400390625
0 0.5924943138741471 0.76025390625 0.08491281273692192 0.04150390625
0 0.5932524639878696 0.7958984375 0.07354056103108415 0.02587890625
0 0.5090978013646702 0.7978515625 0.06520090978013647 0.01904296875
0 0.5136467020470054 0.82861328125 0.06974981046247157 0.0390625
0 0.6751326762699015 0.875 0.06595905989385899 0.033203125
0 0.675890826383624 0.91064453125 0.07733131159969674 0.03076171875
0 0.7539802880970432 0.906494140625 0.0576194086429113 0.03515625
0 0.7585291887793784 0.82421875 0.05989385898407885 0.03759765625
0 0.6739954510993177 0.84033203125 0.06899166034874905 0.0361328125
0 0.6732373009855952 0.8056640625 0.07278241091736164 0.03125
0 0.8320697498104624 0.825439453125 0.07050796057619409 0.0400390625
0 0.83434420015163 0.788330078125 0.0712661106899166 0.03173828125
0 0.9150871872630781 0.806396484375 0.07429871114480667 0.04296875
0 0.9154662623199393 0.710693359375 0.0758150113722517 0.0390625
0 0.6743745261561789 0.73828125 0.06444275966641395 0.0322265625
0 0.6781652767247915 0.76904296875 0.08188021228203184 0.0361328125
0 0.6702047005307051 0.6708984375 0.07354056103108415 0.04638671875
0 0.9162244124336618 0.566650390625 0.06899166034874905 0.044921875
0 0.9109173616376043 0.625244140625 0.07429871114480667 0.03173828125
0 0.9131918119787718 0.656005859375 0.06823351023502654 0.02734375
0 0.9097801364670205 0.470947265625 0.06520090978013647 0.02978515625
0 0.8305534495830175 0.518798828125 0.06520090978013647 0.029296875
0 0.8324488248673237 0.551025390625 0.05989385898407885 0.03271484375
1 0.8521607278241091 0.2158203125 0.03790750568612585 0.0244140625
1 0.8529188779378317 0.23974609375 0.02577710386656558 0.0205078125
1 0.766868840030326 0.17529296875 0.016679302501895376 0.03759765625
1 0.6827141774071266 0.177978515625 0.022744503411675512 0.015625
1 0.6019711902956786 0.169189453125 0.016679302501895376 0.01220703125
1 0.6080363912054587 0.196044921875 0.027293404094010616 0.02197265625
1 0.609931766489765 0.227783203125 0.016679302501895376 0.03759765625
1 0.6122062168309326 0.261474609375 0.022744503411675512 0.0283203125
1 0.609931766489765 0.289306640625 0.018953752843062926 0.013671875
1 0.689158453373768 0.330810546875 0.029567854435178165 0.029296875
1 0.7672479150871873 0.3330078125 0.025018953752843062 0.037109375
1 0.6868840030326004 0.362060546875 0.021986353297952996 0.02880859375
1 0.9283548142532221 0.404296875 0.021986353297952996 0.02587890625
1 0.931008339651251 0.46337890625 0.018953752843062926 0.0283203125
1 0.8578468536770281 0.51708984375 0.021986353297952996 0.0224609375
1 0.7691432903714935 0.51123046875 0.028051554207733132 0.033203125
1 0.9397270659590599 0.56640625 0.024260803639120546 0.0439453125
1 0.8544351781652767 0.55419921875 0.022744503411675512 0.0361328125
1 0.7664897649734648 0.57666015625 0.01819560272934041 0.03515625
1 0.7695223654283548 0.61572265625 0.02577710386656558 0.03955078125
1 0.9382107657316149 0.6240234375 0.022744503411675512 0.0302734375
1 0.5242608036391205 0.232666015625 0.022744503411675512 0.02685546875
1 0.5261561789234268 0.271728515625 0.02047005307050796 0.0302734375
1 0.5326004548900682 0.3388671875 0.026535253980288095 0.04052734375
1 0.27558756633813497 0.29052734375 0.02047005307050796 0.01904296875
1 0.3707354056103108 0.3671875 0.03335860500379075 0.0263671875
1 0.27975739196360877 0.388671875 0.02122820318423048 0.041015625
1 0.2001516300227445 0.3857421875 0.01819560272934041 0.0224609375
1 0.20280515542077332 0.3544921875 0.024260803639120546 0.03955078125
1 0.1224412433661865 0.370361328125 0.024260803639120546 0.0380859375
1 0.19939347990902198 0.31103515625 0.02047005307050796 0.02734375
1 0.1243366186504928 0.243896484375 0.02122820318423048 0.0400390625
1 0.27103866565579987 0.205078125 0.028051554207733132 0.03369140625
1 0.3612585291887794 0.177734375 0.019711902956785442 0.0361328125
1 0.4461713419257013 0.1767578125 0.01819560272934041 0.03857421875
1 0.5288097043214557 0.398193359375 0.026535253980288095 0.033203125
1 0.5295678544351782 0.428955078125 0.01592115238817286 0.02001953125
1 0.5310841546626232 0.460693359375 0.021986353297952996 0.03173828125
1 0.6118271417740713 0.440673828125 0.0310841546626232 0.0224609375
1 0.6129643669446551 0.408447265625 0.02577710386656558 0.04150390625
1 0.690674753601213 0.418212890625 0.024260803639120546 0.03369140625
1 0.6914329037149356 0.605224609375 0.028051554207733132 0.03662109375
1 0.6122062168309326 0.597412109375 0.029567854435178165 0.025390625
1 0.5360121304018196 0.61083984375 0.029567854435178165 0.03369140625
1 0.4469294920394238 0.601318359375 0.015163002274450341 0.01513671875
1 0.44920394238059136 0.62841796875 0.014404852160727824 0.02685546875
1 0.5299469294920395 0.643310546875 0.02350265352539803 0.02490234375
1 0.5280515542077331 0.709228515625 0.018953752843062926 0.02685546875
1 0.6182714177407127 0.759033203125 0.03335860500379075 0.0419921875
1 0.700909780136467 0.767333984375 0.034874905231235785 0.033203125
1 0.6963608794541319 0.736083984375 0.019711902956785442 0.03173828125
1 0.6963608794541319 0.677490234375 0.021986353297952996 0.0361328125
1 0.8570887035633056 0.7880859375 0.026535253980288095 0.0322265625
1 0.9401061410159212 0.8017578125 0.02577710386656558 0.0224609375
1 0.856330553449583 0.8251953125 0.029567854435178165 0.0380859375
1 0.7729340409401061 0.82373046875 0.02880970432145565 0.03662109375
1 0.6159969673995451 0.794677734375 0.03335860500379075 0.0244140625
1 0.7005307050796058 0.802978515625 0.02047005307050796 0.025390625
1 0.6997725549658832 0.837158203125 0.02350265352539803 0.0361328125
1 0.7001516300227445 0.874267578125 0.021986353297952996 0.0302734375
1 0.7744503411675512 0.90283203125 0.02350265352539803 0.029296875
1 0.7024260803639121 0.909912109375 0.028051554207733132 0.02490234375
1 0.45830174374526156 0.90869140625 0.02577710386656558 0.0283203125
1 0.36884003032600454 0.8828125 0.022744503411675512 0.03271484375
1 0.4488248673237301 0.803955078125 0.026535253980288095 0.02734375
1 0.5348749052312358 0.798095703125 0.018953752843062926 0.021484375
1 0.5367702805155421 0.836181640625 0.021986353297952996 0.02978515625
1 0.4522365428354814 0.76806640625 0.024260803639120546 0.02490234375
1 0.36997725549658833 0.75390625 0.02122820318423048 0.0302734375
1 0.287338893100834 0.75927734375 0.024260803639120546 0.03369140625
1 0.2001516300227445 0.75732421875 0.02122820318423048 0.029296875
1 0.20432145564821835 0.7998046875 0.01819560272934041 0.03515625
1 0.21152388172858225 0.89599609375 0.019711902956785442 0.04052734375
1 0.2934040940106141 0.890625 0.028051554207733132 0.02783203125
1 0.12547384382107657 0.678466796875 0.03184230477634572 0.0361328125
1 0.1197877179681577 0.6396484375 0.02047005307050796 0.03369140625
1 0.20962850644427597 0.623779296875 0.03411675511751327 0.02880859375
1 0.28278999241849884 0.66552734375 0.0310841546626232 0.02294921875
1 0.28316906747536014 0.6884765625 0.025018953752843062 0.01806640625
1 0.36770280515542075 0.64404296875 0.02577710386656558 0.0263671875
1 0.36770280515542075 0.6123046875 0.028051554207733132 0.03076171875
1 0.4473085670962851 0.697509765625 0.02047005307050796 0.0341796875
1 0.2012888551933283 0.56884765625 0.02350265352539803 0.03662109375
1 0.19711902956785443 0.52880859375 0.022744503411675512 0.03125
1 0.19939347990902198 0.4970703125 0.03335860500379075 0.029296875
1 0.2824109173616376 0.52099609375 0.026535253980288095 0.033203125
1 0.3692191053828658 0.50439453125 0.0310841546626232 0.02197265625
1 0.36429112964366944 0.48095703125 0.03335860500379075 0.02197265625
1 0.4461713419257013 0.51416015625 0.03411675511751327 0.03759765625
1 0.28203184230477635 0.47705078125 0.025018953752843062 0.04150390625
1 0.2880970432145565 0.44091796875 0.03335860500379075 0.0283203125
1 0.9378316906747536 0.65869140625 0.016679302501895376 0.0302734375
1 0.9420015163002274 0.70947265625 0.01819560272934041 0.0322265625