0 0.8075380914194066 0.607177734375 0.06976744186046512 0.0302734375
0 0.8067361668003208 0.639892578125 0.07056936647955092 0.03173828125
0 0.7305533279871692 0.67236328125 0.060144346431435444 0.02783203125
0 0.7257417802726543 0.83349609375 0.06976744186046512 0.03076171875
0 0.7249398556535686 0.86474609375 0.06976744186046512 0.0263671875
0 0.5725741780272654 0.670654296875 0.0681635926222935 0.03173828125
0 0.49438652766639934 0.73388671875 0.06896551724137931 0.02978515625
0 0.49759422614274257 0.70361328125 0.0681635926222935 0.03076171875
0 0.11106655974338413 0.789794921875 0.0673616680032077 0.0390625
0 0.11026463512429832 0.760009765625 0.0673616680032077 0.0283203125
0 0.11708099438652766 0.635498046875 0.08981555733761026 0.03173828125
0 0.11427425821972735 0.602294921875 0.07858861267040898 0.03369140625
0 0.28027265437048915 0.3408203125 0.06896551724137931 0.04150390625
0 0.2806736166800321 0.30908203125 0.061748195669607056 0.01953125
1 0.8275862068965517 0.6083984375 0.019246190858059342 0.02587890625
1 0.8291900561347233 0.6357421875 0.023255813953488372 0.01953125
1 0.7489975942261428 0.671142578125 0.022453889334402566 0.0244140625
1 0.595028067361668 0.6689453125 0.023255813953488372 0.03125
1 0.5140336808340016 0.701904296875 0.022453889334402566 0.02294921875
1 0.5148356054530874 0.729248046875 0.02165196471531676 0.0166015625
1 0.7489975942261428 0.832275390625 0.024859663191659984 0.01806640625
1 0.7417802726543705 0.861572265625 0.020850040096230954 0.01708984375
1 0.13311948676824378 0.75537109375 0.022453889334402566 0.01611328125
1 0.12870890136327184 0.78564453125 0.023255813953488372 0.02783203125
1 0.14314354450681635 0.627685546875 0.030473135525260625 0.0166015625
1 0.13993584603047313 0.60205078125 0.02165196471531676 0.0322265625
1 0.2991178829190056 0.335693359375 0.026463512429831595 0.029296875
1 0.3019246190858059 0.311279296875 0.020850040096230954 0.0146484375