0 0.415771484375 0.2357971899816738 0.03369140625 0.028711056811240074
0 0.415771484375 0.2675626145387905 0.0380859375 0.03176542455711668
0 0.41748046875 0.2950519242516799 0.04052734375 0.022602321319486866
0 0.4169921875 0.3176542455711668 0.04150390625 0.020769700671960906
0 0.416748046875 0.337202199144777 0.0419921875 0.023824068417837508
0 0.41650390625 0.36163714111178985 0.037109375 0.023824068417837508
0 0.41796875 0.38729383017715335 0.0380859375 0.02687843616371411
0 0.6015625 0.3674404398289554 0.04150390625 0.02565668906536347
0 0.604736328125 0.34300549786194257 0.03857421875 0.02626756261453879
0 0.605712890625 0.3112400733048259 0.0419921875 0.0354306658521686
0 0.604736328125 0.27825290164935856 0.0400390625 0.028100183262064753
0 0.603515625 0.24893097128894318 0.0439453125 0.03176542455711668
1 0.427978515625 0.23549175320708612 0.01025390625 0.02748930971288943
1 0.426513671875 0.26908979841172875 0.01025390625 0.029321930360415395
1 0.42919921875 0.2953573610262676 0.01416015625 0.020769700671960906
1 0.430419921875 0.3149053145998778 0.01220703125 0.012217470983506415
1 0.428466796875 0.3368967623701894 0.0126953125 0.023824068417837508
1 0.4287109375 0.3613317043372022 0.0126953125 0.019547953573610263
1 0.427978515625 0.3851557727550397 0.01220703125 0.0177153329260843
1 0.615478515625 0.24434941967012827 0.0126953125 0.0177153329260843
1 0.615478515625 0.27855833842394623 0.01025390625 0.01710445937690898
1 0.616943359375 0.31154551007941356 0.01416015625 0.03176542455711668
1 0.615966796875 0.3427000610873549 0.01025390625 0.021380574221136223
1 0.61572265625 0.36408063530849116 0.00830078125 0.015271838729383017