0 0.23614274867122248 0.181640625 0.05011389521640091 0.02978515625
0 0.23386484434320426 0.208984375 0.058466211085801065 0.0234375
0 0.23766135155656795 0.23876953125 0.06605922551252848 0.03662109375
0 0.3097949886104784 0.21240234375 0.07441154138192863 0.0361328125
0 0.3067577828397874 0.18505859375 0.06378132118451026 0.01904296875
0 0.3052391799544419 0.1640625 0.06681852695520121 0.03076171875
1 0.3211845102505695 0.16552734375 0.02050113895216401 0.02880859375
1 0.255125284738041 0.18212890625 0.017463933181473046 0.02734375
1 0.32422171602126043 0.18701171875 0.02733485193621868 0.00927734375
1 0.3287775246772969 0.203125 0.03189066059225513 0.0263671875
1 0.25816249050873197 0.23486328125 0.029612756264236904 0.0244140625
1 0.25588458618071375 0.20849609375 0.016704631738800303 0.0224609375