0 0.858678955453149 0.61865234375 0.09062980030721966 0.0380859375
0 0.8609831029185868 0.57080078125 0.09216589861751152 0.05078125
0 0.8517665130568356 0.3330078125 0.07142857142857142 0.052734375
0 0.8556067588325653 0.26171875 0.07450076804915515 0.05517578125
0 0.7526881720430108 0.2060546875 0.12211981566820276 0.05029296875
0 0.6689708141321045 0.1591796875 0.08755760368663594 0.03955078125
0 0.5629800307219662 0.1640625 0.09216589861751152 0.03857421875
0 0.554531490015361 0.20654296875 0.11597542242703533 0.0458984375
0 0.45622119815668205 0.16259765625 0.09600614439324116 0.044921875
0 0.3548387096774194 0.17041015625 0.09831029185867896 0.0634765625
0 0.36098310291858676 0.23876953125 0.09984639016897082 0.06298828125
0 0.2534562211981567 0.22509765625 0.10215053763440861 0.07177734375
0 0.3548387096774194 0.4267578125 0.11904761904761904 0.0517578125
0 0.25268817204301075 0.49169921875 0.09600614439324116 0.04150390625
0 0.3533026113671275 0.49365234375 0.09523809523809523 0.04296875
0 0.2534562211981567 0.54931640625 0.09370199692780339 0.07275390625
0 0.35714285714285715 0.5498046875 0.09523809523809523 0.07080078125
0 0.4577572964669739 0.48974609375 0.10599078341013825 0.04931640625
0 0.46697388632872505 0.54736328125 0.09523809523809523 0.05908203125
0 0.4608294930875576 0.65771484375 0.11597542242703533 0.05322265625
0 0.46697388632872505 0.71533203125 0.1098310291858679 0.05859375
0 0.4646697388632873 0.7939453125 0.10215053763440861 0.0341796875
0 0.46774193548387094 0.8251953125 0.09907834101382489 0.0439453125
0 0.46543778801843316 0.86669921875 0.0913978494623656 0.0380859375
0 0.5683563748079877 0.88916015625 0.09754224270353302 0.0498046875
0 0.5737327188940092 0.93310546875 0.11059907834101383 0.03857421875
0 0.6597542242703534 0.78759765625 0.09984639016897082 0.05908203125
0 0.6658986175115207 0.697265625 0.10445468509984639 0.0390625
0 0.6682027649769585 0.65185546875 0.09523809523809523 0.03857421875
0 0.7680491551459293 0.640625 0.09062980030721966 0.05126953125
0 0.5583717357910907 0.42919921875 0.09216589861751152 0.0556640625
0 0.5614439324116743 0.31396484375 0.09754224270353302 0.07275390625
1 0.8755760368663594 0.2578125 0.026881720430107527 0.04296875
1 0.8763440860215054 0.32568359375 0.018433179723502304 0.025390625
1 0.5890937019969278 0.3125 0.03609831029185868 0.0703125
1 0.5944700460829493 0.20703125 0.0314900153609831 0.0380859375
1 0.5906298003072197 0.1650390625 0.027649769585253458 0.041015625
1 0.7019969278033794 0.158203125 0.020737327188940093 0.0341796875
1 0.7895545314900153 0.2099609375 0.02534562211981567 0.033203125
1 0.48847926267281105 0.1611328125 0.028417818740399385 0.0361328125
1 0.38556067588325654 0.173828125 0.03456221198156682 0.04931640625
1 0.3870967741935484 0.2333984375 0.028417818740399385 0.0478515625
1 0.28648233486943164 0.22412109375 0.03763440860215054 0.0703125
1 0.3932411674347158 0.427734375 0.0314900153609831 0.04150390625
1 0.4976958525345622 0.49267578125 0.019201228878648235 0.04052734375
1 0.38940092165898615 0.48828125 0.028417818740399385 0.03076171875
1 0.2857142857142857 0.49169921875 0.03917050691244239 0.04052734375
1 0.2857142857142857 0.5439453125 0.03302611367127496 0.05859375
1 0.39477726574500765 0.53759765625 0.029953917050691243 0.046875
1 0.4976958525345622 0.5380859375 0.026113671274961597 0.03515625
1 0.5 0.6611328125 0.03840245775729647 0.0517578125
1 0.695852534562212 0.65576171875 0.03225806451612903 0.021484375
1 0.8010752688172043 0.64013671875 0.029953917050691243 0.04296875
1 0.8886328725038403 0.5751953125 0.028417818740399385 0.04150390625
1 0.890937019969278 0.6171875 0.028417818740399385 0.0341796875
1 0.7012288786482335 0.697265625 0.027649769585253458 0.03515625
1 0.5069124423963134 0.701171875 0.027649769585253458 0.0234375
1 0.6989247311827957 0.77783203125 0.019969278033794162 0.0234375
1 0.4976958525345622 0.794921875 0.026113671274961597 0.02978515625
1 0.49615975422427033 0.82666015625 0.018433179723502304 0.03271484375
1 0.49846390168970817 0.8662109375 0.030721966205837174 0.03369140625
1 0.6021505376344086 0.89013671875 0.02534562211981567 0.04296875
1 0.6036866359447005 0.93115234375 0.02457757296466974 0.03076171875
1 0.5898617511520737 0.43115234375 0.030721966205837174 0.048828125