0 0.8271484375 0.2242848447961047 0.02197265625 0.02130249543517955
0 0.825927734375 0.24680462568472306 0.0185546875 0.019476567255021303
0 0.825927734375 0.26871576384662205 0.02001953125 0.024345709068776627
0 0.8076171875 0.2915398660986001 0.01806640625 0.02130249543517955
0 0.807373046875 0.3140596469872185 0.02197265625 0.021911138161898967
0 0.7740026313476562 0.23573172306755935 0.7752949619140626 0.2432276238587949 0.7784669565429687 0.2447901953743153 0.78073173046875 0.23986094643944006 0.781937685546875 0.21076283384053562 0.7602488125 0.20952560316494218 0.7648196337890625 0.23578084418746195 0.7740026313476562 0.23573172306755935
0 0.7829521533203125 0.25235556603773585 0.7816493686523438 0.24560621606816796 0.7750745107421875 0.24471638344491786 0.7731835161132813 0.23720745709068777 0.762262357421875 0.236819391965916 0.7622621069335938 0.2616135149117468 0.7777576953125 0.2669291886792453 0.7829521533203125 0.25235556603773585
0 0.282519474609375 0.2365557175897748 0.28272064453125 0.2465609111381619 0.2895498056640625 0.24628391905051733 0.291212333984375 0.2250417888009738 0.2875786953125 0.2164514102251978 0.2715030830078125 0.21522907851491174 0.270578859375 0.23629591661594646 0.282519474609375 0.2365557175897748
0 0.2920519150390625 0.2503812440657334 0.29126453564453125 0.24568287827145466 0.282900150390625 0.24592646743761412 0.28114886328125 0.23695146561168595 0.26993765673828124 0.23561662629336577 0.2693863701171875 0.2605272391965916 0.287461919921875 0.2613461016433353 0.2920519150390625 0.2503812440657334
1 0.83203125 0.22398052343274497 0.0078125 0.01704199634814364
1 0.831298828125 0.24345709068776628 0.00537109375 0.010346926354230066
1 0.8310546875 0.2678027997565429 0.0068359375 0.018867924528301886
1 0.8125 0.2915398660986001 0.0068359375 0.020693852708460133
1 0.812744140625 0.31101643335362145 0.00634765625 0.014607425441265977
1 0.779052734375 0.25015216068167984 0.0068359375 0.00852099817407182
1 0.77783203125 0.2282410225197809 0.00634765625 0.02982349360925137
1 0.286865234375 0.23158855751673768 0.0068359375 0.024345709068776627
1 0.28759765625 0.2516737674984784 0.00830078125 0.00852099817407182