0 0.236328125 0.22857142857142856 0.0302734375 0.0243161094224924
0 0.236328125 0.25349544072948327 0.02978515625 0.026139817629179333
0 0.39208984375 0.2559270516717325 0.02197265625 0.01884498480243161
0 0.39306640625 0.2772036474164134 0.0244140625 0.026139817629179333
0 0.4169921875 0.2486322188449848 0.02734375 0.0243161094224924
0 0.41650390625 0.22249240121580546 0.02685546875 0.02066869300911854
0 0.42041015625 0.48632218844984804 0.0263671875 0.02006079027355623
0 0.3984375 0.48814589665653496 0.01953125 0.0243161094224924
0 0.376953125 0.48632218844984804 0.021484375 0.02127659574468085
0 0.3525390625 0.4869300911854103 0.0244140625 0.026747720364741642
0 0.078125 0.45592705167173253 0.03173828125 0.026747720364741642
0 0.07958984375 0.48145896656534953 0.0244140625 0.02006079027355623
0 0.07958984375 0.5082066869300912 0.03125 0.026139817629179333
0 0.1015625 0.7246200607902735 0.02880859375 0.023100303951367782
0 0.09033203125 0.756838905775076 0.03271484375 0.02735562310030395
0 0.07666015625 0.7835866261398177 0.03076171875 0.02735562310030395
0 0.9365234375 0.7683890577507598 0.0283203125 0.02735562310030395
0 0.888671875 0.7306990881458967 0.0224609375 0.04012158054711246
0 0.91064453125 0.723404255319149 0.02001953125 0.02492401215805471
0 0.91162109375 0.7452887537993921 0.01953125 0.01641337386018237
0 0.93408203125 0.7203647416413373 0.02587890625 0.02006079027355623
0 0.9365234375 0.7422492401215806 0.029296875 0.02370820668693009
0 0.845703125 0.6407294832826748 0.029296875 0.029787234042553193
0 0.82177734375 0.6364741641337386 0.017578125 0.02735562310030395
0 0.80078125 0.6346504559270517 0.02587890625 0.02370820668693009
0 0.6904296875 0.4905775075987842 0.02734375 0.019452887537993922
0 0.69140625 0.511854103343465 0.02685546875 0.02006079027355623
0 0.69287109375 0.5349544072948328 0.03076171875 0.0243161094224924
0 0.66064453125 0.5337386018237082 0.0263671875 0.02188449848024316
0 0.66162109375 0.5142857142857142 0.02783203125 0.0182370820668693
0 0.66064453125 0.4930091185410334 0.02587890625 0.02188449848024316
0 0.69970703125 0.22735562310030394 0.02783203125 0.02006079027355623
0 0.70068359375 0.251063829787234 0.0263671875 0.02857142857142857
0 0.67578125 0.2668693009118541 0.02392578125 0.022492401215805473
0 0.6787109375 0.2924012158054711 0.025390625 0.026139817629179333
0 0.6552734375 0.2844984802431611 0.021484375 0.02006079027355623
0 0.6552734375 0.30942249240121583 0.02734375 0.02917933130699088
1 0.2451171875 0.22735562310030394 0.00830078125 0.019452887537993922
1 0.24560546875 0.25349544072948327 0.0087890625 0.02127659574468085
1 0.39892578125 0.2571428571428571 0.00732421875 0.00911854103343465
1 0.400390625 0.27598784194528875 0.0087890625 0.02127659574468085
1 0.42578125 0.24316109422492402 0.00830078125 0.011550151975683891
1 0.4248046875 0.22066869300911854 0.0078125 0.01398176291793313
1 0.36181640625 0.48814589665653496 0.00732421875 0.01458966565349544
1 0.3837890625 0.4851063829787234 0.009765625 0.01398176291793313
1 0.40283203125 0.4857142857142857 0.0068359375 0.01398176291793313
1 0.4248046875 0.48753799392097263 0.009765625 0.01398176291793313
1 0.087890625 0.4553191489361702 0.0078125 0.015197568389057751
1 0.0888671875 0.47720364741641336 0.0068359375 0.009726443768996961
1 0.0888671875 0.5015197568389058 0.00732421875 0.0121580547112462
1 0.1103515625 0.723404255319149 0.005859375 0.01641337386018237
1 0.10107421875 0.7580547112462006 0.0107421875 0.02188449848024316
1 0.0849609375 0.7854103343465045 0.01171875 0.02370820668693009
1 0.9443359375 0.7677811550151976 0.01025390625 0.023100303951367782
1 0.9443359375 0.7416413373860182 0.009765625 0.02066869300911854
1 0.94287109375 0.7191489361702128 0.00634765625 0.015197568389057751
1 0.91748046875 0.7221884498480243 0.00732421875 0.022492401215805473
1 0.91748046875 0.7458966565349544 0.00634765625 0.01398176291793313
1 0.89599609375 0.7319148936170212 0.00830078125 0.038905775075987845
1 0.853515625 0.6395136778115501 0.0078125 0.02735562310030395
1 0.82666015625 0.6340425531914894 0.0087890625 0.022492401215805473
1 0.80908203125 0.6352583586626139 0.0087890625 0.022492401215805473
1 0.69921875 0.4887537993920973 0.00732421875 0.01641337386018237
1 0.69970703125 0.5094224924012158 0.009765625 0.01702127659574468
1 0.70068359375 0.5325227963525836 0.01025390625 0.01702127659574468
1 0.669921875 0.5337386018237082 0.00830078125 0.01762917933130699
1 0.66796875 0.513677811550152 0.01025390625 0.01702127659574468
1 0.66796875 0.49361702127659574 0.0087890625 0.023100303951367782
1 0.685546875 0.2917933130699088 0.0087890625 0.02735562310030395
1 0.6640625 0.31063829787234043 0.00830078125 0.02066869300911854
1 0.662109375 0.286322188449848 0.0068359375 0.01641337386018237
1 0.68505859375 0.2668693009118541 0.00732421875 0.02188449848024316
1 0.70947265625 0.24437689969604864 0.00927734375 0.011550151975683891
1 0.7099609375 0.2237082066869301 0.00927734375 0.01094224924012158