0 0.255615234375 0.23725254949010197 0.02978515625 0.028794241151769647
0 0.28662109375 0.23425314937012598 0.02783203125 0.026994601079784044
0 0.314453125 0.23125374925014996 0.0283203125 0.026394721055788842
0 0.31640625 0.2600479904019196 0.02685546875 0.03179364127174565
0 0.28857421875 0.26124775044991 0.02978515625 0.029994001199760048
0 0.25830078125 0.26124775044991 0.03271484375 0.020995800839832032
1 0.263916015625 0.23725254949010197 0.01220703125 0.02579484103179364
1 0.265625 0.2600479904019196 0.01416015625 0.01739652069586083
1 0.296875 0.26094781043791243 0.01025390625 0.026994601079784044
1 0.2939453125 0.23485302939412117 0.01025390625 0.022795440911817635
1 0.3232421875 0.23155368926214756 0.00830078125 0.022195560887822437
1 0.32421875 0.2531493701259748 0.009765625 0.017996400719856028