0 0.8808411214953271 0.37890625 0.0778816199376947 0.04541015625
0 0.8792834890965732 0.42236328125 0.08099688473520249 0.03515625
0 0.9248151985981308 0.486613779296875 0.9226509267912772 0.4429021918945312 0.8366365919003115 0.44269680908203124 0.8460338372274142 0.47548226318359377 0.8897531409657321 0.473853259765625 0.9001418987538942 0.48308426318359377 0.9248151985981308 0.486613779296875
0 0.9274123886292834 0.5126778364257812 0.9274123886292834 0.49095779736328127 0.8958132757009346 0.48471326708984375 0.8836930848909657 0.4768397578125 0.8424811433021806 0.47689656298828126 0.8456009190031153 0.506161822265625 0.8936489252336449 0.5077908256835938 0.9087992235202492 0.515121341796875 0.9274123886292834 0.5126778364257812
0 0.9265467110591901 0.51593584375 0.9049034392523364 0.5129493452148437 0.8845587616822429 0.5077908256835938 0.8457281152647975 0.5086534765625 0.8473324314641745 0.5390134028320313 0.9261137936137072 0.5357553955078125 0.9265467110591901 0.51593584375
0 0.8992762219626169 0.6253505922851562 0.9274123886292834 0.6258936098632812 0.9261137936137072 0.6066170512695312 0.8486310264797507 0.606074033203125 0.8486310264797507 0.6340386279296875 0.8932160864485982 0.6334956098632812 0.8992762219626169 0.6253505922851562
0 0.8477652702492211 0.6340386279296875 0.8481981090342678 0.6671616674804688 0.9262530358255452 0.666216626953125 0.9243823605919003 0.628337115234375 0.9023062492211839 0.626979595703125 0.8910517352024921 0.634581595703125 0.8477652702492211 0.6340386279296875
0 0.7889408099688473 0.37841796875 0.07866043613707165 0.0419921875
0 0.7873831775700935 0.41650390625 0.07866043613707165 0.03564453125
0 0.7904984423676013 0.45654296875 0.0794392523364486 0.0400390625
0 0.7912772585669782 0.4912109375 0.0794392523364486 0.029296875
0 0.7912772585669782 0.525390625 0.07320872274143302 0.0322265625
0 0.7920560747663551 0.56201171875 0.07710280373831775 0.03662109375
0 0.7967289719626168 0.60693359375 0.08489096573208722 0.0478515625
0 0.7912772585669782 0.64697265625 0.08099688473520249 0.03759765625
0 0.7032710280373832 0.3798828125 0.08333333333333333 0.03955078125
0 0.6985981308411215 0.42236328125 0.08255451713395638 0.0380859375
0 0.7001557632398754 0.462890625 0.08333333333333333 0.03564453125
0 0.7017133956386293 0.49560546875 0.08489096573208722 0.02880859375
0 0.7048286604361371 0.53173828125 0.08411214953271028 0.04150390625
0 0.7024922118380063 0.56884765625 0.08489096573208722 0.03271484375
0 0.7040498442367601 0.60498046875 0.08566978193146417 0.03955078125
0 0.7032710280373832 0.64404296875 0.0794392523364486 0.0380859375
0 0.6090342679127726 0.37841796875 0.08021806853582554 0.0439453125
0 0.6105919003115264 0.4208984375 0.0794392523364486 0.03955078125
0 0.6113707165109035 0.45947265625 0.07710280373831775 0.03271484375
0 0.6137071651090342 0.5 0.0794392523364486 0.0380859375
0 0.6113707165109035 0.533203125 0.08644859813084112 0.02587890625
0 0.6129283489096573 0.5703125 0.0778816199376947 0.041015625
0 0.6160436137071651 0.60791015625 0.0763239875389408 0.03076171875
0 0.617601246105919 0.63916015625 0.08099688473520249 0.029296875
0 0.5233644859813084 0.380859375 0.08099688473520249 0.04443359375
0 0.5218068535825545 0.42529296875 0.08644859813084112 0.03369140625
0 0.5233644859813084 0.46435546875 0.09034267912772585 0.03759765625
0 0.5233644859813084 0.51025390625 0.07710280373831775 0.0517578125
0 0.5210280373831776 0.54833984375 0.08177570093457943 0.0322265625
0 0.5233644859813084 0.58447265625 0.07710280373831775 0.04052734375
0 0.5241433021806854 0.6220703125 0.07476635514018691 0.0341796875
0 0.5257009345794392 0.65087890625 0.08099688473520249 0.02685546875
0 0.42834890965732086 0.3798828125 0.0763239875389408 0.0458984375
0 0.42834890965732086 0.42236328125 0.07476635514018691 0.03564453125
0 0.42912772585669784 0.462890625 0.07554517133956386 0.0322265625
0 0.43302180685358255 0.4990234375 0.06931464174454828 0.03759765625
0 0.43302180685358255 0.53369140625 0.07242990654205607 0.03857421875
0 0.4353582554517134 0.57568359375 0.06931464174454828 0.0400390625
0 0.42990654205607476 0.6142578125 0.0778816199376947 0.0341796875
0 0.4353582554517134 0.64892578125 0.08021806853582554 0.033203125
0 0.34034267912772587 0.38330078125 0.07866043613707165 0.0400390625
0 0.3411214953271028 0.4228515625 0.08333333333333333 0.0361328125
0 0.3411214953271028 0.46240234375 0.08021806853582554 0.03369140625
0 0.34657320872274144 0.49951171875 0.08644859813084112 0.03759765625
0 0.3442367601246106 0.5419921875 0.07710280373831775 0.04345703125
0 0.34345794392523366 0.58447265625 0.07009345794392523 0.03271484375
0 0.3426791277258567 0.6171875 0.0763239875389408 0.03173828125
0 0.34657320872274144 0.64990234375 0.07476635514018691 0.0322265625
0 0.8855140186915887 0.58740234375 0.07554517133956386 0.0341796875
0 0.8886292834890965 0.55419921875 0.08099688473520249 0.03369140625
1 0.9065420560747663 0.3798828125 0.024922118380062305 0.0341796875
1 0.9088785046728972 0.41357421875 0.016355140186915886 0.0146484375
1 0.9065420560747663 0.4638671875 0.022585669781931463 0.03662109375
1 0.9096573208722741 0.5 0.02102803738317757 0.02392578125
1 0.910436137071651 0.52490234375 0.021806853582554516 0.0205078125
1 0.9096573208722741 0.5537109375 0.01557632398753894 0.0341796875
1 0.9143302180685359 0.58642578125 0.024922118380062305 0.03173828125
1 0.9135514018691588 0.61474609375 0.021806853582554516 0.01318359375
1 0.9096573208722741 0.64453125 0.022585669781931463 0.03173828125
1 0.8216510903426791 0.64306640625 0.01557632398753894 0.01904296875
1 0.823208722741433 0.60693359375 0.024143302180685357 0.0478515625
1 0.8200934579439252 0.560546875 0.01791277258566978 0.0361328125
1 0.8193146417445483 0.525390625 0.017133956386292833 0.02392578125
1 0.8193146417445483 0.48876953125 0.018691588785046728 0.0234375
1 0.8193146417445483 0.458984375 0.020249221183800622 0.03515625
1 0.8169781931464174 0.4150390625 0.014018691588785047 0.03173828125
1 0.8161993769470405 0.37939453125 0.016355140186915886 0.037109375
1 0.7274143302180686 0.3798828125 0.030373831775700934 0.03662109375
1 0.7266355140186916 0.41650390625 0.021806853582554516 0.0234375
1 0.7281931464174455 0.462890625 0.021806853582554516 0.03076171875
1 0.7297507788161994 0.49462890625 0.016355140186915886 0.02734375
1 0.7344236760124611 0.5322265625 0.02336448598130841 0.037109375
1 0.7313084112149533 0.5693359375 0.022585669781931463 0.02783203125
1 0.7320872274143302 0.6044921875 0.02570093457943925 0.03466796875
1 0.7320872274143302 0.64013671875 0.020249221183800622 0.021484375
1 0.6425233644859814 0.63671875 0.0264797507788162 0.0244140625
1 0.6401869158878505 0.60791015625 0.020249221183800622 0.02880859375
1 0.6401869158878505 0.56982421875 0.020249221183800622 0.03955078125
1 0.6409657320872274 0.53271484375 0.022585669781931463 0.0224609375
1 0.6378504672897196 0.50048828125 0.022585669781931463 0.03662109375
1 0.6378504672897196 0.4609375 0.0132398753894081 0.02783203125
1 0.6394080996884736 0.41943359375 0.0132398753894081 0.03369140625
1 0.6362928348909658 0.380859375 0.01791277258566978 0.03369140625
1 0.5490654205607477 0.38134765625 0.024922118380062305 0.03662109375
1 0.5498442367601246 0.42041015625 0.02102803738317757 0.0224609375
1 0.5514018691588785 0.46435546875 0.03271028037383177 0.0361328125
1 0.5498442367601246 0.5078125 0.020249221183800622 0.04638671875
1 0.5498442367601246 0.556640625 0.02336448598130841 0.015625
1 0.5498442367601246 0.58740234375 0.021806853582554516 0.0380859375
1 0.5521806853582555 0.62548828125 0.018691588785046728 0.02587890625
1 0.5537383177570093 0.65087890625 0.01791277258566978 0.0205078125
1 0.4602803738317757 0.6484375 0.024922118380062305 0.0322265625
1 0.45560747663551404 0.61328125 0.021806853582554516 0.03173828125
1 0.45638629283489096 0.57666015625 0.018691588785046728 0.0341796875
1 0.45638629283489096 0.53369140625 0.016355140186915886 0.03759765625
1 0.45482866043613707 0.498046875 0.017133956386292833 0.02783203125
1 0.45482866043613707 0.462890625 0.01791277258566978 0.029296875
1 0.45404984423676015 0.421875 0.016355140186915886 0.0322265625
1 0.45482866043613707 0.38330078125 0.014797507788161994 0.037109375
1 0.36682242990654207 0.38232421875 0.020249221183800622 0.0380859375
1 0.367601246105919 0.421875 0.017133956386292833 0.02880859375
1 0.36838006230529596 0.4619140625 0.020249221183800622 0.03125
1 0.37383177570093457 0.4970703125 0.024143302180685357 0.03369140625
1 0.367601246105919 0.5419921875 0.02336448598130841 0.0419921875
1 0.36838006230529596 0.58447265625 0.016355140186915886 0.03173828125
1 0.36993769470404986 0.6171875 0.018691588785046728 0.0322265625
1 0.3707165109034268 0.65087890625 0.02570093457943925 0.03076171875