0 0.3955078125 0.1959858323494687 0.02685546875 0.02538370720188902
0 0.3955078125 0.22255017709563163 0.03271484375 0.025974025974025976
0 0.396484375 0.24675324675324675 0.02734375 0.02066115702479339
0 0.3984375 0.2727272727272727 0.02978515625 0.03128689492325856
0 0.39794921875 0.32408500590318773 0.02783203125 0.026564344746162927
0 0.3974609375 0.34887839433293977 0.03369140625 0.0295159386068477
0 0.35693359375 0.27744982290436837 0.02880859375 0.027744982290436836
0 0.357421875 0.2526564344746163 0.02734375 0.023612750885478158
0 0.357421875 0.22727272727272727 0.03173828125 0.027744982290436836
0 0.357421875 0.2012987012987013 0.033203125 0.0295159386068477
0 0.3173828125 0.19952774498229045 0.02734375 0.024203069657615112
0 0.31982421875 0.2526564344746163 0.02783203125 0.023022432113341203
0 0.3203125 0.2798110979929162 0.02490234375 0.025974025974025976
0 0.3257412094726562 0.32485428748524203 0.33403873046875 0.3233103317591499 0.33403873046875 0.2944898140495868 0.3062030498046875 0.29532972491145215 0.30638034033203126 0.3132746186540732 0.322337111328125 0.3132746186540732 0.3257412094726562 0.32485428748524203
0 0.28125 0.2502951593860685 0.029296875 0.02538370720188902
0 0.28076171875 0.20425029515938606 0.02587890625 0.03010625737898465
1 0.328125 0.2001180637544274 0.0087890625 0.024793388429752067
1 0.28857421875 0.20365997638724911 0.00830078125 0.03128689492325856
1 0.29052734375 0.2449822904368359 0.009765625 0.015938606847697757
1 0.328125 0.2532467532467532 0.009765625 0.02066115702479339
1 0.32763671875 0.27863046044864226 0.0068359375 0.02538370720188902
1 0.328125 0.30814639905548996 0.00732421875 0.02538370720188902
1 0.3671875 0.26977567886658793 0.00732421875 0.012987012987012988
1 0.36669921875 0.24439197166469895 0.0087890625 0.010035419126328217
1 0.3662109375 0.22491145218417946 0.01123046875 0.008264462809917356
1 0.3662109375 0.2012987012987013 0.01220703125 0.032467532467532464
1 0.40380859375 0.19008264462809918 0.00830078125 0.015938606847697757
1 0.4052734375 0.21605667060212513 0.01025390625 0.01475796930342385
1 0.40625 0.24025974025974026 0.0087890625 0.011806375442739079
1 0.40478515625 0.2709563164108619 0.0107421875 0.021841794569067298
1 0.40625 0.3170011806375443 0.00830078125 0.012987012987012988
1 0.40625 0.3447461629279811 0.00927734375 0.023022432113341203