0 0.7196491228070175 0.177978515625 0.037894736842105266 0.02392578125
0 0.6789473684210526 0.179443359375 0.03929824561403509 0.02490234375
0 0.6796491228070175 0.206298828125 0.03859649122807018 0.02294921875
0 0.6803508771929825 0.233642578125 0.037894736842105266 0.02685546875
0 0.6803508771929825 0.259521484375 0.037192982456140354 0.0244140625
0 0.724561403508772 0.266357421875 0.037894736842105266 0.0205078125
0 0.7210526315789474 0.236083984375 0.032280701754385965 0.01416015625
0 0.7235087719298245 0.249267578125 0.035789473684210524 0.013671875
0 0.7228070175438597 0.218994140625 0.037894736842105266 0.01611328125
0 0.7224561403508772 0.201904296875 0.03929824561403509 0.021484375
0 0.7624561403508772 0.177001953125 0.04631578947368421 0.02587890625
0 0.7607017543859649 0.221435546875 0.04 0.0224609375
0 0.8764912280701754 0.307861328125 0.05824561403508772 0.0234375
0 0.8768421052631579 0.339111328125 0.062456140350877196 0.04833984375
0 0.8747368421052631 0.283935546875 0.056140350877192984 0.02783203125
0 0.8768421052631579 0.260986328125 0.056140350877192984 0.021484375
0 0.8740350877192983 0.230712890625 0.056842105263157895 0.03564453125
0 0.871578947368421 0.194580078125 0.061052631578947365 0.04052734375
0 0.8694736842105263 0.156494140625 0.06736842105263158 0.03955078125
1 0.8894736842105263 0.15283203125 0.017543859649122806 0.03173828125
1 0.8926315789473684 0.1884765625 0.016140350877192983 0.02001953125
1 0.892280701754386 0.22509765625 0.014736842105263158 0.02587890625
1 0.8943859649122807 0.2568359375 0.011228070175438596 0.01318359375
1 0.8957894736842106 0.28173828125 0.014035087719298246 0.025390625
1 0.8975438596491228 0.30517578125 0.009122807017543859 0.01025390625
1 0.8982456140350877 0.33056640625 0.014035087719298246 0.03125
1 0.7336842105263158 0.263671875 0.01263157894736842 0.01708984375
1 0.6908771929824561 0.25927734375 0.015438596491228071 0.02392578125
1 0.6922807017543859 0.23291015625 0.009122807017543859 0.02197265625
1 0.7347368421052631 0.24755859375 0.011929824561403509 0.0087890625
1 0.732280701754386 0.234375 0.009824561403508772 0.01123046875
1 0.7747368421052632 0.2197265625 0.01263157894736842 0.02099609375
1 0.7315789473684211 0.203125 0.010526315789473684 0.021484375
1 0.7333333333333333 0.22021484375 0.009122807017543859 0.01123046875
1 0.7764912280701755 0.17578125 0.016842105263157894 0.0205078125
1 0.732280701754386 0.177734375 0.013333333333333334 0.0185546875
1 0.6908771929824561 0.17822265625 0.013333333333333334 0.02197265625
1 0.6922807017543859 0.2060546875 0.011228070175438596 0.02099609375