0 0.90966796875 0.2492298213185459 0.056640625 0.06715958102279729
0 0.55029296875 0.3173136167590881 0.02783203125 0.030807147258163893
0 0.627685546875 0.23074553296364755 0.0302734375 0.035736290819470114
0 0.4736328125 0.42452248921749847 0.0302734375 0.031423290203327174
0 0.57861328125 0.4670363524337646 0.0341796875 0.024029574861367836
0 0.577880859375 0.43930991990141716 0.03466796875 0.02895871842267406
1 0.482421875 0.4242144177449168 0.0107421875 0.02649414664202095
1 0.559326171875 0.31361675908810843 0.0087890625 0.021565003080714726
1 0.589111328125 0.44115834873690696 0.0087890625 0.025878003696857672
1 0.58984375 0.4645717806531115 0.0078125 0.014787430683918669
1 0.638916015625 0.22797288971041282 0.00927734375 0.024029574861367836
1 0.92724609375 0.24306839186691312 0.01416015625 0.05483672211953173