0 0.244874715261959 0.1787109375 0.05087319665907365 0.0302734375
0 0.24183750949126803 0.2060546875 0.05922551252847381 0.02392578125
0 0.244874715261959 0.23583984375 0.06681852695520121 0.03759765625
0 0.31776765375854216 0.210205078125 0.07517084282460136 0.037109375
0 0.31548974943052394 0.182861328125 0.06454062262718299 0.01953125
0 0.3143507972665148 0.161865234375 0.06757782839787396 0.03173828125
1 0.33029612756264237 0.16357421875 0.02126044039483675 0.02880859375
1 0.2638572513287775 0.179443359375 0.018223234624145785 0.02734375
1 0.3325740318906606 0.18505859375 0.02733485193621868 0.009765625
1 0.33675018982536065 0.201171875 0.032649962034927864 0.02685546875
1 0.265375854214123 0.232177734375 0.030372057706909643 0.02490234375
1 0.2638572513287775 0.205810546875 0.017463933181473046 0.0224609375