0 0.727719298245614 0.1806640625 0.037192982456140354 0.0234375
0 0.6870175438596491 0.181640625 0.03859649122807018 0.0244140625
0 0.6870175438596491 0.20849609375 0.037894736842105266 0.0224609375
0 0.6870175438596491 0.23583984375 0.037192982456140354 0.0263671875
0 0.6863157894736842 0.26171875 0.036491228070175435 0.02392578125
0 0.7305263157894737 0.26904296875 0.037192982456140354 0.02001953125
0 0.727719298245614 0.23876953125 0.032280701754385965 0.013671875
0 0.7298245614035088 0.251953125 0.035789473684210524 0.01318359375
0 0.7298245614035088 0.2216796875 0.037192982456140354 0.015625
0 0.7298245614035088 0.20458984375 0.03859649122807018 0.02099609375
0 0.7705263157894737 0.18017578125 0.0456140350877193 0.025390625
0 0.767719298245614 0.224609375 0.03929824561403509 0.02197265625
0 0.8814035087719299 0.3125 0.05754385964912281 0.02294921875
0 0.8807017543859649 0.34375 0.061052631578947365 0.04736328125
0 0.88 0.28857421875 0.05543859649122807 0.02734375
0 0.8828070175438596 0.265625 0.05543859649122807 0.02099609375
0 0.8807017543859649 0.2353515625 0.056140350877192984 0.03515625
0 0.8792982456140351 0.19921875 0.060350877192982454 0.0400390625
0 0.8778947368421053 0.1611328125 0.06666666666666667 0.03857421875
1 0.8982456140350877 0.15771484375 0.016842105263157894 0.03173828125
1 0.9003508771929825 0.193359375 0.015438596491228071 0.02001953125
1 0.8989473684210526 0.22998046875 0.014035087719298246 0.02587890625
1 0.9003508771929825 0.26171875 0.011228070175438596 0.01318359375
1 0.9010526315789473 0.28662109375 0.013333333333333334 0.025390625
1 0.9024561403508772 0.31005859375 0.009122807017543859 0.01025390625
1 0.9024561403508772 0.33544921875 0.013333333333333334 0.03125
1 0.7396491228070176 0.2666015625 0.011929824561403509 0.01708984375
1 0.6968421052631579 0.26171875 0.014736842105263158 0.02392578125
1 0.6989473684210527 0.2353515625 0.008421052631578947 0.02197265625
1 0.7410526315789474 0.25048828125 0.011929824561403509 0.0087890625
1 0.7389473684210527 0.2373046875 0.009824561403508772 0.01123046875
1 0.7817543859649123 0.22314453125 0.011929824561403509 0.02099609375
1 0.7389473684210527 0.2060546875 0.009824561403508772 0.021484375
1 0.7403508771929824 0.22314453125 0.009122807017543859 0.01123046875
1 0.7845614035087719 0.17919921875 0.016140350877192983 0.0205078125
1 0.7403508771929824 0.1806640625 0.01263157894736842 0.0185546875
1 0.6989473684210527 0.1806640625 0.01263157894736842 0.02197265625
1 0.6996491228070175 0.20849609375 0.010526315789473684 0.02099609375