0 0.7259615384615384 0.89697265625 0.07211538461538461 0.0322265625
0 0.7339743589743589 0.86279296875 0.06570512820512821 0.033203125
0 0.5777243589743589 0.76123046875 0.0641025641025641 0.03857421875
0 0.5825320512820513 0.73095703125 0.06891025641025642 0.0322265625
0 0.5809294871794872 0.6962890625 0.07772435897435898 0.03466796875
0 0.5761217948717948 0.66259765625 0.07051282051282051 0.02685546875
0 0.5777243589743589 0.5673828125 0.06810897435897435 0.03173828125
0 0.5833333333333334 0.4326171875 0.06570512820512821 0.03076171875
0 0.5841346153846154 0.400390625 0.06169871794871795 0.029296875
0 0.20512820512820512 0.33251953125 0.07211538461538461 0.0283203125
0 0.20192307692307693 0.3017578125 0.06971153846153846 0.03466796875
0 0.12419871794871795 0.3310546875 0.06810897435897435 0.021484375
0 0.1266025641025641 0.361328125 0.07371794871794872 0.03759765625
0 0.20032051282051283 0.49365234375 0.0673076923076923 0.033203125
0 0.2764423076923077 0.5947265625 0.07211538461538461 0.02783203125
0 0.27163461538461536 0.62353515625 0.07451923076923077 0.03076171875
0 0.27403846153846156 0.76025390625 0.06169871794871795 0.029296875
0 0.2676282051282051 0.79052734375 0.0625 0.03125
0 0.2724358974358974 0.85888671875 0.06810897435897435 0.03271484375
0 0.42948717948717946 0.46142578125 0.0625 0.0341796875
0 0.4270833333333333 0.4296875 0.0641025641025641 0.025390625
0 0.5104166666666666 0.5302734375 0.06971153846153846 0.03515625
0 0.5064102564102564 0.49951171875 0.07692307692307693 0.03076171875
0 0.5104166666666666 0.4658203125 0.06650641025641026 0.03271484375
1 0.7540064102564102 0.86328125 0.016826923076923076 0.02978515625
1 0.7516025641025641 0.8896484375 0.01842948717948718 0.01171875
1 0.6025641025641025 0.7548828125 0.020032051282051284 0.02587890625
1 0.6033653846153846 0.7255859375 0.028846153846153848 0.021484375
1 0.6041666666666666 0.56298828125 0.019230769230769232 0.02099609375
1 0.6025641025641025 0.66064453125 0.016025641025641024 0.02587890625
1 0.5328525641025641 0.51806640625 0.023237179487179488 0.013671875
1 0.6009615384615384 0.69482421875 0.020032051282051284 0.02734375
1 0.5288461538461539 0.49951171875 0.019230769230769232 0.02783203125
1 0.6065705128205128 0.43017578125 0.019230769230769232 0.02783203125
1 0.6057692307692307 0.39990234375 0.010416666666666666 0.02978515625
1 0.45032051282051283 0.4296875 0.023237179487179488 0.0224609375
1 0.44871794871794873 0.458984375 0.021634615384615384 0.0263671875
1 0.530448717948718 0.4658203125 0.017628205128205128 0.03076171875
1 0.2219551282051282 0.49560546875 0.019230769230769232 0.02685546875
1 0.14983974358974358 0.35986328125 0.026442307692307692 0.0341796875
1 0.2267628205128205 0.30224609375 0.02564102564102564 0.03271484375
1 0.1482371794871795 0.3291015625 0.019230769230769232 0.0205078125
1 0.22756410256410256 0.33251953125 0.03125 0.0244140625
1 0.296474358974359 0.59326171875 0.027243589743589744 0.0234375
1 0.296474358974359 0.62451171875 0.030448717948717948 0.02734375
1 0.29086538461538464 0.76123046875 0.022435897435897436 0.02490234375
1 0.2860576923076923 0.79248046875 0.020833333333333332 0.02392578125
1 0.2900641025641026 0.85888671875 0.023237179487179488 0.02783203125