0 0.637451171875 0.20457604306864063 0.03857421875 0.04374158815612382
0 0.637939453125 0.24360699865410498 0.04296875 0.03633916554508748
0 0.556640625 0.30955585464333785 0.03955078125 0.03633916554508748
0 0.55810546875 0.35262449528936746 0.03759765625 0.04845222072678331
0 0.68212890625 0.5312920592193809 0.03955078125 0.040376850605652756
0 0.6845703125 0.5689771197846568 0.0400390625 0.034320323014804845
0 0.392578125 0.3768506056527591 0.0390625 0.046433378196500674
0 0.397705078125 0.5615746971736204 0.041015625 0.0477792732166891
0 0.396240234375 0.6066621803499327 0.03564453125 0.04306864064602961
0 0.39990234375 0.6504037685060565 0.03662109375 0.04374158815612382
1 0.696533203125 0.5598923283983849 0.01171875 0.01816958277254374
1 0.69580078125 0.528263795423957 0.01123046875 0.03095558546433378
1 0.5693359375 0.3509421265141319 0.0146484375 0.047106325706594884
1 0.56884765625 0.3078734858681023 0.01220703125 0.03297442799461642
1 0.65234375 0.23788694481830416 0.0126953125 0.02288021534320323
1 0.651123046875 0.20087483176312249 0.0107421875 0.03095558546433378
1 0.405029296875 0.3677658142664872 0.01025390625 0.023553162853297442
1 0.410888671875 0.5619111709286676 0.0126953125 0.039703903095558546
1 0.41064453125 0.6069986541049798 0.00927734375 0.03566621803499327
1 0.410400390625 0.6446837146702558 0.01220703125 0.03297442799461642