0 0.8990683229813664 0.19580078125 0.06444099378881987 0.0302734375
0 0.8959627329192547 0.2626953125 0.06754658385093168 0.02880859375
0 0.8959627329192547 0.294921875 0.06599378881987578 0.0322265625
0 0.8944099378881988 0.33203125 0.06987577639751552 0.03662109375
0 0.9013975155279503 0.37060546875 0.06521739130434782 0.03759765625
0 0.9013975155279503 0.44580078125 0.06366459627329192 0.033203125
0 0.9037267080745341 0.4833984375 0.059006211180124224 0.04052734375
0 0.8183229813664596 0.4453125 0.055900621118012424 0.04541015625
0 0.8183229813664596 0.369140625 0.07220496894409938 0.04150390625
0 0.8198757763975155 0.33203125 0.06133540372670807 0.03466796875
0 0.8975155279503105 0.61474609375 0.06909937888198758 0.037109375
0 0.9021739130434783 0.6826171875 0.059006211180124224 0.0361328125
0 0.8183229813664596 0.6875 0.06444099378881987 0.025390625
0 0.8198757763975155 0.7216796875 0.07065217391304347 0.037109375
0 0.8982919254658385 0.7548828125 0.07375776397515528 0.0341796875
0 0.8190993788819876 0.7919921875 0.06599378881987578 0.03759765625
0 0.8206521739130435 0.82763671875 0.062111801242236024 0.0302734375
0 0.9006211180124224 0.85888671875 0.06909937888198758 0.03857421875
0 0.7422360248447205 0.8623046875 0.07065217391304347 0.03564453125
0 0.7375776397515528 0.79296875 0.07065217391304347 0.0380859375
0 0.7391304347826086 0.72216796875 0.06055900621118013 0.0322265625
0 0.7437888198757764 0.68603515625 0.07298136645962733 0.03564453125
0 0.8183229813664596 0.6552734375 0.06521739130434782 0.03125
0 0.8175465838509317 0.6201171875 0.07531055900621118 0.03369140625
0 0.7375776397515528 0.61767578125 0.07375776397515528 0.03466796875
0 0.6661490683229814 0.6171875 0.06599378881987578 0.0380859375
0 0.7399068322981367 0.5166015625 0.059006211180124224 0.0341796875
0 0.6669254658385093 0.51611328125 0.06521739130434782 0.03857421875
0 0.6645962732919255 0.55078125 0.06521739130434782 0.0283203125
0 0.6669254658385093 0.57958984375 0.059782608695652176 0.02587890625
0 0.5916149068322981 0.58349609375 0.06444099378881987 0.02880859375
0 0.5962732919254659 0.61572265625 0.06366459627329192 0.0439453125
0 0.59472049689441 0.65380859375 0.07220496894409938 0.0322265625
0 0.593167701863354 0.7275390625 0.06909937888198758 0.03662109375
0 0.592391304347826 0.7587890625 0.06521739130434782 0.0263671875
0 0.5962732919254659 0.7939453125 0.062111801242236024 0.03076171875
0 0.5194099378881988 0.826171875 0.059782608695652176 0.03857421875
0 0.5954968944099379 0.82861328125 0.06133540372670807 0.0263671875
0 0.5978260869565217 0.8662109375 0.05822981366459627 0.03125
0 0.4518633540372671 0.826171875 0.05745341614906832 0.029296875
0 0.45108695652173914 0.7919921875 0.07220496894409938 0.03369140625
0 0.45108695652173914 0.75634765625 0.05434782608695652 0.02734375
0 0.5232919254658385 0.76171875 0.05357142857142857 0.03466796875
0 0.5194099378881988 0.72265625 0.052795031055900624 0.03515625
0 0.5217391304347826 0.689453125 0.05745341614906832 0.02294921875
0 0.5194099378881988 0.615234375 0.07220496894409938 0.03369140625
0 0.5201863354037267 0.58349609375 0.056677018633540376 0.02783203125
0 0.5194099378881988 0.548828125 0.06599378881987578 0.03515625
0 0.593167701863354 0.51904296875 0.059782608695652176 0.0419921875
0 0.5240683229813664 0.51513671875 0.05822981366459627 0.03369140625
0 0.5194099378881988 0.47900390625 0.05357142857142857 0.03125
0 0.7360248447204969 0.45068359375 0.06288819875776397 0.0341796875
0 0.59472049689441 0.44873046875 0.06521739130434782 0.0322265625
0 0.59472049689441 0.37451171875 0.06599378881987578 0.0419921875
0 0.593167701863354 0.3330078125 0.06055900621118013 0.03369140625
0 0.7422360248447205 0.228515625 0.059006211180124224 0.0341796875
0 0.7383540372670807 0.1982421875 0.059782608695652176 0.02978515625
0 0.5248447204968945 0.20068359375 0.062111801242236024 0.0341796875
0 0.5271739130434783 0.2314453125 0.06133540372670807 0.02685546875
0 0.5209627329192547 0.294921875 0.06055900621118013 0.0390625
0 0.45108695652173914 0.26318359375 0.06444099378881987 0.0361328125
0 0.44875776397515527 0.3291015625 0.06909937888198758 0.0341796875
0 0.3765527950310559 0.330078125 0.059006211180124224 0.02978515625
0 0.3059006211180124 0.33349609375 0.06366459627329192 0.0380859375
0 0.23214285714285715 0.33203125 0.06599378881987578 0.037109375
0 0.30357142857142855 0.26318359375 0.06599378881987578 0.0322265625
0 0.375 0.2333984375 0.052795031055900624 0.03076171875
0 0.37732919254658387 0.265625 0.06832298136645963 0.03076171875
0 0.3796583850931677 0.20068359375 0.06288819875776397 0.0302734375
0 0.3090062111801242 0.20068359375 0.05434782608695652 0.03076171875
0 0.22981366459627328 0.23095703125 0.05745341614906832 0.02685546875
0 0.22593167701863354 0.26318359375 0.055900621118012424 0.03173828125
0 0.30124223602484473 0.412109375 0.06366459627329192 0.0341796875
0 0.2251552795031056 0.3720703125 0.05434782608695652 0.03173828125
0 0.296583850931677 0.5146484375 0.07919254658385093 0.0322265625
0 0.37732919254658387 0.51171875 0.06677018633540373 0.0400390625
0 0.37577639751552794 0.44482421875 0.05745341614906832 0.03564453125
0 0.44875776397515527 0.44140625 0.059782608695652176 0.037109375
0 0.452639751552795 0.408203125 0.05512422360248447 0.0283203125
0 0.5225155279503105 0.4111328125 0.06677018633540373 0.03369140625
0 0.5186335403726708 0.375 0.06133540372670807 0.03759765625
0 0.44642857142857145 0.5166015625 0.05124223602484472 0.0400390625
0 0.3734472049689441 0.5830078125 0.062111801242236024 0.0283203125
0 0.3781055900621118 0.615234375 0.07142857142857142 0.0341796875
0 0.37888198757763975 0.65234375 0.07142857142857142 0.03564453125
0 0.3051242236024845 0.6181640625 0.06987577639751552 0.03466796875
0 0.23369565217391305 0.61474609375 0.062111801242236024 0.0361328125
0 0.22826086956521738 0.552734375 0.06366459627329192 0.0341796875
0 0.22903726708074534 0.69140625 0.06521739130434782 0.0380859375
0 0.23059006211180125 0.7275390625 0.055900621118012424 0.03466796875
0 0.23214285714285715 0.759765625 0.05357142857142857 0.02783203125
0 0.3090062111801242 0.7578125 0.06055900621118013 0.02880859375
0 0.3027950310559006 0.72509765625 0.07608695652173914 0.02587890625
0 0.37577639751552794 0.71923828125 0.06909937888198758 0.02978515625
0 0.37732919254658387 0.7548828125 0.06055900621118013 0.03955078125
0 0.37422360248447206 0.8291015625 0.059782608695652176 0.0361328125
0 0.3082298136645963 0.83154296875 0.07065217391304347 0.03759765625
0 0.30745341614906835 0.79638671875 0.06754658385093168 0.03125
0 0.30978260869565216 0.8671875 0.05745341614906832 0.03125
0 0.44875776397515527 0.8623046875 0.06521739130434782 0.03759765625
1 0.9184782608695652 0.1962890625 0.020186335403726708 0.03076171875
1 0.9153726708074534 0.2568359375 0.021739130434782608 0.0166015625
1 0.9153726708074534 0.2890625 0.02562111801242236 0.0166015625
1 0.9200310559006211 0.32373046875 0.023291925465838508 0.01904296875
1 0.8400621118012422 0.328125 0.02562111801242236 0.02734375
1 0.8377329192546584 0.36865234375 0.023291925465838508 0.0400390625
1 0.9200310559006211 0.3720703125 0.024844720496894408 0.03076171875
1 0.9208074534161491 0.44482421875 0.020186335403726708 0.03173828125
1 0.9208074534161491 0.48388671875 0.017857142857142856 0.0390625
1 0.8377329192546584 0.44921875 0.020186335403726708 0.04638671875
1 0.7608695652173914 0.44873046875 0.02096273291925466 0.0341796875
1 0.7562111801242236 0.513671875 0.017857142857142856 0.02880859375
1 0.7616459627329193 0.2275390625 0.013975155279503106 0.0244140625
1 0.7608695652173914 0.19091796875 0.014751552795031056 0.01611328125
1 0.5411490683229814 0.20068359375 0.019409937888198756 0.03466796875
1 0.5427018633540373 0.23046875 0.021739130434782608 0.02490234375
1 0.5372670807453416 0.29541015625 0.024844720496894408 0.04052734375
1 0.6118012422360248 0.33203125 0.023291925465838508 0.03125
1 0.6149068322981367 0.36669921875 0.029503105590062112 0.0302734375
1 0.5380434782608695 0.37353515625 0.020186335403726708 0.03564453125
1 0.5395962732919255 0.40576171875 0.015527950310559006 0.02392578125
1 0.6118012422360248 0.4423828125 0.02096273291925466 0.02392578125
1 0.9169254658385093 0.61083984375 0.026397515527950312 0.03271484375
1 0.9145962732919255 0.68017578125 0.027950310559006212 0.03076171875
1 0.921583850931677 0.75537109375 0.023291925465838508 0.03515625
1 0.9239130434782609 0.85498046875 0.020186335403726708 0.02490234375
1 0.8408385093167702 0.82666015625 0.023291925465838508 0.02587890625
1 0.8408385093167702 0.79052734375 0.02562111801242236 0.03369140625
1 0.7639751552795031 0.78662109375 0.023291925465838508 0.0234375
1 0.7624223602484472 0.71875 0.016304347826086956 0.0263671875
1 0.843167701863354 0.71826171875 0.029503105590062112 0.03125
1 0.843167701863354 0.68212890625 0.023291925465838508 0.017578125
1 0.842391304347826 0.64794921875 0.02717391304347826 0.0185546875
1 0.843944099378882 0.6142578125 0.020186335403726708 0.021484375
1 0.7639751552795031 0.6845703125 0.024844720496894408 0.0302734375
1 0.7585403726708074 0.61083984375 0.023291925465838508 0.017578125
1 0.6855590062111802 0.6123046875 0.026397515527950312 0.03271484375
1 0.687888198757764 0.572265625 0.017857142857142856 0.0146484375
1 0.687888198757764 0.55126953125 0.019409937888198756 0.02783203125
1 0.6855590062111802 0.51611328125 0.023291925465838508 0.04052734375
1 0.6156832298136646 0.615234375 0.02562111801242236 0.04345703125
1 0.6149068322981367 0.65283203125 0.02251552795031056 0.02392578125
1 0.610248447204969 0.57861328125 0.021739130434782608 0.01953125
1 0.6125776397515528 0.50830078125 0.017857142857142856 0.0224609375
1 0.5380434782608695 0.5107421875 0.02096273291925466 0.02392578125
1 0.5395962732919255 0.5478515625 0.017080745341614908 0.0302734375
1 0.5388198757763976 0.5791015625 0.012422360248447204 0.01953125
1 0.5403726708074534 0.61376953125 0.02562111801242236 0.02734375
1 0.5403726708074534 0.68603515625 0.017080745341614908 0.013671875
1 0.6172360248447205 0.72900390625 0.017080745341614908 0.0361328125
1 0.6156832298136646 0.759765625 0.020186335403726708 0.0146484375
1 0.6172360248447205 0.7919921875 0.023291925465838508 0.02001953125
1 0.6187888198757764 0.8251953125 0.02251552795031056 0.0185546875
1 0.6172360248447205 0.86328125 0.017857142857142856 0.0234375
1 0.5388198757763976 0.8251953125 0.013975155279503106 0.0361328125
1 0.5395962732919255 0.76171875 0.023291925465838508 0.03662109375
1 0.4673913043478261 0.7548828125 0.017080745341614908 0.02490234375
1 0.4704968944099379 0.78955078125 0.02251552795031056 0.037109375
1 0.4673913043478261 0.822265625 0.012422360248447204 0.01513671875
1 0.47282608695652173 0.8603515625 0.020186335403726708 0.0302734375
1 0.3936335403726708 0.82275390625 0.017857142857142856 0.02197265625
1 0.3245341614906832 0.83056640625 0.023291925465838508 0.03662109375
1 0.328416149068323 0.86328125 0.024844720496894408 0.025390625
1 0.32375776397515527 0.78857421875 0.023291925465838508 0.01318359375
1 0.5364906832298136 0.4765625 0.017080745341614908 0.029296875
1 0.4673913043478261 0.44091796875 0.021739130434782608 0.03369140625
1 0.3936335403726708 0.4443359375 0.019409937888198756 0.03466796875
1 0.4658385093167702 0.40087890625 0.02406832298136646 0.01513671875
1 0.32298136645962733 0.41015625 0.023291925465838508 0.03564453125
1 0.2468944099378882 0.369140625 0.018633540372670808 0.02587890625
1 0.24922360248447206 0.3310546875 0.023291925465838508 0.0341796875
1 0.32298136645962733 0.33203125 0.017080745341614908 0.03662109375
1 0.391304347826087 0.3291015625 0.02096273291925466 0.02685546875
1 0.4720496894409938 0.3251953125 0.02251552795031056 0.02734375
1 0.468944099378882 0.2626953125 0.019409937888198756 0.0361328125
1 0.3936335403726708 0.25634765625 0.024844720496894408 0.02197265625
1 0.32608695652173914 0.259765625 0.02562111801242236 0.02685546875
1 0.24922360248447206 0.26171875 0.016304347826086956 0.0263671875
1 0.2515527950310559 0.23046875 0.02096273291925466 0.02490234375
1 0.3253105590062112 0.19873046875 0.015527950310559006 0.02490234375
1 0.39906832298136646 0.1923828125 0.019409937888198756 0.01806640625
1 0.3951863354037267 0.22900390625 0.015527950310559006 0.01708984375
1 0.3253105590062112 0.51318359375 0.018633540372670808 0.029296875
1 0.39751552795031053 0.50927734375 0.024844720496894408 0.033203125
1 0.4673913043478261 0.50927734375 0.016304347826086956 0.0244140625
1 0.3998447204968944 0.57568359375 0.023291925465838508 0.015625
1 0.3998447204968944 0.615234375 0.020186335403726708 0.0361328125
1 0.3998447204968944 0.650390625 0.02251552795031056 0.01953125
1 0.32142857142857145 0.6171875 0.026397515527950312 0.03125
1 0.25 0.61181640625 0.023291925465838508 0.03125
1 0.24922360248447206 0.5517578125 0.02251552795031056 0.03369140625
1 0.25232919254658387 0.68994140625 0.02096273291925466 0.03564453125
1 0.25 0.72900390625 0.023291925465838508 0.029296875
1 0.2484472049689441 0.7587890625 0.020186335403726708 0.02587890625
1 0.32375776397515527 0.71923828125 0.02251552795031056 0.01708984375
1 0.32298136645962733 0.75 0.02096273291925466 0.01513671875
1 0.3982919254658385 0.716796875 0.021739130434782608 0.0341796875
1 0.39751552795031053 0.7548828125 0.027950310559006212 0.03662109375
1 0.7631987577639752 0.86181640625 0.02562111801242236 0.033203125
1 0.5380434782608695 0.72216796875 0.016304347826086956 0.03515625