0 0.9130859375 0.25816389402341344 0.0556640625 0.06592729513247074
0 0.552734375 0.3185459026494147 0.02734375 0.030191004313000615
0 0.63134765625 0.2335181762168823 0.02978515625 0.03512014787430684
0 0.474609375 0.4239063462723352 0.02978515625 0.030807147258163893
0 0.5791015625 0.4688847812692545 0.03369140625 0.02341343191620456
0 0.57861328125 0.44115834873690696 0.0341796875 0.028342575477510783
1 0.4833984375 0.4239063462723352 0.01025390625 0.02649414664202095
1 0.56201171875 0.314849044978435 0.00830078125 0.021565003080714726
1 0.58984375 0.4430067775723968 0.00830078125 0.025878003696857672
1 0.59033203125 0.46642020948860136 0.0078125 0.014787430683918669
1 0.642578125 0.23105360443622922 0.0087890625 0.024029574861367836
1 0.9306640625 0.2526186075169439 0.01318359375 0.05483672211953173