0 0.41907051282051283 0.828125 0.07932692307692307 0.03271484375
0 0.42467948717948717 0.859375 0.07051282051282051 0.0361328125
0 0.34935897435897434 0.896484375 0.08253205128205128 0.03466796875
0 0.3557692307692308 0.53466796875 0.06891025641025642 0.03955078125
0 0.3541666666666667 0.501953125 0.07371794871794872 0.02978515625
0 0.359775641025641 0.4453125 0.06570512820512821 0.02880859375
0 0.359775641025641 0.40966796875 0.06810897435897435 0.02734375
0 0.2844551282051282 0.40869140625 0.06330128205128205 0.0302734375
1 0.44711538461538464 0.8251953125 0.023237179487179488 0.02392578125
1 0.4463141025641026 0.85595703125 0.023237179487179488 0.02783203125
1 0.3733974358974359 0.8955078125 0.030448717948717948 0.0302734375
1 0.375 0.53125 0.020833333333333332 0.0283203125
1 0.3782051282051282 0.50244140625 0.023237179487179488 0.025390625
1 0.3814102564102564 0.43896484375 0.020032051282051284 0.01708984375
1 0.38221153846153844 0.40380859375 0.02564102564102564 0.01904296875
1 0.3060897435897436 0.4091796875 0.022435897435897436 0.02783203125