0 0.8790436005625879 0.16414264777723497 0.0710267229254571 0.03859306301905227
0 0.8804500703234881 0.20224719101123595 0.06540084388185655 0.03712750366389839
0 0.8832630098452883 0.23937469467513434 0.0639943741209564 0.0361504640937958
0 0.8818565400843882 0.26917440156326333 0.06469760900140648 0.025891548607718612
0 0.8867791842475387 0.29653150952613583 0.06258790436005626 0.030288226673180263
0 0.8846694796061885 0.3214460185637518 0.057665260196905765 0.021006350757205666
0 0.8846694796061885 0.34929164631167564 0.06751054852320675 0.046409379579872984
0 0.7714486638537271 0.2808988764044944 0.04149085794655415 0.02051783097215437
0 0.7271448663853727 0.2784562774792379 0.03727144866385373 0.021006350757205666
0 0.6856540084388185 0.2784562774792379 0.04149085794655415 0.025891548607718612
0 0.6870604781997187 0.2554958475818271 0.035161744022503515 0.02051783097215437
0 0.7285513361462729 0.25940400586223744 0.034458509142053444 0.015632633121641426
0 0.7285513361462729 0.24523693209574987 0.03375527426160337 0.014655593551538837
0 0.7679324894514767 0.23009281875915974 0.04149085794655415 0.026380068392769906
0 0.7714486638537271 0.20908646800195407 0.0379746835443038 0.012701514411333659
0 0.7721518987341772 0.1895456765999023 0.0450070323488045 0.024914509037616023
0 0.7285513361462729 0.18661455788959452 0.03727144866385373 0.02149487054225696
0 0.7278481012658228 0.21152906692721055 0.03375527426160337 0.01612115290669272
0 0.729957805907173 0.22765021983390327 0.03375527426160337 0.019052271617000488
0 0.6863572433192686 0.2330239374694675 0.035864978902953586 0.020029311187103077
0 0.6870604781997187 0.21152906692721055 0.035864978902953586 0.022960429897410845
0 0.6870604781997187 0.18710307767464582 0.04219409282700422 0.023937469467513434
1 0.9043600562587905 0.15925744992672203 0.015471167369901548 0.02784562774792379
1 0.7834036568213784 0.189057156814851 0.015471167369901548 0.020029311187103077
1 0.7819971870604782 0.20810942843185148 0.013361462728551337 0.01172447484123107
1 0.7827004219409283 0.22813873961895456 0.013361462728551337 0.022960429897410845
1 0.7412095639943741 0.22813873961895456 0.011954992967651195 0.0180752320468979
1 0.7426160337552743 0.20957498778700537 0.011251758087201125 0.009770395701025891
1 0.7419127988748242 0.18612603810454323 0.011954992967651195 0.020029311187103077
1 0.7011251758087201 0.18612603810454323 0.010548523206751054 0.01074743527112848
1 0.70042194092827 0.20859794821690278 0.011251758087201125 0.013190034196384953
1 0.70042194092827 0.23106985832926233 0.009845288326300985 0.012212994626282364
1 0.70042194092827 0.2554958475818271 0.009142053445850914 0.018563751831949193
1 0.740506329113924 0.24523693209574987 0.011954992967651195 0.013678553981436248
1 0.740506329113924 0.2598925256472887 0.009845288326300985 0.014167073766487542
1 0.7390998593530239 0.2740595994137763 0.007735583684950774 0.009770395701025891
1 0.7834036568213784 0.2794333170493405 0.014064697609001406 0.0180752320468979
1 0.69901547116737 0.27796775769418663 0.014767932489451477 0.022960429897410845
1 0.9050632911392406 0.1983390327308256 0.0189873417721519 0.0180752320468979
1 0.9057665260196905 0.2344894968246214 0.012658227848101266 0.026380068392769906
1 0.9050632911392406 0.2633121641426478 0.010548523206751054 0.010258915486077186
1 0.9064697609001406 0.29262335124572547 0.016877637130801686 0.021006350757205666
1 0.9057665260196905 0.315095261358085 0.012658227848101266 0.011235955056179775
1 0.9071729957805907 0.3434294088910601 0.014767932489451477 0.034684904738641914