0 0.7330739299610894 0.16748046875 0.08793774319066149 0.041015625
0 0.7408560311284047 0.2119140625 0.08949416342412451 0.04248046875
0 0.7299610894941634 0.3017578125 0.08482490272373541 0.03369140625
0 0.7330739299610894 0.34228515625 0.09416342412451362 0.04638671875
0 0.7377431906614786 0.462890625 0.08793774319066149 0.04052734375
0 0.7346303501945526 0.5732421875 0.08715953307392996 0.05029296875
0 0.6396887159533073 0.59521484375 0.08482490272373541 0.0419921875
0 0.6412451361867705 0.56005859375 0.08249027237354085 0.0419921875
0 0.6389105058365758 0.69091796875 0.0715953307392996 0.04248046875
0 0.7307392996108949 0.7197265625 0.09727626459143969 0.05126953125
0 0.7330739299610894 0.80712890625 0.09182879377431907 0.04638671875
0 0.6373540856031128 0.80712890625 0.0840466926070039 0.060546875
0 0.5478599221789884 0.86865234375 0.07782101167315175 0.0390625
0 0.5447470817120622 0.91455078125 0.08093385214007782 0.04931640625
0 0.45603112840466925 0.90234375 0.08949416342412451 0.04541015625
0 0.3657587548638132 0.859375 0.09182879377431907 0.0517578125
0 0.4529182879377432 0.7685546875 0.08638132295719844 0.0283203125
0 0.3587548638132296 0.755859375 0.08715953307392996 0.06103515625
0 0.36186770428015563 0.70947265625 0.08482490272373541 0.0322265625
0 0.44357976653696496 0.62890625 0.09883268482490272 0.041015625
0 0.5400778210116731 0.54296875 0.09182879377431907 0.0615234375
0 0.5416342412451361 0.48828125 0.09727626459143969 0.05078125
0 0.45603112840466925 0.4345703125 0.09416342412451362 0.0478515625
0 0.5392996108949416 0.34814453125 0.08015564202334631 0.03759765625
0 0.5408560311284046 0.2783203125 0.08171206225680934 0.03466796875
0 0.5455252918287937 0.201171875 0.088715953307393 0.0390625
0 0.5361867704280155 0.16259765625 0.08949416342412451 0.03466796875
0 0.6326848249027237 0.16748046875 0.08638132295719844 0.044921875
0 0.34474708171206225 0.16650390625 0.09182879377431907 0.04150390625
0 0.3486381322957198 0.2119140625 0.08793774319066149 0.0361328125
0 0.35642023346303503 0.3662109375 0.08949416342412451 0.03466796875
0 0.354863813229572 0.44970703125 0.08560311284046693 0.0439453125
0 0.17276264591439688 0.89599609375 0.07782101167315175 0.04248046875
0 0.08949416342412451 0.89208984375 0.07704280155642024 0.041015625
0 0.0933852140077821 0.927734375 0.07704280155642024 0.0390625
0 0.17120622568093385 0.77880859375 0.08715953307392996 0.04541015625
0 0.177431906614786 0.8466796875 0.08326848249027237 0.0380859375
0 0.1735408560311284 0.69482421875 0.0840466926070039 0.03955078125
0 0.1735408560311284 0.650390625 0.088715953307393 0.0458984375
0 0.0840466926070039 0.67041015625 0.08638132295719844 0.05029296875
0 0.08249027237354085 0.619140625 0.088715953307393 0.0419921875
0 0.08715953307392996 0.578125 0.07315175097276265 0.01953125
0 0.07859922178988327 0.546875 0.09727626459143969 0.0419921875
0 0.16653696498054474 0.5166015625 0.07782101167315175 0.041015625
0 0.16731517509727625 0.58935546875 0.08326848249027237 0.04052734375
0 0.16108949416342414 0.43017578125 0.09105058365758754 0.04296875
0 0.1649805447470817 0.38818359375 0.08482490272373541 0.0400390625
0 0.07704280155642024 0.39306640625 0.06770428015564202 0.0498046875
0 0.07237354085603113 0.34814453125 0.08638132295719844 0.0390625
0 0.0669260700389105 0.2177734375 0.0840466926070039 0.0380859375
0 0.16264591439688716 0.24560546875 0.07470817120622568 0.03173828125
0 0.16108949416342414 0.21142578125 0.06848249027237355 0.02685546875
0 0.16031128404669262 0.15673828125 0.07003891050583658 0.0224609375
0 0.16342412451361868 0.18359375 0.07704280155642024 0.0234375
0 0.2482490272373541 0.30908203125 0.09416342412451362 0.04736328125
0 0.6412451361867705 0.4169921875 0.10038910505836576 0.04736328125
0 0.5501945525291829 0.6357421875 0.07782101167315175 0.0615234375
0 0.2614785992217899 0.63916015625 0.08093385214007782 0.04833984375
0 0.7330739299610894 0.88232421875 0.0933852140077821 0.03466796875
0 0.4536964980544747 0.8349609375 0.06770428015564202 0.02587890625
1 0.7626459143968871 0.16748046875 0.025680933852140077 0.037109375
1 0.7649805447470817 0.208984375 0.03268482490272374 0.03564453125
1 0.7610894941634241 0.29638671875 0.0178988326848249 0.02099609375
1 0.7626459143968871 0.33203125 0.03268482490272374 0.02880859375
1 0.7673151750972763 0.46240234375 0.0311284046692607 0.0380859375
1 0.7626459143968871 0.568359375 0.027237354085603113 0.03564453125
1 0.7626459143968871 0.712890625 0.024902723735408562 0.03857421875
1 0.7587548638132295 0.80419921875 0.024124513618677044 0.0400390625
1 0.7610894941634241 0.88232421875 0.028793774319066146 0.029296875
1 0.6653696498054474 0.806640625 0.024902723735408562 0.06005859375
1 0.5750972762645914 0.87109375 0.020233463035019456 0.03662109375
1 0.5750972762645914 0.91455078125 0.020233463035019456 0.04345703125
1 0.4856031128404669 0.90087890625 0.0311284046692607 0.04296875
1 0.47003891050583657 0.82763671875 0.022568093385214007 0.01171875
1 0.4785992217898833 0.76318359375 0.022568093385214007 0.01123046875
1 0.48093385214007783 0.6162109375 0.024902723735408562 0.017578125
1 0.5727626459143969 0.63623046875 0.022568093385214007 0.06201171875
1 0.6638132295719844 0.6875 0.021011673151750974 0.0361328125
1 0.669260700389105 0.58837890625 0.023346303501945526 0.0322265625
1 0.6653696498054474 0.55126953125 0.03346303501945525 0.02197265625
1 0.5727626459143969 0.5439453125 0.025680933852140077 0.05517578125
1 0.5750972762645914 0.4873046875 0.02801556420233463 0.0478515625
1 0.6739299610894942 0.41796875 0.02801556420233463 0.044921875
1 0.48715953307392995 0.43359375 0.026459143968871595 0.04443359375
1 0.5680933852140078 0.35302734375 0.024124513618677044 0.0205078125
1 0.5688715953307393 0.26953125 0.025680933852140077 0.02197265625
0 0.6389105058365758 0.33642578125 0.08482490272373541 0.03955078125
1 0.6645914396887159 0.3359375 0.024124513618677044 0.0322265625
1 0.5735408560311284 0.20068359375 0.028793774319066146 0.04052734375
1 0.5649805447470817 0.16259765625 0.024902723735408562 0.03076171875
1 0.6622568093385214 0.1669921875 0.022568093385214007 0.04345703125
1 0.377431906614786 0.16845703125 0.024902723735408562 0.0390625
1 0.3782101167315175 0.20849609375 0.023346303501945526 0.02099609375
1 0.1859922178988327 0.21240234375 0.024902723735408562 0.0234375
1 0.18521400778210118 0.1826171875 0.021011673151750974 0.0234375
1 0.18054474708171206 0.15869140625 0.019455252918287938 0.01708984375
1 0.18132295719844357 0.244140625 0.027237354085603113 0.0322265625
1 0.0933852140077821 0.216796875 0.027237354085603113 0.03515625
1 0.09961089494163425 0.34912109375 0.022568093385214007 0.03076171875
1 0.19143968871595332 0.38916015625 0.031906614785992216 0.03125
1 0.10038910505836576 0.396484375 0.024902723735408562 0.04052734375
1 0.10817120622568094 0.54638671875 0.030350194552529183 0.03759765625
1 0.10739299610894941 0.57568359375 0.02178988326848249 0.0185546875
1 0.10894941634241245 0.6181640625 0.025680933852140077 0.03271484375
1 0.11361867704280156 0.66650390625 0.030350194552529183 0.046875
1 0.11439688715953307 0.888671875 0.025680933852140077 0.0322265625
1 0.11673151750972763 0.9189453125 0.025680933852140077 0.01611328125
1 0.1961089494163424 0.90283203125 0.024124513618677044 0.0380859375
1 0.19844357976653695 0.8486328125 0.031906614785992216 0.03515625
1 0.20155642023346304 0.78076171875 0.025680933852140077 0.04443359375
1 0.1953307392996109 0.69482421875 0.022568093385214007 0.03955078125
1 0.19844357976653695 0.65478515625 0.036575875486381325 0.03857421875
1 0.19221789883268484 0.5888671875 0.0311284046692607 0.0380859375
1 0.19377431906614787 0.51708984375 0.023346303501945526 0.0419921875
1 0.18832684824902723 0.42578125 0.024902723735408562 0.0361328125
1 0.2856031128404669 0.30908203125 0.025680933852140077 0.04345703125
1 0.3867704280155642 0.3603515625 0.030350194552529183 0.02001953125
1 0.38132295719844356 0.44873046875 0.025680933852140077 0.02587890625
1 0.29027237354085605 0.642578125 0.023346303501945526 0.04345703125
1 0.3867704280155642 0.708984375 0.024902723735408562 0.03076171875
1 0.3867704280155642 0.74755859375 0.028793774319066146 0.0439453125
1 0.39377431906614785 0.861328125 0.024902723735408562 0.04833984375