0 0.119140625 0.24620060790273557 0.029296875 0.02917933130699088
0 0.1181640625 0.2729483282674772 0.0283203125 0.02553191489361702
0 0.1181640625 0.2966565349544073 0.02783203125 0.015805471124620062
0 0.12060546875 0.31793313069908813 0.02978515625 0.02917933130699088
0 0.0927734375 0.3142857142857143 0.02587890625 0.0243161094224924
0 0.09228515625 0.29422492401215805 0.0234375 0.0182370820668693
0 0.08740234375 0.2474164133738602 0.03076171875 0.01884498480243161
0 0.0888671875 0.2693009118541033 0.029296875 0.02492401215805471
0 0.60546875 0.2571428571428571 0.02490234375 0.023100303951367782
0 0.60595703125 0.28206686930091185 0.025390625 0.02370820668693009
0 0.60595703125 0.3069908814589666 0.02392578125 0.02370820668693009
0 0.60791015625 0.3264437689969605 0.02294921875 0.01458966565349544
0 0.58056640625 0.31671732522796353 0.025390625 0.02796352583586626
0 0.5849609375 0.2601823708206687 0.0205078125 0.02553191489361702
0 0.58251953125 0.6170212765957447 0.02587890625 0.02492401215805471
0 0.58251953125 0.6401215805471124 0.0224609375 0.02006079027355623
0 0.56689453125 0.7009118541033434 0.01953125 0.01884498480243161
0 0.56787109375 0.731306990881459 0.02490234375 0.019452887537993922
0 0.568359375 0.7513677811550152 0.02490234375 0.02066869300911854
0 0.582343216796875 0.6852344699088145 0.5976720693359375 0.687959673556231 0.5989859506835937 0.6508969106382979 0.5684663046875 0.6531966182370821 0.5670143647460938 0.672153485106383 0.5819052563476562 0.671608452887538 0.582343216796875 0.6852344699088145
1 0.61279296875 0.2589665653495441 0.0078125 0.02066869300911854
1 0.61279296875 0.28206686930091185 0.0078125 0.02188449848024316
1 0.61376953125 0.32462006079027356 0.0107421875 0.00851063829787234
1 0.58642578125 0.3148936170212766 0.0107421875 0.023100303951367782
1 0.61279296875 0.3057750759878419 0.005859375 0.02066869300911854
1 0.591796875 0.2547112462006079 0.00830078125 0.01398176291793313
1 0.59033203125 0.6170212765957447 0.0087890625 0.022492401215805473
1 0.58984375 0.6389057750759879 0.005859375 0.01398176291793313
1 0.58984375 0.6680851063829787 0.01025390625 0.03282674772036474
1 0.57275390625 0.7009118541033434 0.00634765625 0.01094224924012158
1 0.57568359375 0.731306990881459 0.00634765625 0.01702127659574468
1 0.57470703125 0.7507598784194529 0.0078125 0.01702127659574468
1 0.12841796875 0.24984802431610942 0.009765625 0.0182370820668693
1 0.1279296875 0.2729483282674772 0.0078125 0.02188449848024316
1 0.126953125 0.29422492401215805 0.00830078125 0.0121580547112462
1 0.12939453125 0.31854103343465046 0.0078125 0.026747720364741642
1 0.10107421875 0.31367781155015195 0.00634765625 0.01702127659574468
1 0.10009765625 0.29300911854103345 0.00830078125 0.01398176291793313
1 0.099609375 0.2613981762917933 0.0068359375 0.006686930091185411
1 0.0986328125 0.24316109422492402 0.0048828125 0.013373860182370821