0 0.9072265625 0.18533171028606207 0.03173828125 0.02678027997565429
0 0.90673828125 0.21515520389531345 0.0341796875 0.03225806451612903
0 0.79931640625 0.18137553256238587 0.0185546875 0.02130249543517955
0 0.799072265625 0.20328667072428486 0.02197265625 0.020693852708460133
0 0.781494140625 0.19233110164333536 0.015625 0.018867924528301886
0 0.77978515625 0.21485088253195375 0.01904296875 0.026171637248934874
0 0.607421875 0.1905051734631771 0.0224609375 0.02556299452221546
1 0.91552734375 0.18381010346926355 0.01123046875 0.024345709068776627
1 0.91650390625 0.21241631162507607 0.01171875 0.026171637248934874
1 0.80419921875 0.1819841752891053 0.00830078125 0.017650639074863056
1 0.804443359375 0.2014607425441266 0.00732421875 0.01582471089470481
1 0.78564453125 0.21454656116859402 0.0068359375 0.024954351795496044
1 0.78564453125 0.18715763846622033 0.005859375 0.010346926354230066
1 0.61376953125 0.1905051734631771 0.0087890625 0.026171637248934874