0 0.3639817629179331 0.37060546875 0.06534954407294832 0.03515625
0 0.36246200607902734 0.41015625 0.07826747720364742 0.04638671875
0 0.3594224924012158 0.45654296875 0.08130699088145897 0.0361328125
0 0.3594224924012158 0.4931640625 0.07750759878419453 0.03955078125
0 0.3586626139817629 0.533203125 0.07142857142857142 0.0361328125
0 0.3594224924012158 0.5693359375 0.0668693009118541 0.0419921875
0 0.35790273556231 0.611328125 0.0729483282674772 0.03564453125
0 0.35030395136778114 0.64404296875 0.08434650455927052 0.0439453125
0 0.44984802431610943 0.650390625 0.08662613981762918 0.037109375
0 0.44756838905775076 0.61083984375 0.08054711246200608 0.03515625
0 0.4521276595744681 0.57421875 0.06914893617021277 0.029296875
0 0.44984802431610943 0.5390625 0.07446808510638298 0.03271484375
0 0.45288753799392095 0.49658203125 0.07218844984802432 0.0361328125
0 0.4506079027355623 0.4599609375 0.07674772036474165 0.0341796875
0 0.4490881458966565 0.42041015625 0.08130699088145897 0.04248046875
0 0.4521276595744681 0.37744140625 0.0790273556231003 0.04150390625
0 0.5395136778115501 0.375 0.07750759878419453 0.03369140625
0 0.5440729483282675 0.41162109375 0.067629179331307 0.037109375
0 0.5433130699088146 0.4501953125 0.0668693009118541 0.03515625
0 0.5387537993920972 0.4912109375 0.08206686930091185 0.04638671875
0 0.5364741641337386 0.5341796875 0.06914893617021277 0.0380859375
0 0.5319148936170213 0.57275390625 0.07674772036474165 0.03759765625
0 0.5372340425531915 0.60986328125 0.0729483282674772 0.03759765625
0 0.5334346504559271 0.650390625 0.06914893617021277 0.037109375
0 0.27887537993920974 0.37451171875 0.06914893617021277 0.0390625
0 0.27887537993920974 0.419921875 0.0797872340425532 0.046875
0 0.27811550151975684 0.46240234375 0.07522796352583587 0.0341796875
0 0.2750759878419453 0.498046875 0.07218844984802432 0.03564453125
0 0.6306990881458967 0.376953125 0.08130699088145897 0.037109375
0 0.6299392097264438 0.4150390625 0.07750759878419453 0.03857421875
0 0.6268996960486323 0.4560546875 0.08814589665653495 0.04736328125
0 0.709726443768997 0.650390625 0.07446808510638298 0.04443359375
0 0.7120060790273556 0.60791015625 0.07826747720364742 0.03564453125
0 0.7135258358662614 0.57373046875 0.07826747720364742 0.033203125
0 0.7173252279635258 0.53662109375 0.0858662613981763 0.03955078125
0 0.7196048632218845 0.4951171875 0.07674772036474165 0.04052734375
0 0.7188449848024316 0.4599609375 0.08434650455927052 0.033203125
0 0.7142857142857143 0.419921875 0.0797872340425532 0.04345703125
0 0.7188449848024316 0.37548828125 0.08054711246200608 0.03466796875
0 0.8054711246200608 0.37890625 0.08662613981762918 0.044921875
0 0.1831306990881459 0.53076171875 0.07598784194528875 0.04052734375
0 0.189209726443769 0.490234375 0.07446808510638298 0.037109375
0 0.1884498480243161 0.451171875 0.08054711246200608 0.0380859375
0 0.19300911854103345 0.41650390625 0.08054711246200608 0.04833984375
0 0.19072948328267478 0.37158203125 0.07142857142857142 0.037109375
0 0.18617021276595744 0.64306640625 0.0729483282674772 0.046875
0 0.2689969604863222 0.6484375 0.0737082066869301 0.03662109375
0 0.2682370820668693 0.611328125 0.08358662613981763 0.03955078125
0 0.2743161094224924 0.5458984375 0.07598784194528875 0.04248046875
0 0.27279635258358664 0.578125 0.0790273556231003 0.02880859375
0 0.18465045592705168 0.572265625 0.0790273556231003 0.03076171875
0 0.182370820668693 0.60400390625 0.0797872340425532 0.0439453125
0 0.8100303951367781 0.4208984375 0.08738601823708207 0.04150390625
0 0.8054711246200608 0.4599609375 0.08054711246200608 0.03662109375
0 0.8039513677811551 0.49267578125 0.07750759878419453 0.03173828125
0 0.8016717325227963 0.52587890625 0.08434650455927052 0.03564453125
0 0.8039513677811551 0.5595703125 0.07750759878419453 0.03369140625
0 0.8024316109422492 0.59326171875 0.07522796352583587 0.03466796875
0 0.8047112462006079 0.62548828125 0.07750759878419453 0.029296875
0 0.8024316109422492 0.65478515625 0.0851063829787234 0.0341796875
0 0.6299392097264438 0.50390625 0.07142857142857142 0.0478515625
0 0.6261398176291794 0.54248046875 0.06990881458966565 0.03076171875
0 0.6261398176291794 0.57421875 0.08054711246200608 0.029296875
0 0.6268996960486323 0.603515625 0.07826747720364742 0.0380859375
0 0.6261398176291794 0.646484375 0.08054711246200608 0.044921875
1 0.8335866261398176 0.380859375 0.022036474164133738 0.03662109375
1 0.8335866261398176 0.42138671875 0.02811550151975684 0.0390625
1 0.8351063829787234 0.4599609375 0.026595744680851064 0.03125
1 0.8297872340425532 0.4921875 0.019756838905775075 0.025390625
1 0.8275075987841946 0.525390625 0.022036474164133738 0.03076171875
1 0.8267477203647416 0.55810546875 0.020516717325227963 0.02734375
1 0.8267477203647416 0.5947265625 0.0243161094224924 0.03515625
1 0.8267477203647416 0.62451171875 0.023556231003039513 0.0224609375
1 0.8252279635258358 0.65380859375 0.019756838905775075 0.02880859375
1 0.736322188449848 0.64306640625 0.0182370820668693 0.02783203125
1 0.7355623100303952 0.60693359375 0.019756838905775075 0.02783203125
1 0.7401215805471124 0.5703125 0.020516717325227963 0.02099609375
1 0.7424012158054711 0.5380859375 0.026595744680851064 0.03271484375
1 0.7454407294832827 0.49560546875 0.0243161094224924 0.04052734375
1 0.743920972644377 0.45947265625 0.018996960486322188 0.02685546875
1 0.743161094224924 0.4208984375 0.018996960486322188 0.0419921875
1 0.7446808510638298 0.3779296875 0.020516717325227963 0.03076171875
1 0.6565349544072948 0.37158203125 0.022036474164133738 0.01953125
1 0.6534954407294833 0.4052734375 0.02507598784194529 0.01806640625
1 0.6550151975683891 0.45556640625 0.026595744680851064 0.04638671875
1 0.648176291793313 0.50390625 0.022796352583586626 0.04638671875
1 0.648176291793313 0.54345703125 0.026595744680851064 0.02734375
1 0.648936170212766 0.57080078125 0.029635258358662615 0.0234375
1 0.6474164133738601 0.5927734375 0.029635258358662615 0.015625
1 0.6504559270516718 0.6328125 0.02811550151975684 0.05419921875
1 0.5569908814589666 0.64697265625 0.015957446808510637 0.03173828125
1 0.5623100303951368 0.60888671875 0.0243161094224924 0.03271484375
1 0.560790273556231 0.57177734375 0.017477203647416412 0.02978515625
1 0.5600303951367781 0.52783203125 0.020516717325227963 0.01806640625
1 0.5615501519756839 0.48828125 0.02127659574468085 0.03564453125
1 0.5653495440729484 0.44384765625 0.015197568389057751 0.01806640625
1 0.5645896656534954 0.40966796875 0.018996960486322188 0.029296875
1 0.5661094224924013 0.37744140625 0.023556231003039513 0.0322265625
1 0.479483282674772 0.37744140625 0.015957446808510637 0.0390625
1 0.47720364741641336 0.41748046875 0.0182370820668693 0.03369140625
1 0.4756838905775076 0.45556640625 0.022796352583586626 0.02001953125
1 0.4749240121580547 0.4951171875 0.0182370820668693 0.0322265625
1 0.4749240121580547 0.53857421875 0.019756838905775075 0.03076171875
1 0.4749240121580547 0.57177734375 0.02127659574468085 0.02197265625
1 0.47112462006079026 0.6083984375 0.023556231003039513 0.02490234375
1 0.4696048632218845 0.640625 0.022796352583586626 0.01318359375
1 0.3829787234042553 0.63720703125 0.015197568389057751 0.02587890625
1 0.3860182370820669 0.60498046875 0.015957446808510637 0.02099609375
1 0.38677811550151975 0.56494140625 0.02507598784194529 0.03466796875
1 0.3837386018237082 0.5302734375 0.020516717325227963 0.02783203125
1 0.385258358662614 0.490234375 0.02811550151975684 0.03369140625
1 0.3837386018237082 0.45556640625 0.02811550151975684 0.029296875
1 0.385258358662614 0.408203125 0.020516717325227963 0.037109375
1 0.385258358662614 0.36474609375 0.015197568389057751 0.0234375
1 0.3047112462006079 0.3740234375 0.022036474164133738 0.03662109375
1 0.303951367781155 0.419921875 0.015197568389057751 0.04541015625
1 0.30243161094224924 0.46142578125 0.026595744680851064 0.033203125
1 0.2986322188449848 0.4912109375 0.022036474164133738 0.02294921875
1 0.29635258358662614 0.54443359375 0.02507598784194529 0.0380859375
1 0.29635258358662614 0.57861328125 0.023556231003039513 0.02392578125
1 0.29635258358662614 0.61083984375 0.012917933130699088 0.03564453125
1 0.2925531914893617 0.6435546875 0.02127659574468085 0.02099609375
1 0.21580547112462006 0.373046875 0.016717325227963525 0.0390625
1 0.21656534954407294 0.41650390625 0.026595744680851064 0.04443359375
1 0.21124620060790272 0.455078125 0.0243161094224924 0.029296875
1 0.21124620060790272 0.49072265625 0.020516717325227963 0.03173828125
1 0.20972644376899696 0.52978515625 0.017477203647416412 0.03515625
1 0.20972644376899696 0.56787109375 0.022796352583586626 0.021484375
1 0.20972644376899696 0.599609375 0.015197568389057751 0.0380859375
1 0.21048632218844984 0.64013671875 0.020516717325227963 0.04296875