0 0.37744140625 0.1862446743761412 0.02392578125 0.017650639074863056
0 0.37548828125 0.2057212416311625 0.02099609375 0.018259281801582473
0 0.37646484375 0.2282410225197809 0.01953125 0.02251978088861838
0 0.3583984375 0.24345709068776628 0.015625 0.023128423615337797
0 0.357421875 0.21911138161898966 0.01806640625 0.023737066342057214
0 0.1845703125 0.18867924528301888 0.0205078125 0.018259281801582473
0 0.1845703125 0.20815581253804016 0.02099609375 0.02008520998174072
0 0.09765625 0.28423615337796715 0.02197265625 0.02130249543517955
0 0.09765625 0.30797321972002434 0.0224609375 0.023737066342057214
1 0.3837890625 0.18685331710286063 0.00830078125 0.014607425441265977
1 0.3828125 0.20450395617772368 0.0048828125 0.010346926354230066
1 0.3828125 0.22276323797930614 0.00634765625 0.011564211807668898
1 0.36328125 0.21972002434570906 0.005859375 0.02251978088861838
1 0.36328125 0.2398052343274498 0.00537109375 0.013390139987827145
1 0.19189453125 0.18807060255629945 0.0068359375 0.013390139987827145
1 0.19140625 0.20815581253804016 0.00732421875 0.020693852708460133
1 0.10400390625 0.2836275106512477 0.0068359375 0.02008520998174072
1 0.1044921875 0.3012781497261108 0.0068359375 0.010346926354230066