0 0.177734375 0.21823708206686931 0.017578125 0.023100303951367782
0 0.17822265625 0.24437689969604864 0.02587890625 0.02370820668693009
0 0.1787109375 0.2693009118541033 0.02734375 0.02370820668693009
0 0.18017578125 0.2966565349544073 0.02734375 0.02857142857142857
0 0.1552734375 0.28206686930091185 0.02294921875 0.030395136778115502
0 0.1533203125 0.24376899696048632 0.0244140625 0.022492401215805473
0 0.1552734375 0.22127659574468084 0.02783203125 0.02188449848024316
0 0.65625 0.2419452887537994 0.0380859375 0.03100303951367781
0 0.65869140625 0.2875379939209726 0.03125 0.02370820668693009
0 0.6591796875 0.31185410334346503 0.0322265625 0.02553191489361702
0 0.6298828125 0.31550151975683893 0.025390625 0.02857142857142857
0 0.60107421875 0.31732522796352586 0.02880859375 0.02857142857142857
0 0.59912109375 0.2851063829787234 0.03076171875 0.030395136778115502
0 0.62939453125 0.2826747720364742 0.02734375 0.03343465045592705
0 0.11669921875 0.7525835866261398 0.02734375 0.0182370820668693
0 0.1181640625 0.7750759878419453 0.0302734375 0.02370820668693009
0 0.1181640625 0.8030395136778116 0.025390625 0.030395136778115502
0 0.07912255517578125 0.8087938486322189 0.07940389599609375 0.8347013781155016 0.10106583984375 0.8347013781155016 0.10725496044921876 0.8280494407294833 0.10444172021484376 0.8192968990881458 0.10387908056640625 0.7954899738601824 0.09543935888671876 0.7965402893617022 0.0945953779296875 0.8070433398176291 0.07912255517578125 0.8087938486322189
0 0.091796875 0.7848024316109422 0.02294921875 0.022492401215805473
0 0.08984375 0.7592705167173253 0.02490234375 0.02553191489361702
1 0.09765625 0.7598784194528876 0.00732421875 0.019452887537993922
1 0.12548828125 0.7507598784194529 0.01025390625 0.015197568389057751
1 0.12646484375 0.7756838905775076 0.00830078125 0.023100303951367782
1 0.1259765625 0.8018237082066869 0.0078125 0.02553191489361702
1 0.09912109375 0.7787234042553192 0.00537109375 0.00851063829787234
1 0.10009765625 0.8127659574468085 0.00830078125 0.02796352583586626
1 0.185546875 0.296048632218845 0.0107421875 0.0243161094224924
1 0.1611328125 0.28206686930091185 0.0068359375 0.02735562310030395
1 0.185546875 0.2711246200607903 0.01025390625 0.02370820668693009
1 0.185546875 0.24498480243161094 0.0107421875 0.02066869300911854
1 0.162109375 0.24072948328267477 0.005859375 0.01702127659574468
1 0.162109375 0.22127659574468084 0.0078125 0.019452887537993922
1 0.18310546875 0.21823708206686931 0.005859375 0.02127659574468085
1 0.66796875 0.2425531914893617 0.01171875 0.02917933130699088
1 0.63818359375 0.28328267477203645 0.00927734375 0.02796352583586626
1 0.66943359375 0.286322188449848 0.009765625 0.0182370820668693
1 0.6689453125 0.30942249240121583 0.00830078125 0.026139817629179333
1 0.63720703125 0.31550151975683893 0.00732421875 0.01641337386018237
1 0.6103515625 0.31671732522796353 0.00732421875 0.0182370820668693
1 0.60888671875 0.28206686930091185 0.00927734375 0.015197568389057751