0 0.7715487035739313 0.18124084025403028 0.039943938332165384 0.022960429897410845
0 0.7281009110021023 0.1802638006839277 0.04204625087596356 0.02247191011235955
0 0.7701471618780659 0.2066438690766976 0.039943938332165384 0.02344894968246214
0 0.7708479327259986 0.2335124572545188 0.03854239663629993 0.02149487054225696
0 0.7736510161177295 0.2554958475818271 0.043447792571829014 0.019052271617000488
0 0.7309039943938332 0.23106985832926233 0.04064470918009811 0.030288226673180263
0 0.7302032235459005 0.20224719101123595 0.035739313244569026 0.021983390327308255
0 0.8836720392431675 0.3155837811431363 0.05816398037841626 0.02247191011235955
0 0.8864751226348984 0.34489496824621396 0.05956552207428171 0.044455300439667805
0 0.8857743517869656 0.2906692721055203 0.05816398037841626 0.027357107962872496
0 0.8836720392431675 0.26624328285295557 0.056762438682550806 0.025891548607718612
0 0.8829712683952348 0.23546653639472398 0.06096706377014716 0.0361504640937958
0 0.8808689558514365 0.1978505129457743 0.06377014716187807 0.038104543234000976
0 0.8808689558514365 0.15974596971177332 0.06587245970567625 0.04298974108451392
1 0.9046951646811493 0.15583781143136297 0.01401541695865452 0.034684904738641914
1 0.9046951646811493 0.19198827552515876 0.01401541695865452 0.024425989252564728
1 0.9039943938332166 0.23155837811431362 0.015416958654519973 0.02882266731802638
1 0.9060967063770147 0.2623351245725452 0.013314646110721794 0.014655593551538837
1 0.9060967063770147 0.29018075232046897 0.0161177295024527 0.026380068392769906
1 0.9060967063770147 0.31314118221787984 0.012613875262789068 0.012701514411333659
1 0.9067974772249474 0.33952125061064975 0.013314646110721794 0.03321934538348803
1 0.7855641205325858 0.25598436736687835 0.0161177295024527 0.019052271617000488
1 0.7841625788367204 0.2340009770395701 0.012613875262789068 0.02247191011235955
1 0.7421163279607569 0.22765021983390327 0.013314646110721794 0.021983390327308255
1 0.7841625788367204 0.20517830972154372 0.011913104414856343 0.022960429897410845
1 0.7407147862648914 0.20224719101123595 0.013314646110721794 0.014655593551538837
1 0.7428170988086895 0.180752320468979 0.01051156271899089 0.02149487054225696
1 0.7855641205325858 0.18124084025403028 0.013314646110721794 0.021006350757205666