0 0.9057187017001546 0.4697265625 0.09505409582689335 0.046875
0 0.8013910355486863 0.44921875 0.09350850077279753 0.04736328125
0 0.7982998454404946 0.497802734375 0.09428129829984544 0.0517578125
0 0.6993817619783617 0.551513671875 0.08887171561051005 0.06396484375
0 0.5915765069551777 0.52001953125 0.09814528593508501 0.06103515625
0 0.5911901081916537 0.46728515625 0.1143740340030912 0.05029296875
0 0.5915765069551777 0.408203125 0.09119010819165378 0.04931640625
0 0.5880989180834622 0.361328125 0.10278207109737249 0.048828125
0 0.6874034003091191 0.343505859375 0.09041731066460587 0.048828125
0 0.7963678516228748 0.366455078125 0.09273570324574962 0.05126953125
0 0.4764296754250386 0.213134765625 0.07418856259659969 0.04638671875
0 0.47913446676970634 0.252685546875 0.07418856259659969 0.03369140625
0 0.16653786707882534 0.157470703125 0.12287480680061824 0.0537109375
0 0.8102782071097373 0.7578125 0.0919629057187017 0.0498046875
0 0.8168469860896446 0.80615234375 0.08732612055641421 0.0478515625
0 0.9176970633693973 0.707763671875 0.07805255023183925 0.05615234375
0 0.9119010819165378 0.578857421875 0.07109737248840804 0.05322265625
0 0.9126738794435858 0.632568359375 0.07418856259659969 0.05615234375
0 0.5989180834621329 0.82861328125 0.0919629057187017 0.04443359375
0 0.5962132921174652 0.87255859375 0.09428129829984544 0.04052734375
0 0.5946676970633694 0.90966796875 0.10432766615146831 0.0546875
0 0.4988408037094281 0.84912109375 0.08500772797527048 0.0625
0 0.4988408037094281 0.79052734375 0.1035548686244204 0.05810546875
0 0.4860896445131376 0.559814453125 0.11669242658423493 0.056640625
0 0.3844667697063369 0.455322265625 0.10432766615146831 0.05712890625
0 0.3767387944358578 0.404296875 0.10664605873261206 0.04345703125
0 0.5931221020092736 0.59130859375 0.0919629057187017 0.06298828125
0 0.5965996908809892 0.64501953125 0.09969088098918083 0.0458984375
0 0.2901854714064915 0.81982421875 0.09119010819165378 0.04638671875
0 0.29520865533230295 0.870849609375 0.09505409582689335 0.05859375
0 0.19319938176197837 0.86767578125 0.10278207109737249 0.0537109375
0 0.19513137557959814 0.91357421875 0.10200927357032458 0.04345703125
0 0.1812210200927357 0.51220703125 0.10278207109737249 0.0634765625
0 0.17387944358578053 0.452880859375 0.10278207109737249 0.06005859375
0 0.07032457496136012 0.473876953125 0.10123647604327667 0.0546875
0 0.07457496136012365 0.372802734375 0.10510046367851623 0.05810546875
0 0.06375579598145285 0.3173828125 0.10278207109737249 0.05517578125
0 0.17194744976816073 0.292724609375 0.10664605873261206 0.07275390625
0 0.17117465224111283 0.343017578125 0.09814528593508501 0.03369140625
1 0.9366306027820711 0.46533203125 0.027820710973724884 0.03857421875
1 0.9343122102009274 0.5771484375 0.02627511591962906 0.05224609375
1 0.9393353941267388 0.619140625 0.020865533230293665 0.02734375
1 0.9393353941267388 0.7041015625 0.03709428129829984 0.04443359375
1 0.8427357032457496 0.757080078125 0.030911901081916538 0.04638671875
1 0.8431221020092736 0.808349609375 0.02627511591962906 0.04345703125
1 0.6232612055641422 0.823974609375 0.02936630602782071 0.0322265625
1 0.6267387944358578 0.861572265625 0.025502318392581144 0.01708984375
1 0.6302163833075735 0.90234375 0.02627511591962906 0.04296875
1 0.5278207109737248 0.833740234375 0.02241112828438949 0.03271484375
1 0.5351622874806801 0.789306640625 0.03709428129829984 0.0322265625
1 0.21097372488408037 0.497314453125 0.03554868624420402 0.0263671875
1 0.20479134466769705 0.451416015625 0.0347758887171561 0.02978515625
1 0.0973724884080371 0.47412109375 0.0285935085007728 0.04833984375
1 0.22256568778979907 0.864990234375 0.03554868624420402 0.04833984375
1 0.22449768160741887 0.902587890625 0.03400309119010819 0.01953125
1 0.3172333848531685 0.8525390625 0.0285935085007728 0.01953125
1 0.31530139103554866 0.815185546875 0.02936630602782071 0.02099609375
1 0.10780525502318393 0.37060546875 0.0347758887171561 0.0537109375
1 0.0946676970633694 0.3203125 0.03554868624420402 0.04443359375
1 0.2036321483771252 0.294677734375 0.03323029366306028 0.06396484375
1 0.20208655332302936 0.341064453125 0.02936630602782071 0.021484375
1 0.20324574961360123 0.158935546875 0.02627511591962906 0.041015625
1 0.5019319938176198 0.21044921875 0.02241112828438949 0.04052734375
1 0.5023183925811437 0.24853515625 0.01854714064914992 0.02880859375
1 0.410741885625966 0.40673828125 0.03400309119010819 0.03515625
1 0.4142194744976816 0.45068359375 0.03400309119010819 0.03955078125
1 0.5208655332302936 0.559814453125 0.03786707882534776 0.05322265625
1 0.6224884080370943 0.593017578125 0.03168469860896445 0.05615234375
1 0.6197836166924265 0.635986328125 0.0285935085007728 0.02880859375
1 0.7256568778979907 0.5537109375 0.02472952086553323 0.05810546875
1 0.6263523956723338 0.51416015625 0.023183925811437404 0.046875
1 0.6259659969088099 0.4677734375 0.02627511591962906 0.04150390625
1 0.625579598145286 0.40625 0.023183925811437404 0.041015625
1 0.6190108191653787 0.358642578125 0.03632148377125193 0.04443359375
1 0.7152241112828439 0.34130859375 0.030139103554868624 0.04541015625
1 0.8257341576506955 0.368896484375 0.02241112828438949 0.03857421875
1 0.8272797527047914 0.449951171875 0.030911901081916538 0.0419921875
1 0.8299845440494591 0.497802734375 0.023956723338485315 0.04248046875