0 0.8863450531479967 0.156005859375 0.09403107113654947 0.041015625
0 0.8851185609157809 0.197998046875 0.09566639411283728 0.04443359375
0 0.5216680294358136 0.162841796875 0.10220768601798855 0.04443359375
0 0.5212591986917416 0.205810546875 0.10057236304170074 0.04248046875
0 0.40760425183973836 0.20751953125 0.10384300899427637 0.046875
0 0.4071954210956664 0.16064453125 0.10384300899427637 0.04541015625
0 0.285363859362224 0.160400390625 0.08340147179067865 0.041015625
0 0.17416189697465248 0.5576171875 0.0866721177432543 0.0361328125
0 0.1704824202780049 0.603515625 0.0964840556009812 0.06005859375
0 0.29476696647587897 0.601806640625 0.10139002452984465 0.04150390625
0 0.29354047424366314 0.559814453125 0.0973017170891251 0.04345703125
0 0.28618152085036797 0.187744140625 0.08013082583810302 0.01708984375
0 0.28577269010629597 0.213134765625 0.0874897792313982 0.03466796875
0 0.1643499591169256 0.1640625 0.09157808667211774 0.046875
0 0.16230580539656583 0.2080078125 0.10057236304170074 0.04150390625
0 0.8916598528209322 0.545654296875 0.09239574816026165 0.03466796875
0 0.8867538838920687 0.57275390625 0.09893704006541292 0.03076171875
0 0.8892068683565004 0.601806640625 0.10139002452984465 0.03564453125
0 0.6459525756336877 0.548828125 0.09403107113654947 0.02978515625
0 0.6488143908421913 0.5712890625 0.09076042518397383 0.01806640625
0 0.6479967293540474 0.6005859375 0.10220768601798855 0.0380859375
0 0.5314799672935405 0.606201171875 0.0964840556009812 0.0322265625
0 0.5294358135731807 0.572998046875 0.09811937857726902 0.03271484375
0 0.5269828291087489 0.543701171875 0.10139002452984465 0.0263671875
0 0.410874897792314 0.54541015625 0.09076042518397383 0.0244140625
0 0.4125102207686018 0.572265625 0.0973017170891251 0.0302734375
0 0.4133278822567457 0.603515625 0.1054783319705642 0.04296875
1 0.9145543744889616 0.19921875 0.029435813573180702 0.03564453125
1 0.9141455437448897 0.15625 0.033524121013900246 0.03662109375
1 0.553556827473426 0.162109375 0.03188879803761243 0.04248046875
1 0.5564186426819296 0.207275390625 0.032706459525756335 0.0361328125
1 0.4411283728536386 0.20654296875 0.029435813573180702 0.04541015625
1 0.44071954210956665 0.16064453125 0.03679476696647588 0.0439453125
1 0.31275551921504496 0.158203125 0.02616516762060507 0.03173828125
1 0.31520850367947667 0.18603515625 0.018806214227309895 0.01416015625
1 0.3160261651676206 0.20751953125 0.02044153720359771 0.0234375
1 0.1974652493867539 0.210693359375 0.024529844644317254 0.03125
1 0.1946034341782502 0.165283203125 0.029435813573180702 0.04443359375
1 0.9210956663941129 0.54638671875 0.029435813573180702 0.0302734375
1 0.9186426819296811 0.5712890625 0.022076860179885527 0.015625
1 0.9219133278822568 0.6005859375 0.025347506132461162 0.0341796875
1 0.6774325429272281 0.54736328125 0.023712183156173343 0.02685546875
1 0.6774325429272281 0.57275390625 0.02698282910874898 0.0146484375
1 0.679067865903516 0.59765625 0.03025347506132461 0.0283203125
1 0.562142273098937 0.603759765625 0.028618152085036794 0.02783203125
1 0.5637775960752248 0.571044921875 0.024529844644317254 0.0302734375
1 0.5580539656582175 0.54296875 0.02044153720359771 0.017578125
1 0.4403107113654947 0.543212890625 0.016353229762878167 0.0166015625
1 0.44603434178250206 0.5703125 0.027800490596892886 0.0205078125
1 0.44685200327064595 0.6025390625 0.03107113654946852 0.04150390625
1 0.32665576451349143 0.598388671875 0.033524121013900246 0.02490234375
1 0.3221586263286999 0.5615234375 0.03188879803761243 0.041015625
1 0.2019623875715454 0.557861328125 0.02698282910874898 0.03369140625
1 0.2007358953393295 0.600341796875 0.03434178250204415 0.0390625