0 0.8972554539057002 0.162353515625 0.06403940886699508 0.041015625
0 0.8976073187895848 0.2021484375 0.06403940886699508 0.03759765625
0 0.898311048557354 0.23779296875 0.06474313863476425 0.03857421875
0 0.8969035890218157 0.27099609375 0.0633356790992259 0.0244140625
0 0.8969035890218157 0.29541015625 0.06403940886699508 0.02587890625
0 0.8961998592540464 0.3193359375 0.059113300492610835 0.0205078125
0 0.8954961294862772 0.34765625 0.06052076002814919 0.0439453125
0 0.7853624208304011 0.28125 0.038001407459535536 0.0205078125
0 0.7843068261787474 0.263671875 0.03940886699507389 0.015625
0 0.7839549612948628 0.25146484375 0.03729767769176636 0.009765625
0 0.782899366643209 0.2392578125 0.03870513722730472 0.015625
0 0.7853624208304011 0.220703125 0.03940886699507389 0.01953125
0 0.7864180154820549 0.2021484375 0.036593947923997186 0.01708984375
0 0.7899366643209008 0.18505859375 0.03729767769176636 0.01611328125
0 0.747009148486981 0.185546875 0.03729767769176636 0.01904296875
0 0.7448979591836735 0.20556640625 0.03729767769176636 0.02001953125
0 0.7438423645320197 0.24560546875 0.03518648838845883 0.01953125
0 0.7012667135819846 0.2607421875 0.038001407459535536 0.025390625
0 0.7072484166080225 0.22705078125 0.03237156931738212 0.01953125
0 0.7054890921885996 0.20703125 0.03237156931738212 0.02197265625
1 0.9218859957776214 0.159912109375 0.011963406052076003 0.0263671875
1 0.9204785362420831 0.197021484375 0.014074595355383532 0.02099609375
1 0.9215341308937368 0.236083984375 0.013370865587614356 0.02294921875
1 0.9194229415904293 0.265869140625 0.012667135819845179 0.01171875
1 0.9187192118226601 0.291748046875 0.017593244194229415 0.021484375
1 0.9180154820548909 0.316162109375 0.01055594651653765 0.01171875
1 0.916256157635468 0.339111328125 0.017593244194229415 0.02734375
1 0.7976776917663617 0.239013671875 0.011963406052076003 0.015625
1 0.796622097114708 0.251708984375 0.009852216748768473 0.00732421875
1 0.7983814215341309 0.262939453125 0.009852216748768473 0.01171875
1 0.7952146375791695 0.280029296875 0.013370865587614356 0.0166015625
1 0.7132301196340605 0.26123046875 0.011963406052076003 0.02734375
1 0.7156931738212526 0.227294921875 0.014074595355383532 0.01806640625
1 0.7160450387051372 0.207275390625 0.012667135819845179 0.02099609375
1 0.7568613652357494 0.205322265625 0.011963406052076003 0.0166015625
1 0.758972554539057 0.186279296875 0.01055594651653765 0.01708984375
1 0.802603800140746 0.186279296875 0.014074595355383532 0.0146484375
1 0.7990851513019 0.201416015625 0.009852216748768473 0.013671875
1 0.7987332864180154 0.218994140625 0.014074595355383532 0.01416015625
1 0.7543983110485574 0.24365234375 0.011259676284306826 0.01025390625