0 0.8777231201686577 0.1572265625 0.06324666198172874 0.03759765625
0 0.8805340829234013 0.19580078125 0.06254392129304287 0.0380859375
0 0.881939564300773 0.23291015625 0.05762473647224174 0.0341796875
0 0.8833450456781448 0.26416015625 0.060435699226985246 0.02783203125
0 0.8882642304989459 0.291015625 0.05200281096275474 0.02783203125
0 0.8854532677442024 0.31640625 0.05692199578355587 0.02294921875
0 0.881939564300773 0.3427734375 0.06535488404778636 0.04345703125
0 0.7709065354884048 0.25 0.035839775122979624 0.021484375
0 0.7744202389318342 0.27294921875 0.03935347856640899 0.01904296875
0 0.7273366127898805 0.2744140625 0.03794799718903725 0.0234375
0 0.7280393534785664 0.25048828125 0.03794799718903725 0.02294921875
0 0.7287420941672523 0.2294921875 0.040758959943780745 0.01953125
0 0.7287420941672523 0.20751953125 0.04005621925509487 0.02294921875
0 0.7301475755446241 0.185546875 0.03935347856640899 0.02099609375
0 0.7702037947997189 0.1845703125 0.03724525650035137 0.02197265625
0 0.769501054111033 0.20751953125 0.03373155305692199 0.021484375
0 0.6872803935347856 0.24755859375 0.036542515811665496 0.01806640625
0 0.6872803935347856 0.27197265625 0.04146170063246662 0.02734375
1 0.7828531271960647 0.185546875 0.010541110330288124 0.02001953125
1 0.741391426563598 0.18212890625 0.014054813773717497 0.013671875
1 0.7406886858749122 0.20556640625 0.011946591707659873 0.0185546875
1 0.7828531271960647 0.2080078125 0.007027406886858749 0.0224609375
1 0.7835558678847505 0.24853515625 0.011946591707659873 0.02001953125
1 0.7842586085734364 0.27197265625 0.016163035839775124 0.0185546875
1 0.7392832044975404 0.2724609375 0.014054813773717497 0.01806640625
1 0.741391426563598 0.25 0.011243851018973999 0.01904296875
1 0.7406886858749122 0.22900390625 0.014757554462403373 0.017578125
1 0.6978215038650738 0.2470703125 0.012649332396345749 0.01708984375
1 0.6999297259311315 0.27197265625 0.012649332396345749 0.0234375
1 0.9023190442726634 0.15380859375 0.013352073085031623 0.0263671875
1 0.9023190442726634 0.1904296875 0.011243851018973999 0.02099609375
1 0.9051300070274069 0.22900390625 0.012649332396345749 0.02392578125
1 0.9058327477160928 0.26123046875 0.011946591707659873 0.0107421875
1 0.9058327477160928 0.2880859375 0.011243851018973999 0.02197265625
1 0.9079409697821503 0.3115234375 0.008432888264230498 0.01220703125
1 0.9065354884047786 0.33544921875 0.011946591707659873 0.02783203125