0 0.7683307332293292 0.2998046875 0.062402496099843996 0.02783203125
0 0.7675507020280812 0.328125 0.0514820592823713 0.029296875
0 0.6942277691107644 0.333251953125 0.07020280811232449 0.03173828125
0 0.6907176287051482 0.369384765625 0.06474258970358815 0.033203125
0 0.6953978159126365 0.406005859375 0.06786271450858035 0.0341796875
0 0.6973478939157566 0.444091796875 0.06318252730109204 0.03125
0 0.6938377535101404 0.480224609375 0.06474258970358815 0.03466796875
0 0.6969578783151326 0.517822265625 0.06708268330733229 0.03369140625
0 0.7776911076443058 0.548828125 0.059282371294851796 0.03857421875
0 0.6942277691107644 0.302978515625 0.062402496099843996 0.02685546875
0 0.6911076443057722 0.268798828125 0.06630265210608424 0.0361328125
0 0.6875975039001561 0.234130859375 0.062402496099843996 0.029296875
0 0.6056942277691107 0.238525390625 0.0686427457098284 0.03662109375
0 0.608424336973479 0.269775390625 0.05538221528861154 0.025390625
0 0.6131045241809673 0.299072265625 0.06162246489859594 0.0341796875
0 0.6142745709828393 0.404541015625 0.057722308892355696 0.0322265625
0 0.609594383775351 0.479248046875 0.06318252730109204 0.029296875
0 0.6150546021840874 0.512939453125 0.07410296411856475 0.03759765625
0 0.6158346333853354 0.547119140625 0.06006240249609984 0.029296875
0 0.6201248049921997 0.582275390625 0.06708268330733229 0.037109375
0 0.6177847113884556 0.617919921875 0.06786271450858035 0.03271484375
0 0.6989079563182528 0.582275390625 0.0686427457098284 0.03271484375
0 0.7035881435257411 0.617431640625 0.06474258970358815 0.04150390625
0 0.7765210608424337 0.68115234375 0.05070202808112324 0.03857421875
0 0.7800312012480499 0.71875 0.05538221528861154 0.0341796875
0 0.7788611544461779 0.78759765625 0.057722308892355696 0.037109375
0 0.7059282371294852 0.785400390625 0.06942277691107644 0.03955078125
0 0.7012480499219969 0.752197265625 0.06318252730109204 0.0283203125
0 0.6232449297971919 0.755615234375 0.0655226209048362 0.02685546875
0 0.6283151326053042 0.7861328125 0.06708268330733229 0.03564453125
0 0.6283151326053042 0.82373046875 0.06942277691107644 0.04150390625
0 0.6365054602184087 0.89111328125 0.0686427457098284 0.03515625
0 0.5577223088923557 0.8876953125 0.062402496099843996 0.0390625
0 0.5549921996879875 0.82373046875 0.06006240249609984 0.037109375
0 0.5491419656786272 0.75830078125 0.0655226209048362 0.03564453125
0 0.5487519500780031 0.68603515625 0.06006240249609984 0.03564453125
0 0.6193447737909517 0.720947265625 0.06786271450858035 0.03076171875
0 0.625195007800312 0.687744140625 0.06708268330733229 0.037109375
0 0.5429017160686428 0.58056640625 0.06786271450858035 0.0380859375
0 0.7137285491419657 0.886474609375 0.06708268330733229 0.0361328125
0 0.7070982839313572 0.821044921875 0.06786271450858035 0.02978515625
0 0.5378315132605305 0.23486328125 0.059282371294851796 0.02978515625
0 0.3958658346333853 0.269287109375 0.062402496099843996 0.0341796875
0 0.3202028081123245 0.2685546875 0.056162246489859596 0.029296875
0 0.48634945397815915 0.824951171875 0.05382215288611544 0.02880859375
0 0.484009360374415 0.791259765625 0.062402496099843996 0.0380859375
0 0.48049921996879874 0.721923828125 0.060842433697347896 0.03564453125
0 0.48088923556942276 0.650146484375 0.06318252730109204 0.03955078125
0 0.4083463338533541 0.654296875 0.057722308892355696 0.03466796875
0 0.40717628705148207 0.6904296875 0.062402496099843996 0.03271484375
0 0.40873634945397813 0.75390625 0.07566302652106084 0.0576171875
0 0.4169266770670827 0.82666015625 0.06396255850234009 0.0361328125
0 0.41497659906396256 0.86279296875 0.062402496099843996 0.0322265625
0 0.3408736349453978 0.862548828125 0.0748829953198128 0.0302734375
0 0.3471138845553822 0.895751953125 0.07644305772230889 0.03857421875
0 0.3373634945397816 0.828857421875 0.06942277691107644 0.03515625
0 0.3389235569422777 0.796630859375 0.0686427457098284 0.03369140625
0 0.27262090483619345 0.7939453125 0.06708268330733229 0.0361328125
0 0.26833073322932915 0.758056640625 0.06708268330733229 0.03662109375
0 0.3377535101404056 0.693603515625 0.07020280811232449 0.03857421875
0 0.33970358814352575 0.656494140625 0.06708268330733229 0.0361328125
0 0.3369734789391576 0.618408203125 0.060842433697347896 0.03173828125
0 0.3338533541341654 0.586181640625 0.062402496099843996 0.03271484375
0 0.40561622464898595 0.58544921875 0.07254290171606864 0.04296875
0 0.33073322932917315 0.552734375 0.0686427457098284 0.03173828125
0 0.3295631825273011 0.521484375 0.0686427457098284 0.03564453125
0 0.3244929797191888 0.44873046875 0.06318252730109204 0.03515625
0 0.3256630265210608 0.37744140625 0.06396255850234009 0.0380859375
0 0.33296701560062403 0.3341491904296875 0.3560582511700468 0.33670976904296873 0.35067863494539786 0.284730294921875 0.2890799906396256 0.2871305859375 0.2989563611544462 0.32256607666015624 0.3258296739469579 0.3198111826171875 0.33296701560062403 0.3341491904296875
0 0.25 0.269775390625 0.05850234009360374 0.0322265625
0 0.25195007800312014 0.302490234375 0.06318252730109204 0.03173828125
0 0.17706708268330734 0.271484375 0.059282371294851796 0.02880859375
0 0.17628705148205928 0.34033203125 0.05850234009360374 0.0400390625
0 0.10764430577223089 0.275146484375 0.06006240249609984 0.046875
0 0.10842433697347893 0.341064453125 0.07098283931357255 0.04150390625
0 0.10842433697347893 0.418701171875 0.07254290171606864 0.044921875
0 0.11388455538221529 0.452880859375 0.06708268330733229 0.0283203125
0 0.10881435257410296 0.485595703125 0.0748829953198128 0.033203125
0 0.18525741029641185 0.48828125 0.06396255850234009 0.04443359375
0 0.2546801872074883 0.481689453125 0.06630265210608424 0.0322265625
0 0.25195007800312014 0.446533203125 0.07098283931357255 0.0341796875
0 0.2550702028081123 0.413818359375 0.0717628705148206 0.0341796875
0 0.18330733229329174 0.41162109375 0.06396255850234009 0.0380859375
0 0.2578003120124805 0.515869140625 0.06006240249609984 0.03857421875
0 0.11466458658346333 0.555419921875 0.06318252730109204 0.0380859375
0 0.19071762870514822 0.5498046875 0.0717628705148206 0.03173828125
0 0.11466458658346333 0.620361328125 0.06474258970358815 0.03271484375
0 0.19032761310452417 0.62060546875 0.060842433697347896 0.02783203125
0 0.18837753510140406 0.6533203125 0.06708268330733229 0.03076171875
0 0.11349453978159127 0.656982421875 0.0655226209048362 0.0361328125
0 0.25702028081123246 0.689697265625 0.06318252730109204 0.0341796875
0 0.19266770670826833 0.72314453125 0.0655226209048362 0.0361328125
0 0.11388455538221529 0.726806640625 0.08190327613104524 0.037109375
0 0.18876755070202808 0.76025390625 0.060842433697347896 0.04248046875
0 0.11856474258970359 0.831298828125 0.07020280811232449 0.03515625
0 0.12792511700468018 0.899169921875 0.06942277691107644 0.0380859375
0 0.19890795631825273 0.8994140625 0.0655226209048362 0.03662109375
0 0.27223088923556943 0.89697265625 0.060842433697347896 0.03271484375
0 0.26833073322932915 0.862548828125 0.06786271450858035 0.03466796875
0 0.46840873634945396 0.407958984375 0.05850234009360374 0.0400390625
0 0.46879875195007803 0.444091796875 0.062402496099843996 0.0283203125
1 0.7078783151326054 0.229736328125 0.02106084243369735 0.01953125
1 0.7854914196567863 0.299072265625 0.01794071762870515 0.02490234375
1 0.7847113884555382 0.328369140625 0.0171606864274571 0.0302734375
1 0.7145085803432137 0.33251953125 0.02574102964118565 0.02783203125
1 0.7129485179407177 0.30078125 0.0202808112324493 0.0205078125
1 0.7117784711388455 0.2666015625 0.0218408736349454 0.03125
1 0.62597503900156 0.23828125 0.0202808112324493 0.03369140625
1 0.5510920436817472 0.23486328125 0.0218408736349454 0.02685546875
1 0.6283151326053042 0.26806640625 0.014040561622464899 0.01953125
1 0.6294851794071763 0.296875 0.0265210608424337 0.0322265625
1 0.7137285491419657 0.36279296875 0.0171606864274571 0.01904296875
1 0.7148985959438378 0.3994140625 0.015600624024960999 0.0224609375
1 0.6353354134165367 0.40234375 0.02418096723868955 0.02978515625
1 0.719188767550702 0.43994140625 0.015600624024960999 0.0205078125
1 0.718408736349454 0.474609375 0.01794071762870515 0.0224609375
1 0.7195787831513261 0.51123046875 0.02418096723868955 0.01904296875
1 0.641575663026521 0.50634765625 0.028081123244929798 0.01806640625
1 0.6302652106084243 0.474609375 0.02262090483619345 0.017578125
1 0.7917316692667706 0.547607421875 0.0218408736349454 0.0380859375
1 0.7203588143525741 0.5751953125 0.0218408736349454 0.02001953125
1 0.7215288611544461 0.61572265625 0.0265210608424337 0.0390625
1 0.641185647425897 0.615234375 0.033541341653666144 0.029296875
1 0.641965678627145 0.57958984375 0.028081123244929798 0.02783203125
1 0.6353354134165367 0.53955078125 0.02418096723868955 0.01953125
1 0.5670826833073322 0.579833984375 0.027301092043681748 0.03759765625
1 0.4879095163806552 0.4365234375 0.015600624024960999 0.01220703125
1 0.48868954758190325 0.40234375 0.01638065522620905 0.025390625
1 0.41770670826833073 0.26611328125 0.02106084243369735 0.02587890625
1 0.3381435257410296 0.268310546875 0.028081123244929798 0.029296875
1 0.26872074882995317 0.26708984375 0.01950078003120125 0.02880859375
1 0.19149765990639625 0.26318359375 0.0187207488299532 0.015625
1 0.12402496099843993 0.273681640625 0.0202808112324493 0.04736328125
1 0.13221528861154447 0.34130859375 0.0218408736349454 0.0400390625
1 0.19500780031201248 0.33740234375 0.0171606864274571 0.033203125
1 0.34360374414976597 0.370361328125 0.01794071762870515 0.02490234375
1 0.27262090483619345 0.3740234375 0.02418096723868955 0.04248046875
0 0.25546021840873634 0.373291015625 0.07098283931357255 0.046875
1 0.2796411856474259 0.40771484375 0.0218408736349454 0.01611328125
1 0.19773790951638065 0.406494140625 0.02418096723868955 0.02880859375
1 0.1310452418096724 0.41845703125 0.0249609984399376 0.0380859375
1 0.13533541341653665 0.45654296875 0.02262090483619345 0.01708984375
1 0.13260530421216848 0.4775390625 0.01950078003120125 0.02099609375
1 0.20397815912636505 0.487548828125 0.0218408736349454 0.0419921875
1 0.2753510140405616 0.47314453125 0.0202808112324493 0.01953125
1 0.2718408736349454 0.43798828125 0.027301092043681748 0.01416015625
1 0.3463338533541342 0.445068359375 0.02106084243369735 0.0302734375
1 0.27730109204368175 0.513671875 0.01950078003120125 0.03369140625
1 0.3537441497659906 0.512451171875 0.01950078003120125 0.02392578125
1 0.3537441497659906 0.549560546875 0.0218408736349454 0.025390625
1 0.42589703588143524 0.584228515625 0.02574102964118565 0.037109375
1 0.3541341653666147 0.582763671875 0.02262090483619345 0.02587890625
1 0.2078783151326053 0.547607421875 0.027301092043681748 0.02587890625
1 0.13455538221528862 0.54833984375 0.01950078003120125 0.0205078125
1 0.1435257410296412 0.615234375 0.01794071762870515 0.0224609375
1 0.21138845553822153 0.619873046875 0.0234009360374415 0.02734375
1 0.2078783151326053 0.653564453125 0.0265210608424337 0.0283203125
1 0.14079563182527302 0.65625 0.0234009360374415 0.03662109375
1 0.1419656786271451 0.7265625 0.0218408736349454 0.037109375
1 0.21372854914196568 0.721923828125 0.02418096723868955 0.03515625
1 0.28042121684867394 0.68408203125 0.0187207488299532 0.0244140625
1 0.28861154446177845 0.75830078125 0.0202808112324493 0.03515625
1 0.21333853354134166 0.760498046875 0.01638065522620905 0.04150390625
1 0.1485959438377535 0.828125 0.0187207488299532 0.0205078125
1 0.14040561622464898 0.89892578125 0.0187207488299532 0.03564453125
1 0.21918876755070202 0.895263671875 0.0218408736349454 0.02099609375
1 0.2878315132605304 0.89697265625 0.027301092043681748 0.02685546875
1 0.2870514820592824 0.86181640625 0.0218408736349454 0.03125
1 0.3623244929797192 0.85595703125 0.02106084243369735 0.01611328125
1 0.36427457098283933 0.89013671875 0.02574102964118565 0.0234375
1 0.36154446177847116 0.8212890625 0.028081123244929798 0.01953125
1 0.35998439937597504 0.79150390625 0.0249609984399376 0.02197265625
1 0.4297971918876755 0.753173828125 0.0265210608424337 0.05859375
1 0.4411076443057722 0.826416015625 0.028081123244929798 0.03662109375
1 0.4329173166926677 0.861083984375 0.0171606864274571 0.02587890625
1 0.500390015600624 0.82373046875 0.0202808112324493 0.0283203125
1 0.500390015600624 0.79052734375 0.0187207488299532 0.04150390625
1 0.5686427457098284 0.753173828125 0.02262090483619345 0.02294921875
1 0.4968798751950078 0.71826171875 0.014040561622464899 0.0283203125
1 0.5666926677067082 0.685302734375 0.01794071762870515 0.03515625
1 0.6439157566302652 0.6796875 0.0265210608424337 0.015625
1 0.641575663026521 0.71337890625 0.02262090483619345 0.015625
1 0.6450858034321373 0.7490234375 0.01638065522620905 0.017578125
1 0.6478159126365055 0.7861328125 0.0171606864274571 0.0322265625
1 0.6485959438377535 0.8173828125 0.02106084243369735 0.0263671875
1 0.65600624024961 0.887451171875 0.02574102964118565 0.02880859375
1 0.5768330733229329 0.883544921875 0.02262090483619345 0.0341796875
1 0.7312792511700468 0.88330078125 0.027301092043681748 0.0341796875
1 0.7304992199687987 0.81689453125 0.01950078003120125 0.0205078125
1 0.7277691107644306 0.78369140625 0.028081123244929798 0.03173828125
1 0.7230889235569423 0.74658203125 0.01950078003120125 0.0146484375
1 0.7940717628705148 0.717041015625 0.01950078003120125 0.025390625
1 0.7944617784711389 0.681396484375 0.0218408736349454 0.037109375
1 0.797191887675507 0.781005859375 0.028861154446177848 0.0244140625
1 0.49453978159126366 0.64599609375 0.0218408736349454 0.03076171875
1 0.42706708268330734 0.653076171875 0.0249609984399376 0.03271484375
1 0.4262870514820593 0.688720703125 0.01638065522620905 0.0263671875
1 0.36076443057722307 0.6865234375 0.0234009360374415 0.02099609375
1 0.359204368174727 0.65625 0.02574102964118565 0.03466796875
1 0.35569422776911075 0.619384765625 0.02418096723868955 0.03173828125
1 0.2905616224648986 0.7939453125 0.02262090483619345 0.02783203125
1 0.3408736349453978 0.309326171875 0.0265210608424337 0.048828125
1 0.26911076443057724 0.30078125 0.02262090483619345 0.03173828125
1 0.5741029641185648 0.814208984375 0.02574102964118565 0.02099609375