0 0.91748046875 0.36738578680203043 0.02392578125 0.023477157360406092
0 0.91845703125 0.39149746192893403 0.02392578125 0.021573604060913704
0 0.91796875 0.4118020304568528 0.02587890625 0.01649746192893401
0 0.91748046875 0.42956852791878175 0.0234375 0.01713197969543147
0 0.91796875 0.4486040609137056 0.025390625 0.022208121827411168
0 0.89111328125 0.3623096446700508 0.02197265625 0.015862944162436547
0 0.89208984375 0.37944162436548223 0.0234375 0.01713197969543147
0 0.89306640625 0.40926395939086296 0.01806640625 0.01903553299492386
0 0.8720703125 0.40926395939086296 0.01904296875 0.02918781725888325
1 0.9248046875 0.3680203045685279 0.00732421875 0.02030456852791878
1 0.92578125 0.3864213197969543 0.01025390625 0.010786802030456852
1 0.92578125 0.41116751269035534 0.00927734375 0.015862944162436547
1 0.9248046875 0.42956852791878175 0.00732421875 0.01649746192893401
1 0.923828125 0.44352791878172587 0.00537109375 0.01015228426395939
1 0.89697265625 0.40926395939086296 0.00830078125 0.018401015228426396
1 0.89990234375 0.37817258883248733 0.00537109375 0.01649746192893401
1 0.8984375 0.3623096446700508 0.00732421875 0.013959390862944163
1 0.87841796875 0.40926395939086296 0.005859375 0.025380710659898477