0 0.644775390625 0.21130551816958276 0.03857421875 0.04374158815612382
0 0.644287109375 0.2503364737550471 0.04296875 0.03633916554508748
0 0.5615234375 0.3122476446837147 0.03955078125 0.03633916554508748
0 0.56201171875 0.3553162853297443 0.03759765625 0.04845222072678331
0 0.68115234375 0.5400403768506057 0.03955078125 0.040376850605652756
0 0.6826171875 0.5777254374158816 0.0400390625 0.034320323014804845
0 0.395751953125 0.3714670255720054 0.0390625 0.046433378196500674
0 0.396240234375 0.556864064602961 0.041015625 0.0477792732166891
0 0.393798828125 0.6016150740242261 0.03564453125 0.04306864064602961
0 0.39599609375 0.645693135935397 0.03662109375 0.04374158815612382
1 0.695068359375 0.5693135935397039 0.01171875 0.01816958277254374
1 0.69482421875 0.5376850605652759 0.01123046875 0.03095558546433378
1 0.5732421875 0.35430686406460293 0.0146484375 0.047106325706594884
1 0.57373046875 0.3112382234185734 0.01220703125 0.03297442799461642
1 0.658935546875 0.24528936742934052 0.0126953125 0.02288021534320323
1 0.658447265625 0.2082772543741588 0.0107421875 0.03095558546433378
1 0.408447265625 0.36305518169582773 0.01025390625 0.023553162853297442
1 0.409423828125 0.5578734858681023 0.0126953125 0.039703903095558546
1 0.407958984375 0.6026244952893675 0.00927734375 0.03566621803499327
1 0.406982421875 0.6403095558546433 0.01220703125 0.03297442799461642