0 0.849388379204893 0.24365234375 0.06116207951070336 0.03759765625
0 0.7790519877675841 0.243408203125 0.06804281345565749 0.0322265625
0 0.7828746177370031 0.272705078125 0.06651376146788991 0.02685546875
0 0.7821100917431193 0.295654296875 0.06422018348623854 0.02197265625
0 0.6429663608562691 0.247314453125 0.053516819571865444 0.0283203125
0 0.845565749235474 0.2998046875 0.04357798165137615 0.02587890625
0 0.8470948012232415 0.35595703125 0.06651376146788991 0.03173828125
0 0.8516819571865444 0.38720703125 0.07033639143730887 0.03466796875
0 0.8509174311926605 0.439453125 0.06345565749235474 0.033203125
0 0.8512996941896025 0.48291015625 0.06192660550458716 0.02392578125
0 0.8520642201834863 0.51123046875 0.06039755351681957 0.0341796875
0 0.85282874617737 0.5439453125 0.05504587155963303 0.03369140625
0 0.8516819571865444 0.576171875 0.0672782874617737 0.041015625
0 0.8574159021406728 0.68212890625 0.07110091743119266 0.03369140625
0 0.8547400611620795 0.71533203125 0.06880733944954129 0.03466796875
0 0.8600917431192661 0.74658203125 0.06957186544342507 0.03466796875
0 0.8623853211009175 0.77783203125 0.06651376146788991 0.03125
0 0.8662079510703364 0.88916015625 0.06880733944954129 0.04541015625
0 0.7878440366972477 0.847412109375 0.06192660550458716 0.02001953125
0 0.7901376146788991 0.818115234375 0.06269113149847094 0.0283203125
0 0.7909021406727829 0.737548828125 0.06498470948012232 0.02880859375
0 0.7870795107033639 0.708740234375 0.0672782874617737 0.0283203125
0 0.7870795107033639 0.681396484375 0.06192660550458716 0.02880859375
0 0.7813455657492355 0.382080078125 0.0672782874617737 0.03564453125
0 0.7798165137614679 0.413818359375 0.06345565749235474 0.025390625
0 0.7779051987767585 0.463134765625 0.06498470948012232 0.0283203125
0 0.7798165137614679 0.491943359375 0.05733944954128441 0.03125
0 0.7790519877675841 0.524169921875 0.06269113149847094 0.0322265625
0 0.7805810397553516 0.551513671875 0.06651376146788991 0.0244140625
0 0.7844036697247706 0.580322265625 0.06192660550458716 0.03564453125
0 0.7930153211009174 0.6415434462890625 0.8152301850152904 0.6412957939453126 0.817109372324159 0.59712671484375 0.7486135206422018 0.597890310546875 0.752355874617737 0.621893568359375 0.7906363448012232 0.6222551625976562 0.7930153211009174 0.6415434462890625
0 0.7642736880733945 0.8772771723632813 0.7615684250764526 0.8686353774414063 0.735227876911315 0.876024267578125 0.7176125657492355 0.8864693217773437 0.6974110603975535 0.8844971850585938 0.6974395733944954 0.9162576791992187 0.7572748042813455 0.9148022553710937 0.7642736880733945 0.8772771723632813
0 0.7217125382262997 0.857421875 0.05963302752293578 0.0302734375
0 0.7240061162079511 0.83056640625 0.05733944954128441 0.0234375
0 0.724388379204893 0.79833984375 0.05963302752293578 0.0380859375
0 0.7186544342507645 0.74853515625 0.05657492354740061 0.03857421875
0 0.7201834862385321 0.7177734375 0.06116207951070336 0.025390625
0 0.7198012232415902 0.658203125 0.06039755351681957 0.03662109375
0 0.7159785932721713 0.6875 0.06269113149847094 0.0341796875
0 0.7198012232415902 0.62890625 0.0581039755351682 0.02587890625
0 0.7102446483180428 0.50341796875 0.06269113149847094 0.03173828125
0 0.7087155963302753 0.470703125 0.06192660550458716 0.0341796875
0 0.7110091743119266 0.42138671875 0.06804281345565749 0.0283203125
0 0.713302752293578 0.24609375 0.0672782874617737 0.041015625
0 0.7071865443425076 0.2783203125 0.06880733944954129 0.02685546875
0 0.7110091743119266 0.30908203125 0.06651376146788991 0.0302734375
0 0.706039755351682 0.34033203125 0.06957186544342507 0.03125
0 0.6467889908256881 0.475830078125 0.058868501529051986 0.0244140625
0 0.6452599388379205 0.502197265625 0.06192660550458716 0.02685546875
0 0.6475535168195719 0.528076171875 0.0581039755351682 0.03076171875
0 0.650611620795107 0.558349609375 0.06651376146788991 0.02783203125
0 0.6513761467889908 0.639404296875 0.058868501529051986 0.03662109375
0 0.6555810397553516 0.676025390625 0.06804281345565749 0.04248046875
0 0.6548165137614679 0.799560546875 0.06116207951070336 0.02294921875
0 0.6555810397553516 0.848876953125 0.06804281345565749 0.02587890625
0 0.6578746177370031 0.875732421875 0.06345565749235474 0.02734375
0 0.5152905198776758 0.358154296875 0.06116207951070336 0.02734375
0 0.514525993883792 0.388427734375 0.06957186544342507 0.03662109375
0 0.5191131498470948 0.421630859375 0.06651376146788991 0.0244140625
0 0.5749235474006116 0.24755859375 0.06651376146788991 0.029296875
0 0.581039755351682 0.28076171875 0.05963302752293578 0.03515625
0 0.44724770642201833 0.2490234375 0.06345565749235474 0.0341796875
0 0.4491590214067278 0.2841796875 0.06651376146788991 0.03076171875
0 0.4506880733944954 0.3154296875 0.058868501529051986 0.0185546875
0 0.44839449541284404 0.341796875 0.05733944954128441 0.03662109375
0 0.44533639143730885 0.37841796875 0.05733944954128441 0.03515625
0 0.44954128440366975 0.412109375 0.05963302752293578 0.03369140625
0 0.44724770642201833 0.43798828125 0.05581039755351682 0.02685546875
0 0.44686544342507645 0.46337890625 0.05504587155963303 0.02685546875
0 0.44762996941896027 0.49267578125 0.054281345565749234 0.0341796875
0 0.44801223241590216 0.52490234375 0.05198776758409786 0.0283203125
0 0.4491590214067278 0.572265625 0.0672782874617737 0.0224609375
0 0.4491590214067278 0.59765625 0.06422018348623854 0.03076171875
0 0.45298165137614677 0.62890625 0.06039755351681957 0.03173828125
0 0.452217125382263 0.66064453125 0.07033639143730887 0.03369140625
0 0.45565749235474007 0.6982421875 0.06498470948012232 0.0341796875
0 0.4583333333333333 0.73193359375 0.06651376146788991 0.029296875
0 0.45909785932721714 0.7626953125 0.06498470948012232 0.029296875
0 0.4602446483180428 0.78564453125 0.05198776758409786 0.02099609375
0 0.4610091743119266 0.81103515625 0.05733944954128441 0.02880859375
0 0.4648318042813456 0.83984375 0.06192660550458716 0.02734375
0 0.4583333333333333 0.87890625 0.06651376146788991 0.02734375
0 0.4629204892966361 0.9091796875 0.05733944954128441 0.02978515625
0 0.3948776758409786 0.856201171875 0.05963302752293578 0.02734375
0 0.393348623853211 0.819091796875 0.06192660550458716 0.0263671875
0 0.39105504587155965 0.794189453125 0.06651376146788991 0.02294921875
0 0.38035168195718655 0.319580078125 0.06498470948012232 0.02978515625
0 0.38035168195718655 0.346923828125 0.06422018348623854 0.025390625
0 0.38035168195718655 0.377197265625 0.06269113149847094 0.03662109375
0 0.38073394495412843 0.410400390625 0.0672782874617737 0.02978515625
0 0.3845565749235474 0.438232421875 0.06422018348623854 0.0263671875
0 0.38340978593272174 0.465576171875 0.07186544342507645 0.02734375
0 0.37996941896024466 0.503173828125 0.06651376146788991 0.0234375
0 0.3837920489296636 0.533935546875 0.06651376146788991 0.03857421875
0 0.3811162079510703 0.564697265625 0.06498470948012232 0.0283203125
0 0.38837920489296635 0.617431640625 0.058868501529051986 0.03955078125
0 0.38340978593272174 0.705810546875 0.06804281345565749 0.02783203125
0 0.3857033639143731 0.736083984375 0.06422018348623854 0.033203125
0 0.39105504587155965 0.766845703125 0.05733944954128441 0.02978515625
0 0.31116207951070335 0.25244140625 0.07186544342507645 0.0341796875
0 0.24311926605504589 0.25390625 0.06039755351681957 0.03662109375
0 0.31574923547400613 0.3037109375 0.05963302752293578 0.02880859375
0 0.31422018348623854 0.330078125 0.0672782874617737 0.03173828125
0 0.31536697247706424 0.43701171875 0.05963302752293578 0.0439453125
0 0.3073394495412844 0.471435546875 0.06345565749235474 0.033203125
0 0.31574923547400613 0.52734375 0.06574923547400612 0.03466796875
0 0.3191896024464832 0.64892578125 0.06422018348623854 0.04443359375
0 0.3264525993883792 0.7744140625 0.05963302752293578 0.025390625
0 0.3253058103975535 0.80029296875 0.0581039755351682 0.02685546875
0 0.3283639143730887 0.84619140625 0.0581039755351682 0.02197265625
0 0.3283639143730887 0.87255859375 0.054281345565749234 0.029296875
0 0.2515290519877676 0.306884765625 0.06345565749235474 0.03125
0 0.24694189602446484 0.337646484375 0.06498470948012232 0.0322265625
0 0.2484709480122324 0.388916015625 0.06957186544342507 0.03515625
0 0.257262996941896 0.537353515625 0.053516819571865444 0.0380859375
0 0.2545871559633027 0.647705078125 0.06269113149847094 0.03076171875
0 0.25344036697247707 0.680419921875 0.05581039755351682 0.03125
0 0.257262996941896 0.712158203125 0.04969418960244648 0.0263671875
0 0.2580275229357798 0.760498046875 0.05963302752293578 0.02685546875
0 0.2595565749235474 0.789306640625 0.05657492354740061 0.02783203125
0 0.26185015290519875 0.828857421875 0.053516819571865444 0.029296875
0 0.25840978593272174 0.860107421875 0.0581039755351682 0.0341796875
0 0.26337920489296635 0.908935546875 0.06116207951070336 0.0302734375
0 0.17813455657492355 0.366943359375 0.058868501529051986 0.04150390625
0 0.18501529051987767 0.421875 0.05581039755351682 0.04150390625
0 0.18807339449541285 0.46923828125 0.05657492354740061 0.0224609375
0 0.18730886850152906 0.49658203125 0.06422018348623854 0.02783203125
0 0.18730886850152906 0.52587890625 0.05733944954128441 0.02783203125
0 0.18807339449541285 0.5556640625 0.06192660550458716 0.02978515625
0 0.1918960244648318 0.58447265625 0.06498470948012232 0.02587890625
0 0.19036697247706422 0.61376953125 0.058868501529051986 0.029296875
0 0.1926605504587156 0.6396484375 0.053516819571865444 0.0185546875
0 0.19724770642201836 0.66259765625 0.054281345565749234 0.0283203125
0 0.19495412844036697 0.7041015625 0.05963302752293578 0.02490234375
0 0.19801223241590213 0.7314453125 0.07033639143730887 0.03369140625
0 0.19877675840978593 0.78173828125 0.06039755351681957 0.033203125
0 0.19839449541284404 0.8173828125 0.06269113149847094 0.0322265625
0 0.19877675840978593 0.8671875 0.05504587155963303 0.02197265625
0 0.19648318042813456 0.8896484375 0.06192660550458716 0.0224609375
0 0.19686544342507645 0.9130859375 0.06039755351681957 0.0234375
0 0.13073394495412843 0.868896484375 0.06651376146788991 0.02783203125
0 0.13073394495412843 0.730712890625 0.06192660550458716 0.041015625
0 0.12385321100917432 0.675537109375 0.06422018348623854 0.02978515625
0 0.1265290519877676 0.650146484375 0.05963302752293578 0.0224609375
0 0.125 0.623779296875 0.06498470948012232 0.029296875
0 0.12404651376146789 0.3101635732421875 0.14631522706422018 0.31188621826171875 0.14485054051987767 0.2582941088867188 0.09230182798165137 0.255332310546875 0.09066276911314984 0.2857024125976563 0.11781429128440367 0.28539972607421876 0.12404651376146789 0.3101635732421875
0 0.1162079510703364 0.329345703125 0.0581039755351682 0.03955078125
0 0.11314984709480122 0.3681640625 0.05504587155963303 0.0341796875
0 0.1158256880733945 0.399169921875 0.05733944954128441 0.03076171875
0 0.12041284403669725 0.484130859375 0.06498470948012232 0.02978515625
0 0.1158256880733945 0.45458984375 0.07033639143730887 0.029296875
0 0.11964831804281345 0.537841796875 0.05963302752293578 0.02783203125
0 0.11811926605504587 0.565185546875 0.06192660550458716 0.025390625
0 0.1242354740061162 0.593994140625 0.058868501529051986 0.03125
0 0.5217889908256881 0.628662109375 0.06269113149847094 0.03173828125
0 0.5202599388379205 0.602294921875 0.06345565749235474 0.0263671875
0 0.5194954128440367 0.571044921875 0.06039755351681957 0.03955078125
0 0.518348623853211 0.531005859375 0.07110091743119266 0.041015625
0 0.5175840978593272 0.494384765625 0.07110091743119266 0.0322265625
0 0.5156727828746177 0.452880859375 0.06192660550458716 0.0400390625
1 0.863914373088685 0.240966796875 0.02217125382262997 0.02587890625
1 0.8555045871559633 0.3037109375 0.016819571865443424 0.01416015625
1 0.8669724770642202 0.354248046875 0.021406727828746176 0.02880859375
1 0.8685015290519877 0.386962890625 0.020642201834862386 0.02880859375
1 0.867737003058104 0.438720703125 0.0191131498470948 0.0224609375
1 0.871177370030581 0.482177734375 0.0191131498470948 0.01806640625
1 0.8688837920489296 0.509033203125 0.024464831804281346 0.0263671875
1 0.8665902140672783 0.540771484375 0.019877675840978593 0.0224609375
1 0.8715596330275229 0.575439453125 0.022935779816513763 0.037109375
1 0.8757645259938838 0.682373046875 0.02522935779816514 0.0322265625
1 0.8734709480122325 0.711669921875 0.0191131498470948 0.021484375
1 0.8799694189602446 0.749267578125 0.027522935779816515 0.0234375
1 0.882262996941896 0.779541015625 0.023700305810397553 0.0283203125
1 0.886085626911315 0.884033203125 0.019877675840978593 0.0341796875
1 0.8054281345565749 0.84521484375 0.0191131498470948 0.0126953125
1 0.8054281345565749 0.81787109375 0.021406727828746176 0.0263671875
1 0.8100152905198776 0.73876953125 0.02599388379204893 0.02587890625
1 0.8069571865443425 0.70849609375 0.021406727828746176 0.0244140625
1 0.8069571865443425 0.67919921875 0.016819571865443424 0.0166015625
1 0.8008409785932722 0.619140625 0.020642201834862386 0.0380859375
1 0.8012232415902141 0.58349609375 0.02217125382262997 0.02734375
1 0.8058103975535168 0.55322265625 0.02217125382262997 0.0185546875
1 0.8012232415902141 0.5244140625 0.017584097859327217 0.03125
1 0.7981651376146789 0.49169921875 0.01834862385321101 0.0283203125
1 0.7993119266055045 0.46240234375 0.01452599388379205 0.02685546875
1 0.7974006116207951 0.4140625 0.023700305810397553 0.02685546875
1 0.7996941896024465 0.3828125 0.027522935779816515 0.0361328125
1 0.8000764525993884 0.29443359375 0.0191131498470948 0.013671875
1 0.8012232415902141 0.27294921875 0.02217125382262997 0.0224609375
1 0.8019877675840978 0.2421875 0.021406727828746176 0.025390625
1 0.7293577981651376 0.247314453125 0.02522935779816514 0.03271484375
1 0.7285932721712538 0.278564453125 0.013761467889908258 0.01953125
1 0.7289755351681957 0.310791015625 0.023700305810397553 0.02587890625
1 0.7266819571865444 0.33984375 0.01834862385321101 0.0302734375
1 0.731651376146789 0.419677734375 0.0191131498470948 0.0234375
1 0.7255351681957186 0.47021484375 0.017584097859327217 0.02978515625
1 0.7308868501529052 0.500732421875 0.023700305810397553 0.02392578125
1 0.7358562691131498 0.626708984375 0.021406727828746176 0.01953125
1 0.7350917431192661 0.655517578125 0.0191131498470948 0.02392578125
1 0.7366207951070336 0.684326171875 0.016819571865443424 0.02783203125
1 0.735474006116208 0.717529296875 0.020642201834862386 0.02197265625
1 0.7385321100917431 0.747802734375 0.022935779816513763 0.0341796875
1 0.7419724770642202 0.798583984375 0.02522935779816514 0.03564453125
1 0.7392966360856269 0.829833984375 0.021406727828746176 0.01904296875
1 0.7400611620795107 0.857177734375 0.01834862385321101 0.0283203125
1 0.7484709480122325 0.889892578125 0.026758409785932722 0.0361328125
1 0.6785168195718655 0.8701171875 0.0191131498470948 0.01513671875
1 0.6777522935779816 0.84814453125 0.010703363914373088 0.021484375
1 0.6750764525993884 0.7998046875 0.0191131498470948 0.0205078125
1 0.6743119266055045 0.669921875 0.021406727828746176 0.02734375
1 0.668960244648318 0.64013671875 0.021406727828746176 0.0283203125
1 0.6712538226299695 0.56005859375 0.0191131498470948 0.01513671875
1 0.6704892966360856 0.52783203125 0.01452599388379205 0.0283203125
1 0.6651376146788991 0.4970703125 0.016055045871559634 0.02490234375
1 0.6659021406727829 0.474609375 0.016055045871559634 0.01611328125
1 0.6574923547400612 0.249267578125 0.01529051987767584 0.02587890625
1 0.5948012232415902 0.248046875 0.020642201834862386 0.0244140625
1 0.595565749235474 0.276123046875 0.01834862385321101 0.02685546875
1 0.5344036697247706 0.35986328125 0.02217125382262997 0.0205078125
1 0.5328746177370031 0.38916015625 0.020642201834862386 0.0341796875
1 0.5344036697247706 0.42138671875 0.024464831804281346 0.02294921875
1 0.5347859327217125 0.451171875 0.021406727828746176 0.0341796875
1 0.5374617737003058 0.49365234375 0.02522935779816514 0.03076171875
1 0.5412844036697247 0.52685546875 0.024464831804281346 0.03125
1 0.5401376146788991 0.57080078125 0.020642201834862386 0.03662109375
1 0.5393730886850153 0.60302734375 0.021406727828746176 0.01904296875
1 0.5454892966360856 0.626953125 0.020642201834862386 0.02392578125
1 0.4629204892966361 0.2568359375 0.020642201834862386 0.0263671875
1 0.4648318042813456 0.282958984375 0.02217125382262997 0.01953125
1 0.4659785932721712 0.316650390625 0.0191131498470948 0.01904296875
1 0.46521406727828746 0.341552734375 0.017584097859327217 0.0322265625
1 0.46368501529051986 0.37890625 0.01529051987767584 0.02880859375
1 0.463302752293578 0.41162109375 0.02217125382262997 0.03173828125
1 0.46406727828746175 0.4404296875 0.016819571865443424 0.02099609375
1 0.4659785932721712 0.45947265625 0.016055045871559634 0.015625
1 0.46368501529051986 0.4921875 0.016819571865443424 0.02978515625
1 0.46712538226299694 0.5224609375 0.017584097859327217 0.0224609375
1 0.46827217125382264 0.571044921875 0.023700305810397553 0.02001953125
1 0.470565749235474 0.597412109375 0.020642201834862386 0.03173828125
1 0.47438837920489296 0.629150390625 0.0191131498470948 0.0302734375
1 0.47629969418960244 0.661376953125 0.017584097859327217 0.0322265625
1 0.4793577981651376 0.697509765625 0.023700305810397553 0.0322265625
1 0.47744648318042815 0.732666015625 0.020642201834862386 0.0263671875
1 0.4820336391437309 0.762939453125 0.02522935779816514 0.0322265625
1 0.47744648318042815 0.788818359375 0.012996941896024464 0.0126953125
1 0.4793577981651376 0.806884765625 0.020642201834862386 0.0205078125
1 0.481651376146789 0.836181640625 0.020642201834862386 0.0263671875
1 0.4827981651376147 0.878173828125 0.019877675840978593 0.02783203125
1 0.4805045871559633 0.902587890625 0.016055045871559634 0.01611328125
1 0.415519877675841 0.85400390625 0.0191131498470948 0.0224609375
1 0.4124617737003058 0.81640625 0.0191131498470948 0.01953125
1 0.41093272171253825 0.79443359375 0.01834862385321101 0.021484375
1 0.40863914373088683 0.7685546875 0.016819571865443424 0.03076171875
1 0.40863914373088683 0.73583984375 0.016055045871559634 0.033203125
1 0.40634556574923547 0.70458984375 0.016819571865443424 0.02490234375
1 0.40519877675840976 0.61328125 0.02217125382262997 0.0302734375
1 0.4029051987767584 0.56201171875 0.01529051987767584 0.02099609375
1 0.404434250764526 0.5322265625 0.023700305810397553 0.03662109375
1 0.40519877675840976 0.50146484375 0.020642201834862386 0.0146484375
1 0.40863914373088683 0.46240234375 0.024464831804281346 0.0244140625
1 0.40214067278287463 0.43896484375 0.023700305810397553 0.0244140625
1 0.4040519877675841 0.40869140625 0.022935779816513763 0.02685546875
1 0.4009938837920489 0.37841796875 0.0191131498470948 0.033203125
1 0.40022935779816515 0.3466796875 0.021406727828746176 0.021484375
1 0.40175840978593275 0.3212890625 0.02522935779816514 0.02587890625
1 0.33256880733944955 0.251708984375 0.020642201834862386 0.0205078125
1 0.33256880733944955 0.30419921875 0.024464831804281346 0.029296875
1 0.3333333333333333 0.33056640625 0.0191131498470948 0.025390625
1 0.33562691131498473 0.438720703125 0.016819571865443424 0.0390625
1 0.3318042813455658 0.47021484375 0.023700305810397553 0.0234375
1 0.3363914373088685 0.528564453125 0.021406727828746176 0.02734375
1 0.34059633027522934 0.648681640625 0.020642201834862386 0.04248046875
1 0.3440366972477064 0.774658203125 0.01834862385321101 0.02294921875
1 0.3444189602446483 0.796142578125 0.009174311926605505 0.01220703125
1 0.3451834862385321 0.843994140625 0.016819571865443424 0.0244140625
1 0.3463302752293578 0.863037109375 0.016819571865443424 0.01220703125
1 0.28478593272171254 0.90576171875 0.02217125382262997 0.0234375
1 0.2779051987767584 0.85498046875 0.020642201834862386 0.02392578125
1 0.27561162079510704 0.828125 0.02217125382262997 0.0263671875
1 0.27561162079510704 0.79052734375 0.020642201834862386 0.0263671875
1 0.27408256880733944 0.7607421875 0.02217125382262997 0.02587890625
1 0.27102446483180426 0.710693359375 0.016055045871559634 0.02294921875
1 0.2717889908256881 0.677001953125 0.017584097859327217 0.02294921875
1 0.2717889908256881 0.651123046875 0.020642201834862386 0.02490234375
1 0.27102446483180426 0.53857421875 0.022935779816513763 0.0380859375
1 0.268348623853211 0.389404296875 0.027522935779816515 0.03125
1 0.2691131498470948 0.32861328125 0.02217125382262997 0.01611328125
1 0.2706422018348624 0.3076171875 0.022935779816513763 0.021484375
1 0.26376146788990823 0.253662109375 0.016819571865443424 0.0322265625
1 0.13149847094801223 0.283447265625 0.01834862385321101 0.05029296875
1 0.13379204892966362 0.334716796875 0.017584097859327217 0.02685546875
1 0.13149847094801223 0.366455078125 0.017584097859327217 0.0341796875
1 0.19418960244648317 0.36669921875 0.022935779816513763 0.0390625
1 0.1341743119266055 0.399169921875 0.020642201834862386 0.02685546875
1 0.19801223241590213 0.42333984375 0.019877675840978593 0.03759765625
1 0.1334097859327217 0.453857421875 0.024464831804281346 0.02783203125
1 0.2018348623853211 0.47265625 0.01834862385321101 0.01513671875
1 0.13646788990825687 0.484130859375 0.027522935779816515 0.02734375
1 0.20489296636085627 0.495361328125 0.024464831804281346 0.025390625
1 0.20412844036697247 0.525390625 0.0191131498470948 0.0234375
1 0.20565749235474007 0.552001953125 0.021406727828746176 0.02001953125
1 0.20871559633027523 0.584228515625 0.023700305810397553 0.02294921875
1 0.13876146788990826 0.566162109375 0.020642201834862386 0.02490234375
1 0.13799694189602446 0.538330078125 0.0191131498470948 0.02490234375
1 0.13990825688073394 0.5927734375 0.022935779816513763 0.02783203125
1 0.20795107033639143 0.613037109375 0.020642201834862386 0.0263671875
1 0.20871559633027523 0.636962890625 0.019877675840978593 0.0126953125
1 0.2090978593272171 0.653076171875 0.01452599388379205 0.01171875
1 0.14181957186544342 0.62353515625 0.019877675840978593 0.0263671875
1 0.14029051987767585 0.650146484375 0.024464831804281346 0.0205078125
1 0.1437308868501529 0.67626953125 0.019877675840978593 0.0283203125
1 0.2117737003058104 0.702392578125 0.019877675840978593 0.02001953125
1 0.14602446483180428 0.73046875 0.023700305810397553 0.03857421875
1 0.21865443425076453 0.731689453125 0.02981651376146789 0.03369140625
1 0.21788990825688073 0.782958984375 0.0191131498470948 0.03076171875
1 0.21941896024464833 0.810791015625 0.01834862385321101 0.01904296875
1 0.14831804281345565 0.8671875 0.023700305810397553 0.0234375
1 0.21636085626911314 0.869384765625 0.016055045871559634 0.01416015625
1 0.21712538226299694 0.889404296875 0.01529051987767584 0.0185546875
1 0.2213302752293578 0.907958984375 0.012232415902140673 0.01513671875