0 0.8323586744639376 0.23779296875 0.056530214424951264 0.03173828125
0 0.8297595841455491 0.26708984375 0.05977907732293697 0.02880859375
0 0.8356075373619233 0.31103515625 0.05328135152696556 0.03515625
0 0.8317089018843404 0.34228515625 0.05912930474333983 0.0283203125
0 0.8349577647823262 0.390625 0.05847953216374269 0.02880859375
0 0.838856400259909 0.5224609375 0.05198180636777128 0.02587890625
0 0.8401559454191033 0.54833984375 0.05198180636777128 0.0244140625
0 0.8401559454191033 0.57373046875 0.050032488628979854 0.025390625
0 0.838856400259909 0.59619140625 0.050682261208576995 0.021484375
0 0.8401559454191033 0.62255859375 0.04938271604938271 0.0263671875
0 0.8440545808966862 0.64892578125 0.05523066926575698 0.02294921875
0 0.8453541260558805 0.70361328125 0.06107862248213125 0.03173828125
0 0.8473034437946718 0.78125 0.04808317089018843 0.03564453125
0 0.7946718648473035 0.80712890625 0.04613385315139701 0.033203125
0 0.7901234567901234 0.8359375 0.0539311241065627 0.02978515625
0 0.7710620968161144 0.8677759799804687 0.7710620968161144 0.89365094921875 0.8176848564002599 0.89484516015625 0.8309299538661469 0.8900682553710938 0.8293405256660169 0.8590182797851562 0.8282809343729695 0.8514548515625 0.7976197179987005 0.8527348237304687 0.7980820877192982 0.8669798090820312 0.7710620968161144 0.8677759799804687
0 0.7888239116309291 0.65869140625 0.04093567251461988 0.02197265625
0 0.7894736842105263 0.7021484375 0.04743339831059129 0.04052734375
0 0.783625730994152 0.61669921875 0.056530214424951264 0.02392578125
0 0.7868745938921378 0.5888671875 0.05198180636777128 0.02978515625
0 0.7803768680961664 0.52783203125 0.05588044184535412 0.05029296875
0 0.7764782326185835 0.46875 0.05912930474333983 0.03076171875
0 0.774528914879792 0.2451171875 0.06237816764132553 0.03466796875
0 0.7738791423001949 0.30224609375 0.057829759584145546 0.03125
0 0.7764782326185835 0.35400390625 0.05198180636777128 0.02685546875
0 0.7764782326185835 0.38232421875 0.050032488628979854 0.03125
0 0.774528914879792 0.4140625 0.050682261208576995 0.037109375
0 0.7160493827160493 0.244140625 0.051332033788174136 0.04296875
0 0.7218973359324237 0.33154296875 0.06107862248213125 0.03076171875
0 0.7244964262508122 0.47509765625 0.050032488628979854 0.0322265625
0 0.7290448343079922 0.56494140625 0.05198180636777128 0.0419921875
0 0.7316439246263807 0.59521484375 0.050032488628979854 0.0234375
0 0.7322936972059779 0.62353515625 0.05198180636777128 0.0341796875
0 0.7296946068875894 0.65478515625 0.04613385315139701 0.0283203125
0 0.7403709792072775 0.71622578515625 0.759396253411306 0.7191833413085937 0.7633324444444445 0.6674259921875 0.707166494476933 0.6676225317382812 0.7062568226120857 0.697987470703125 0.7370907699805068 0.697987470703125 0.7403709792072775 0.71622578515625
0 0.7342430149447693 0.80908203125 0.05328135152696556 0.037109375
0 0.7342430149447693 0.8359375 0.05328135152696556 0.03515625
0 0.6803118908382066 0.84423828125 0.04808317089018843 0.0263671875
0 0.6803118908382066 0.81640625 0.050682261208576995 0.0302734375
0 0.6816114359974009 0.7158203125 0.05328135152696556 0.02197265625
0 0.682261208576998 0.69091796875 0.051332033788174136 0.02880859375
0 0.6744639376218323 0.64453125 0.050682261208576995 0.0283203125
0 0.6751137102014295 0.61572265625 0.05458089668615984 0.02685546875
0 0.672514619883041 0.5791015625 0.056530214424951264 0.0224609375
0 0.673164392462638 0.55078125 0.05588044184535412 0.03564453125
0 0.6705653021442495 0.4951171875 0.057179987004548405 0.03173828125
0 0.6699155295646524 0.4482421875 0.04548408057179987 0.0283203125
0 0.6686159844054581 0.421875 0.04873294346978557 0.0322265625
0 0.6653671215074723 0.3955078125 0.050682261208576995 0.0205078125
0 0.6653671215074723 0.37353515625 0.050682261208576995 0.0244140625
0 0.6647173489278753 0.3271484375 0.05458089668615984 0.03466796875
0 0.6653671215074723 0.29443359375 0.04938271604938271 0.0322265625
0 0.6133853151397011 0.2412109375 0.04743339831059129 0.03076171875
0 0.6075373619233269 0.271484375 0.05458089668615984 0.0322265625
0 0.6081871345029239 0.31396484375 0.05263157894736842 0.0244140625
0 0.6107862248213125 0.36767578125 0.050682261208576995 0.0244140625
0 0.6120857699805068 0.39404296875 0.04873294346978557 0.033203125
0 0.6146848602988954 0.42138671875 0.04743339831059129 0.02392578125
0 0.6172839506172839 0.455078125 0.04483430799220273 0.0390625
0 0.6166341780376868 0.505859375 0.04678362573099415 0.037109375
0 0.6205328135152697 0.56640625 0.04483430799220273 0.0498046875
0 0.6244314489928525 0.6396484375 0.051332033788174136 0.03369140625
0 0.6237816764132553 0.6689453125 0.051332033788174136 0.0205078125
0 0.6244314489928525 0.70849609375 0.050682261208576995 0.0390625
0 0.6237816764132553 0.7373046875 0.051332033788174136 0.017578125
0 0.6263807667316439 0.7568359375 0.05458089668615984 0.02197265625
0 0.6257309941520468 0.7841796875 0.04678362573099415 0.03173828125
0 0.6250812215724496 0.83447265625 0.04678362573099415 0.02734375
0 0.5737491877842755 0.80712890625 0.04483430799220273 0.0361328125
0 0.571799870045484 0.728515625 0.043534762833008445 0.03076171875
0 0.571150097465887 0.75927734375 0.044184535412605586 0.02490234375
0 0.5672514619883041 0.64794921875 0.04808317089018843 0.02685546875
0 0.5666016894087069 0.6162109375 0.050032488628979854 0.03369140625
0 0.5633528265107213 0.56201171875 0.051332033788174136 0.0302734375
0 0.5627030539311241 0.5361328125 0.0539311241065627 0.025390625
0 0.5627030539311241 0.50146484375 0.05328135152696556 0.03271484375
0 0.5646523716699156 0.4775390625 0.05198180636777128 0.0166015625
0 0.5633528265107213 0.455078125 0.050032488628979854 0.02734375
0 0.5588044184535412 0.27294921875 0.04743339831059129 0.0283203125
0 0.5568551007147499 0.2421875 0.057829759584145546 0.025390625
0 0.50227420402859 0.2470703125 0.04743339831059129 0.03466796875
0 0.5074723846653671 0.271484375 0.037686809616634176 0.017578125
0 0.50227420402859 0.31591796875 0.04743339831059129 0.0322265625
0 0.50227420402859 0.3447265625 0.051332033788174136 0.02734375
0 0.5048732943469786 0.38232421875 0.05523066926575698 0.033203125
0 0.5061728395061729 0.41552734375 0.05523066926575698 0.033203125
0 0.5107212475633528 0.56591796875 0.04743339831059129 0.03662109375
0 0.5126705653021443 0.6171875 0.04678362573099415 0.02685546875
0 0.5159194282001299 0.6416015625 0.04548408057179987 0.02587890625
0 0.5146198830409356 0.671875 0.050682261208576995 0.0380859375
0 0.5178687459389214 0.70361328125 0.04873294346978557 0.02880859375
0 0.5230669265756985 0.7626953125 0.042884990253411304 0.033203125
0 0.5243664717348928 0.80322265625 0.04548408057179987 0.0322265625
0 0.4522417153996101 0.2451171875 0.04808317089018843 0.02978515625
0 0.4028589993502274 0.345703125 0.05588044184535412 0.02783203125
0 0.40545808966861596 0.3779296875 0.05328135152696556 0.03076171875
0 0.4041585445094217 0.408203125 0.05263157894736842 0.02734375
0 0.4015594541910331 0.44189453125 0.050682261208576995 0.029296875
0 0.40350877192982454 0.4716796875 0.051332033788174136 0.02734375
0 0.4048083170890188 0.501953125 0.05458089668615984 0.02734375
0 0.40675763482781024 0.5322265625 0.05588044184535412 0.029296875
0 0.4041585445094217 0.56201171875 0.06042884990253411 0.0390625
0 0.40545808966861596 0.59326171875 0.06302794022092267 0.03369140625
0 0.34178037686809615 0.24560546875 0.05458089668615984 0.029296875
0 0.34307992202729043 0.28173828125 0.05523066926575698 0.03271484375
0 0.34178037686809615 0.310546875 0.06172839506172839 0.03125
0 0.34372969460688757 0.33837890625 0.05523066926575698 0.0234375
0 0.34632878492527613 0.3642578125 0.05977907732293697 0.0263671875
0 0.34632878492527613 0.39453125 0.05328135152696556 0.029296875
0 0.35152696556205326 0.421875 0.05198180636777128 0.0205078125
0 0.350227420402859 0.447265625 0.0539311241065627 0.02783203125
0 0.350227420402859 0.47509765625 0.05458089668615984 0.0224609375
0 0.3508771929824561 0.5029296875 0.04873294346978557 0.0302734375
0 0.35282651072124754 0.5283203125 0.04678362573099415 0.01953125
0 0.3489278752436647 0.55810546875 0.04483430799220273 0.033203125
0 0.34957764782326184 0.58984375 0.04548408057179987 0.02783203125
0 0.3541260558804418 0.62646484375 0.05588044184535412 0.0234375
0 0.3541260558804418 0.65087890625 0.050682261208576995 0.0234375
0 0.36062378167641324 0.6796875 0.05458089668615984 0.02783203125
0 0.35932423651721895 0.7080078125 0.05977907732293697 0.02734375
0 0.3632228719948018 0.7451171875 0.06107862248213125 0.0244140625
0 0.36257309941520466 0.77001953125 0.05328135152696556 0.0244140625
0 0.3632228719948018 0.79931640625 0.057179987004548405 0.03369140625
0 0.3632228719948018 0.82958984375 0.057829759584145546 0.02197265625
0 0.36257309941520466 0.8515625 0.05328135152696556 0.02294921875
0 0.36582196231319036 0.8818359375 0.06042884990253411 0.03466796875
0 0.3092917478882391 0.892578125 0.04483430799220273 0.01904296875
0 0.30669265756985054 0.869140625 0.05328135152696556 0.0234375
0 0.2765494048083171 0.840498609375 0.30935149772579595 0.8419773500976563 0.3159119161793372 0.851835896484375 0.33165693112410655 0.8543005327148437 0.332312962962963 0.8069795180664062 0.32247233528265107 0.8045148818359374 0.3132877641325536 0.819302701171875 0.28310982326185835 0.8183168427734375 0.2765494048083171 0.840498609375
0 0.30409356725146197 0.76953125 0.04678362573099415 0.03857421875
0 0.30084470435347627 0.71826171875 0.04938271604938271 0.02734375
0 0.30214424951267055 0.689453125 0.04613385315139701 0.033203125
0 0.294996751137102 0.6455078125 0.04743339831059129 0.02587890625
0 0.2969460688758934 0.62060546875 0.05523066926575698 0.0205078125
0 0.29889538661468484 0.599609375 0.04613385315139701 0.02490234375
0 0.2969460688758934 0.57177734375 0.05328135152696556 0.02978515625
0 0.2936972059779077 0.51611328125 0.05523066926575698 0.03076171875
0 0.28784925276153345 0.33935546875 0.04873294346978557 0.0302734375
0 0.2884990253411306 0.369140625 0.05328135152696556 0.02685546875
0 0.28654970760233917 0.3955078125 0.05847953216374269 0.025390625
0 0.29109811565951915 0.41796875 0.05328135152696556 0.01904296875
0 0.28979857050032487 0.44140625 0.05198180636777128 0.02392578125
0 0.29109811565951915 0.466796875 0.050032488628979854 0.0361328125
0 0.2300194931773879 0.24853515625 0.057179987004548405 0.02978515625
0 0.23391812865497075 0.2802734375 0.05523066926575698 0.02978515625
0 0.23131903833658218 0.3076171875 0.04873294346978557 0.02099609375
0 0.23261858349577647 0.3359375 0.05458089668615984 0.03564453125
0 0.2332683560753736 0.36865234375 0.050682261208576995 0.02490234375
0 0.23391812865497075 0.396484375 0.043534762833008445 0.0361328125
0 0.2378167641325536 0.45361328125 0.050032488628979854 0.02880859375
0 0.2365172189733593 0.4794921875 0.050032488628979854 0.02294921875
0 0.23716699155295645 0.50537109375 0.051332033788174136 0.0341796875
0 0.23846653671215073 0.53515625 0.05198180636777128 0.02197265625
0 0.2410656270305393 0.556640625 0.051332033788174136 0.02001953125
0 0.24041585445094216 0.59716796875 0.05198180636777128 0.02734375
0 0.23846653671215073 0.6240234375 0.06107862248213125 0.04052734375
0 0.24691358024691357 0.76708984375 0.050032488628979854 0.03466796875
0 0.248862897985705 0.734375 0.05523066926575698 0.03076171875
1 0.8473034437946718 0.236328125 0.016894087069525665 0.0283203125
1 0.8473034437946718 0.267578125 0.02014294996751137 0.0234375
1 0.8505523066926576 0.3095703125 0.014944769330734242 0.03076171875
1 0.8499025341130604 0.33837890625 0.015594541910331383 0.017578125
1 0.8518518518518519 0.3896484375 0.015594541910331383 0.02294921875
1 0.8538011695906432 0.52197265625 0.016244314489928524 0.0224609375
1 0.8557504873294347 0.548828125 0.01364522417153996 0.0224609375
1 0.8557504873294347 0.5732421875 0.012345679012345678 0.02001953125
1 0.857050032488629 0.595703125 0.015594541910331383 0.01806640625
1 0.8557504873294347 0.6220703125 0.01364522417153996 0.0244140625
1 0.8602988953866146 0.6474609375 0.015594541910331383 0.01708984375
1 0.8615984405458089 0.70361328125 0.016894087069525665 0.02734375
1 0.8628979857050032 0.7822265625 0.01364522417153996 0.03369140625
1 0.8070175438596491 0.802734375 0.014294996751137101 0.0224609375
1 0.8089668615984406 0.8330078125 0.011695906432748537 0.02490234375
1 0.815464587394412 0.8701171875 0.02079272254710851 0.0302734375
1 0.8024691358024691 0.7021484375 0.014944769330734242 0.03564453125
1 0.7998700454840806 0.6572265625 0.01299545159194282 0.01416015625
1 0.8024691358024691 0.61181640625 0.01299545159194282 0.0146484375
1 0.8031189083820662 0.59033203125 0.018193632228719947 0.0263671875
1 0.7979207277452891 0.52783203125 0.015594541910331383 0.04736328125
1 0.797270955165692 0.46728515625 0.014944769330734242 0.0244140625
1 0.7920727745289149 0.41357421875 0.014294996751137101 0.03271484375
1 0.792722547108512 0.38232421875 0.014294996751137101 0.02587890625
1 0.7933723196881092 0.35400390625 0.01299545159194282 0.0244140625
1 0.7920727745289149 0.29638671875 0.017543859649122806 0.01904296875
1 0.7940220922677063 0.2451171875 0.02079272254710851 0.0322265625
1 0.7309941520467836 0.24755859375 0.016894087069525665 0.033203125
1 0.7400909681611436 0.3310546875 0.017543859649122806 0.03076171875
1 0.7381416504223521 0.4775390625 0.018193632228719947 0.02880859375
1 0.7452891487979207 0.56298828125 0.015594541910331383 0.03662109375
1 0.7459389213775178 0.59375 0.017543859649122806 0.0234375
1 0.7426900584795322 0.62451171875 0.024041585445094216 0.03125
1 0.7439896036387265 0.6513671875 0.01364522417153996 0.0224609375
1 0.7485380116959064 0.69140625 0.014294996751137101 0.04833984375
1 0.7491877842755036 0.8095703125 0.014944769330734242 0.029296875
1 0.7498375568551007 0.8349609375 0.011695906432748537 0.0166015625
1 0.6972059779077323 0.83642578125 0.012345679012345678 0.0107421875
1 0.695906432748538 0.81494140625 0.014944769330734242 0.025390625
1 0.6965562053281351 0.7138671875 0.016244314489928524 0.01708984375
1 0.695906432748538 0.68994140625 0.017543859649122806 0.02587890625
1 0.691358024691358 0.6416015625 0.012345679012345678 0.021484375
1 0.6900584795321637 0.6142578125 0.016894087069525665 0.02783203125
1 0.6900584795321637 0.578125 0.012345679012345678 0.01904296875
1 0.6874593892137751 0.548828125 0.012345679012345678 0.03125
1 0.6887589343729694 0.4931640625 0.014294996751137101 0.02783203125
1 0.6848602988953866 0.44873046875 0.016244314489928524 0.02099609375
1 0.6835607537361923 0.42138671875 0.014944769330734242 0.029296875
1 0.6816114359974009 0.39306640625 0.011046133853151396 0.01123046875
1 0.6803118908382066 0.37548828125 0.011046133853151396 0.0166015625
1 0.6796621182586094 0.32666015625 0.01949317738791423 0.03125
1 0.6777128005198181 0.29638671875 0.016894087069525665 0.0234375
1 0.6250812215724496 0.2421875 0.017543859649122806 0.02197265625
1 0.6257309941520468 0.2705078125 0.011695906432748537 0.029296875
1 0.6257309941520468 0.3125 0.014294996751137101 0.0185546875
1 0.6276803118908382 0.36572265625 0.012345679012345678 0.01806640625
1 0.6283300844704354 0.39306640625 0.010396361273554255 0.02490234375
1 0.6296296296296297 0.42138671875 0.01364522417153996 0.0224609375
1 0.631578947368421 0.4560546875 0.01299545159194282 0.037109375
1 0.6296296296296297 0.50634765625 0.015594541910331383 0.03173828125
1 0.6335282651072125 0.56689453125 0.015594541910331383 0.046875
1 0.6380766731643924 0.638671875 0.016894087069525665 0.03173828125
1 0.6367771280051981 0.66845703125 0.016244314489928524 0.01904296875
1 0.640675763482781 0.7109375 0.01299545159194282 0.03173828125
1 0.6413255360623782 0.73681640625 0.011695906432748537 0.01416015625
1 0.6426250812215725 0.75732421875 0.016244314489928524 0.017578125
1 0.640675763482781 0.78173828125 0.01299545159194282 0.029296875
1 0.6413255360623782 0.8310546875 0.009746588693957114 0.01953125
1 0.5873944119558154 0.80419921875 0.01364522417153996 0.029296875
1 0.5354126055880442 0.794921875 0.014294996751137101 0.013671875
1 0.5328135152696556 0.76220703125 0.01299545159194282 0.029296875
1 0.5867446393762183 0.7578125 0.01364522417153996 0.0244140625
1 0.5873944119558154 0.728515625 0.014294996751137101 0.02783203125
1 0.5847953216374269 0.6474609375 0.01299545159194282 0.02294921875
1 0.5841455490578298 0.61767578125 0.014944769330734242 0.02685546875
1 0.5795971410006497 0.56005859375 0.01364522417153996 0.02587890625
1 0.5795971410006497 0.5341796875 0.018193632228719947 0.01904296875
1 0.5795971410006497 0.4990234375 0.01949317738791423 0.02783203125
1 0.580896686159844 0.47705078125 0.02014294996751137 0.0166015625
1 0.5782975958414555 0.4580078125 0.016894087069525665 0.02392578125
1 0.5730994152046783 0.2734375 0.016244314489928524 0.0224609375
1 0.5743989603638726 0.2421875 0.015594541910331383 0.02392578125
1 0.5159194282001299 0.24951171875 0.016244314489928524 0.02490234375
1 0.5191682910981157 0.2724609375 0.010396361273554255 0.0126953125
1 0.5198180636777128 0.31494140625 0.01299545159194282 0.0224609375
1 0.52046783625731 0.34423828125 0.01299545159194282 0.02294921875
1 0.521117608836907 0.38232421875 0.014294996751137101 0.02880859375
1 0.521117608836907 0.41650390625 0.015594541910331383 0.029296875
1 0.5224171539961013 0.56396484375 0.017543859649122806 0.02880859375
1 0.5269655620532814 0.61474609375 0.01364522417153996 0.0205078125
1 0.5289148797920727 0.64111328125 0.01949317738791423 0.01708984375
1 0.530214424951267 0.67236328125 0.015594541910331383 0.029296875
1 0.5289148797920727 0.70166015625 0.016894087069525665 0.01904296875
1 0.38336582196231317 0.880859375 0.018843404808317088 0.0322265625
1 0.3807667316439246 0.85205078125 0.014294996751137101 0.01806640625
1 0.3794671864847303 0.82861328125 0.014294996751137101 0.01904296875
1 0.37816764132553604 0.80029296875 0.016894087069525665 0.0263671875
1 0.37686809616634176 0.7685546875 0.021442495126705652 0.0166015625
1 0.38011695906432746 0.74462890625 0.022742040285899934 0.02099609375
1 0.3755685510071475 0.70751953125 0.014294996751137101 0.025390625
1 0.3755685510071475 0.6806640625 0.02079272254710851 0.02587890625
1 0.37166991552956463 0.65087890625 0.01364522417153996 0.02099609375
1 0.37166991552956463 0.62548828125 0.015594541910331383 0.02197265625
1 0.4217024041585445 0.5869140625 0.01299545159194282 0.0185546875
1 0.42430149447693305 0.5595703125 0.015594541910331383 0.0322265625
1 0.4236517218973359 0.52783203125 0.01949317738791423 0.0185546875
1 0.4204028589993502 0.50146484375 0.018193632228719947 0.02734375
1 0.4204028589993502 0.47021484375 0.018193632228719947 0.025390625
1 0.4191033138401559 0.44140625 0.012345679012345678 0.03076171875
1 0.4217024041585445 0.40771484375 0.014944769330734242 0.0224609375
1 0.41975308641975306 0.37890625 0.017543859649122806 0.02734375
1 0.4204028589993502 0.34619140625 0.018193632228719947 0.02587890625
1 0.4665367121507472 0.24462890625 0.017543859649122806 0.0244140625
1 0.3619233268356075 0.2470703125 0.014944769330734242 0.01513671875
1 0.3612735542560104 0.28125 0.01364522417153996 0.0322265625
1 0.36062378167641324 0.3115234375 0.012345679012345678 0.0234375
1 0.3619233268356075 0.34033203125 0.01364522417153996 0.02099609375
1 0.36257309941520466 0.3642578125 0.021442495126705652 0.01708984375
1 0.3632228719948018 0.3955078125 0.016244314489928524 0.0283203125
1 0.3651721897335932 0.42236328125 0.011046133853151396 0.021484375
1 0.36582196231319036 0.44580078125 0.01364522417153996 0.0263671875
1 0.36712150747238464 0.474609375 0.016894087069525665 0.02294921875
1 0.3651721897335932 0.50244140625 0.01364522417153996 0.02783203125
1 0.36712150747238464 0.5302734375 0.014944769330734242 0.0224609375
1 0.3677712800519818 0.55810546875 0.011046133853151396 0.033203125
1 0.36907082521117607 0.59033203125 0.010396361273554255 0.025390625
1 0.32293697205977906 0.8310546875 0.018843404808317088 0.0419921875
1 0.32423651721897334 0.86572265625 0.01949317738791423 0.0224609375
1 0.3222871994801819 0.88916015625 0.015594541910331383 0.0166015625
1 0.31773879142300193 0.767578125 0.017543859649122806 0.0361328125
1 0.3157894736842105 0.71533203125 0.015594541910331383 0.02099609375
1 0.31643924626380765 0.6875 0.016244314489928524 0.03173828125
1 0.3138401559454191 0.64306640625 0.016244314489928524 0.0205078125
1 0.31643924626380765 0.62109375 0.018193632228719947 0.01904296875
1 0.3144899285250162 0.59814453125 0.018843404808317088 0.0205078125
1 0.3144899285250162 0.572265625 0.018843404808317088 0.03125
1 0.31319038336582194 0.51025390625 0.022092267706302793 0.01513671875
1 0.3079922027290448 0.45751953125 0.012345679012345678 0.0166015625
1 0.3079922027290448 0.435546875 0.01364522417153996 0.02099609375
1 0.30864197530864196 0.41748046875 0.015594541910331383 0.01220703125
1 0.30864197530864196 0.3955078125 0.015594541910331383 0.0244140625
1 0.30539311241065625 0.36328125 0.015594541910331383 0.0146484375
1 0.3047433398310591 0.3408203125 0.01299545159194282 0.0244140625
1 0.248862897985705 0.2490234375 0.012345679012345678 0.01806640625
1 0.24951267056530213 0.27490234375 0.016894087069525665 0.03369140625
1 0.24821312540610785 0.30322265625 0.012345679012345678 0.0107421875
1 0.24951267056530213 0.3359375 0.016244314489928524 0.041015625
1 0.24951267056530213 0.3642578125 0.01364522417153996 0.01171875
1 0.2475633528265107 0.3984375 0.014294996751137101 0.02587890625
1 0.2521117608836907 0.453125 0.01364522417153996 0.0263671875
1 0.2540610786224821 0.48046875 0.01364522417153996 0.0205078125
1 0.2553606237816764 0.5068359375 0.012345679012345678 0.029296875
1 0.2573099415204678 0.5341796875 0.014944769330734242 0.02197265625
1 0.25601039636127354 0.5546875 0.01364522417153996 0.0166015625
1 0.25601039636127354 0.591796875 0.012345679012345678 0.0126953125
1 0.25925925925925924 0.61474609375 0.018193632228719947 0.02490234375
1 0.26120857699805067 0.73486328125 0.016244314489928524 0.025390625
1 0.2631578947368421 0.75927734375 0.012345679012345678 0.015625