0 0.13398692810457516 0.14404296875 0.07924836601307189 0.02685546875
0 0.1315359477124183 0.17236328125 0.08415032679738563 0.0244140625
0 0.12908496732026145 0.2041015625 0.08169934640522876 0.03857421875
0 0.6225490196078431 0.21484375 0.08496732026143791 0.02490234375
0 0.6143790849673203 0.19189453125 0.08496732026143791 0.0205078125
0 0.613562091503268 0.1572265625 0.09068627450980392 0.044921875
0 0.8488562091503268 0.5595703125 0.09395424836601307 0.04345703125
0 0.8488562091503268 0.60546875 0.10049019607843138 0.04443359375
0 0.4910130718954248 0.57421875 0.0923202614379085 0.0634765625
0 0.24918300653594772 0.5556640625 0.09068627450980392 0.03857421875
0 0.25245098039215685 0.59814453125 0.08986928104575163 0.041015625
0 0.12663398692810457 0.56982421875 0.09967320261437909 0.05517578125
0 0.8504901960784313 0.15673828125 0.08415032679738563 0.041015625
0 0.8545751633986928 0.189453125 0.08496732026143791 0.02392578125
0 0.8529411764705882 0.21240234375 0.09395424836601307 0.025390625
0 0.7263071895424836 0.20458984375 0.08823529411764706 0.0341796875
0 0.7254901960784313 0.1708984375 0.09313725490196079 0.02978515625
0 0.7279411764705882 0.14453125 0.08333333333333333 0.02490234375
0 0.48937908496732024 0.15625 0.09477124183006536 0.03759765625
0 0.4959150326797386 0.1982421875 0.10457516339869281 0.04443359375
0 0.375 0.1953125 0.10294117647058823 0.05615234375
0 0.3741830065359477 0.1494140625 0.0988562091503268 0.03271484375
0 0.25735294117647056 0.17626953125 0.09395424836601307 0.064453125
1 0.886437908496732 0.1484375 0.022058823529411766 0.0244140625
1 0.886437908496732 0.18798828125 0.022058823529411766 0.017578125
1 0.8839869281045751 0.20947265625 0.021241830065359478 0.01904296875
1 0.7532679738562091 0.20068359375 0.028594771241830064 0.02294921875
1 0.7549019607843137 0.169921875 0.027777777777777776 0.02783203125
1 0.755718954248366 0.14501953125 0.025326797385620915 0.01611328125
1 0.6397058823529411 0.15771484375 0.03758169934640523 0.04638671875
1 0.6397058823529411 0.19287109375 0.022058823529411766 0.01611328125
1 0.6462418300653595 0.21337890625 0.03431372549019608 0.0224609375
1 0.5302287581699346 0.1953125 0.03594771241830065 0.03857421875
1 0.5245098039215687 0.15576171875 0.024509803921568627 0.037109375
1 0.40441176470588236 0.1455078125 0.02696078431372549 0.02099609375
1 0.4076797385620915 0.19482421875 0.029411764705882353 0.0546875
1 0.2875816993464052 0.17529296875 0.02696078431372549 0.0615234375
1 0.16176470588235295 0.14697265625 0.024509803921568627 0.0234375
1 0.15931372549019607 0.1708984375 0.021241830065359478 0.0185546875
1 0.15441176470588236 0.2021484375 0.017973856209150325 0.0302734375
1 0.8815359477124183 0.55908203125 0.022058823529411766 0.04541015625
1 0.8782679738562091 0.6044921875 0.027777777777777776 0.04052734375
1 0.5204248366013072 0.576171875 0.02369281045751634 0.06396484375
1 0.2818627450980392 0.548828125 0.026143790849673203 0.01708984375
1 0.2818627450980392 0.587890625 0.027777777777777776 0.02587890625
1 0.15849673202614378 0.56689453125 0.03839869281045752 0.04736328125