0 0.778757939308398 0.18359375 0.03952011291460833 0.0234375
0 0.7773465067043048 0.21142578125 0.03669724770642202 0.0224609375
0 0.7766407904022583 0.2392578125 0.035285815102328866 0.02294921875
0 0.778757939308398 0.26611328125 0.04022582921665491 0.0322265625
0 0.73712067748765 0.25927734375 0.03599153140437544 0.021484375
0 0.7385321100917431 0.23779296875 0.03599153140437544 0.01806640625
0 0.7364149611856033 0.212890625 0.03881439661256175 0.02685546875
0 0.7385321100917431 0.18310546875 0.03881439661256175 0.0234375
0 0.696894848270995 0.23583984375 0.043048694424841216 0.0244140625
1 0.7907551164431899 0.18310546875 0.013408609738884969 0.02001953125
1 0.7900494001411432 0.20947265625 0.014114326040931546 0.01171875
1 0.7886379675370501 0.23828125 0.011291460832745237 0.01513671875
1 0.7893436838390967 0.2626953125 0.014820042342978124 0.0244140625
1 0.748059280169372 0.25634765625 0.011291460832745237 0.01318359375
1 0.7484121383203952 0.23486328125 0.011997177134791814 0.01171875
1 0.7477064220183486 0.21337890625 0.011997177134791814 0.0244140625
1 0.7505292872265349 0.1845703125 0.012702893436838392 0.01806640625
1 0.7067748764996471 0.23583984375 0.015525758645024701 0.02001953125
0 0.8952011291460833 0.291748046875 0.05504587155963303 0.02734375
0 0.888849682427664 0.347412109375 0.06069160197600565 0.0419921875
0 0.8916725476358504 0.315185546875 0.05998588567395907 0.01904296875
0 0.8895553987297107 0.237060546875 0.06422018348623854 0.037109375
0 0.892378263937897 0.268798828125 0.06422018348623854 0.0234375
0 0.8916725476358504 0.201904296875 0.06704304869442484 0.0419921875
0 0.8906139731827806 0.161376953125 0.06563161609033169 0.04248046875
1 0.9149611856033875 0.15576171875 0.016231474947071278 0.02880859375
1 0.9146083274523642 0.1943359375 0.017642907551164433 0.02294921875
1 0.9128440366972477 0.23291015625 0.011291460832745237 0.02392578125
1 0.9142554693013408 0.2646484375 0.012702893436838392 0.01171875
1 0.9114326040931545 0.28955078125 0.012702893436838392 0.02197265625
1 0.9124911785462244 0.3125 0.012702893436838392 0.01123046875
1 0.9110797459421313 0.34130859375 0.012702893436838392 0.02490234375