0 0.5043512658227848 0.33984375 0.06724683544303797 0.033203125
0 0.5043512658227848 0.3720703125 0.06091772151898734 0.02587890625
0 0.5027689873417721 0.40478515625 0.06408227848101265 0.0380859375
0 0.5051424050632911 0.43701171875 0.06645569620253164 0.0263671875
0 0.20213607594936708 0.406005859375 0.06487341772151899 0.0283203125
0 0.1238132911392405 0.404052734375 0.05775316455696203 0.0263671875
0 0.20213607594936708 0.436767578125 0.06487341772151899 0.02392578125
0 0.20490506329113925 0.468505859375 0.07199367088607594 0.033203125
0 0.20490506329113925 0.500244140625 0.06487341772151899 0.03369140625
0 0.28560126582278483 0.69921875 0.06408227848101265 0.02587890625
0 0.28322784810126583 0.6669921875 0.06882911392405064 0.03076171875
0 0.28322784810126583 0.7275390625 0.06408227848101265 0.02734375
1 0.5225474683544303 0.341552734375 0.020569620253164556 0.03076171875
1 0.5209651898734177 0.369384765625 0.022943037974683545 0.01513671875
1 0.5209651898734177 0.407470703125 0.022151898734177215 0.03076171875
1 0.528876582278481 0.435791015625 0.02610759493670886 0.0146484375
1 0.22507911392405064 0.46044921875 0.030854430379746837 0.01708984375
1 0.22349683544303797 0.43408203125 0.022943037974683545 0.01708984375
1 0.22349683544303797 0.404296875 0.02689873417721519 0.02001953125
1 0.14280063291139242 0.40087890625 0.0189873417721519 0.01806640625
1 0.2231012658227848 0.49560546875 0.02531645569620253 0.025390625
1 0.30537974683544306 0.663818359375 0.028481012658227847 0.017578125
1 0.3045886075949367 0.693115234375 0.01740506329113924 0.01904296875
1 0.3037974683544304 0.727783203125 0.01977848101265823 0.01904296875
1 0.30973101265822783 0.761474609375 0.01977848101265823 0.01904296875
0 0.2891613924050633 0.761962890625 0.07278481012658228 0.03466796875