0 0.9128086419753086 0.1650390625 0.07947530864197531 0.05859375
0 0.7970679012345679 0.559814453125 0.10570987654320987 0.0517578125
0 0.7916666666666666 0.637451171875 0.09799382716049383 0.04052734375
0 0.7843364197530864 0.737060546875 0.10416666666666667 0.0546875
0 0.6747685185185185 0.84521484375 0.09722222222222222 0.04248046875
0 0.6782407407407407 0.89892578125 0.10185185185185185 0.05517578125
0 0.2511574074074074 0.872802734375 0.10802469135802469 0.05126953125
0 0.2503858024691358 0.822509765625 0.10416666666666667 0.04833984375
0 0.36882716049382713 0.75439453125 0.10493827160493827 0.07275390625
0 0.37037037037037035 0.52734375 0.09490740740740741 0.04638671875
0 0.5806327160493827 0.5419921875 0.09876543209876543 0.05615234375
0 0.5844907407407407 0.48681640625 0.1087962962962963 0.0498046875
0 0.48225308641975306 0.447021484375 0.0941358024691358 0.04833984375
0 0.5775462962962963 0.376708984375 0.09722222222222222 0.0576171875
0 0.6863425925925926 0.4326171875 0.10570987654320987 0.0517578125
0 0.6867283950617284 0.33740234375 0.0941358024691358 0.04833984375
0 0.6863425925925926 0.287109375 0.08333333333333333 0.04052734375
0 0.4818672839506173 0.296142578125 0.09490740740740741 0.04296875
0 0.4841820987654321 0.343994140625 0.09722222222222222 0.04833984375
0 0.3757716049382716 0.35791015625 0.08641975308641975 0.0576171875
0 0.27353395061728397 0.40771484375 0.11188271604938271 0.0498046875
0 0.2743055555555556 0.46044921875 0.10262345679012345 0.0556640625
0 0.07484567901234568 0.298095703125 0.08796296296296297 0.05224609375
0 0.07561728395061729 0.223876953125 0.08950617283950617 0.06103515625
0 0.0787037037037037 0.160888671875 0.09104938271604938 0.0673828125
0 0.26967592592592593 0.154052734375 0.10493827160493827 0.05517578125
0 0.3800154320987654 0.15185546875 0.08333333333333333 0.044921875
0 0.4841820987654321 0.156494140625 0.09182098765432099 0.052734375
0 0.4853395061728395 0.224853515625 0.09027777777777778 0.05517578125
0 0.06751543209876543 0.627197265625 0.08796296296296297 0.0498046875
0 0.15817901234567902 0.715576171875 0.09799382716049383 0.05712890625
0 0.2743055555555556 0.6748046875 0.08719135802469136 0.04296875
0 0.26427469135802467 0.572509765625 0.10185185185185185 0.04736328125
0 0.27353395061728397 0.28564453125 0.09722222222222222 0.05029296875
1 0.9344135802469136 0.162353515625 0.03009259259259259 0.04833984375
1 0.5208333333333334 0.158447265625 0.03780864197530864 0.0478515625
1 0.5208333333333334 0.222900390625 0.03780864197530864 0.03125
1 0.71875 0.28466796875 0.032407407407407406 0.0390625
1 0.7160493827160493 0.33740234375 0.037037037037037035 0.0478515625
1 0.71875 0.4345703125 0.040123456790123455 0.05517578125
1 0.8310185185185185 0.562255859375 0.036265432098765434 0.0556640625
1 0.8233024691358025 0.636962890625 0.02854938271604938 0.04052734375
1 0.8175154320987654 0.739501953125 0.035493827160493825 0.0556640625
1 0.7110339506172839 0.84765625 0.033179012345679014 0.0380859375
1 0.7145061728395061 0.88818359375 0.031635802469135804 0.03466796875
1 0.39351851851851855 0.753173828125 0.043209876543209874 0.06982421875
1 0.2924382716049383 0.828857421875 0.031635802469135804 0.037109375
1 0.283179012345679 0.8681640625 0.030864197530864196 0.04248046875
1 0.2962962962962963 0.673583984375 0.02854938271604938 0.0400390625
1 0.19251543209876543 0.7099609375 0.033179012345679014 0.0419921875
1 0.09452160493827161 0.62255859375 0.034722222222222224 0.04248046875
1 0.30439814814814814 0.572998046875 0.023919753086419752 0.033203125
1 0.39969135802469136 0.531005859375 0.02546296296296296 0.03759765625
1 0.5108024691358025 0.44775390625 0.033950617283950615 0.0498046875
1 0.6157407407407407 0.477783203125 0.031635802469135804 0.037109375
1 0.6141975308641975 0.532958984375 0.031635802469135804 0.03955078125
1 0.6091820987654321 0.378173828125 0.033950617283950615 0.05224609375
1 0.5169753086419753 0.337646484375 0.035493827160493825 0.03466796875
1 0.5150462962962963 0.297119140625 0.034722222222222224 0.0419921875
1 0.40239197530864196 0.152587890625 0.031635802469135804 0.04296875
1 0.30439814814814814 0.153564453125 0.027777777777777776 0.04833984375
1 0.30439814814814814 0.284423828125 0.030864197530864196 0.037109375
1 0.30787037037037035 0.408935546875 0.04089506172839506 0.04052734375
1 0.3028549382716049 0.451416015625 0.035493827160493825 0.033203125
1 0.09490740740740741 0.29541015625 0.02700617283950617 0.02294921875
1 0.10108024691358025 0.21435546875 0.036265432098765434 0.03857421875
1 0.10493827160493827 0.15673828125 0.02700617283950617 0.02783203125
1 0.404320987654321 0.35498046875 0.031635802469135804 0.04736328125