0 0.5336538461538461 0.16796875 0.10336538461538461 0.03857421875
0 0.5328525641025641 0.2080078125 0.08974358974358974 0.0380859375
0 0.6418269230769231 0.2119140625 0.09375 0.0361328125
0 0.6434294871794872 0.16650390625 0.09294871794871795 0.04736328125
0 0.29086538461538464 0.16650390625 0.0985576923076923 0.0380859375
0 0.29086538461538464 0.2099609375 0.10016025641025642 0.04345703125
0 0.17548076923076922 0.17041015625 0.08974358974358974 0.04150390625
0 0.1762820512820513 0.21484375 0.09294871794871795 0.03955078125
0 0.18028846153846154 0.56298828125 0.0953525641025641 0.03955078125
0 0.18189102564102563 0.607421875 0.0921474358974359 0.048828125
0 0.2980769230769231 0.6025390625 0.09375 0.0400390625
0 0.3004807692307692 0.560546875 0.09695512820512821 0.041015625
0 0.5360576923076923 0.560546875 0.10576923076923077 0.037109375
0 0.5384615384615384 0.603515625 0.09775641025641026 0.046875
0 0.6530448717948718 0.607421875 0.09775641025641026 0.0419921875
0 0.6538461538461539 0.5634765625 0.09294871794871795 0.04345703125
1 0.6762820512820513 0.20703125 0.022435897435897436 0.0224609375
1 0.6770833333333334 0.16552734375 0.026442307692307692 0.046875
1 0.5649038461538461 0.16748046875 0.03365384615384615 0.03369140625
1 0.5625 0.20361328125 0.024839743589743588 0.0205078125
1 0.32371794871794873 0.20166015625 0.020833333333333332 0.01806640625
1 0.3269230769230769 0.162109375 0.02564102564102564 0.02490234375
1 0.2091346153846154 0.169921875 0.019230769230769232 0.0400390625
1 0.20833333333333334 0.212890625 0.021634615384615384 0.02978515625
1 0.6858974358974359 0.5634765625 0.027243589743589744 0.03662109375
1 0.6858974358974359 0.60498046875 0.028846153846153848 0.03857421875
1 0.5705128205128205 0.5615234375 0.03125 0.03515625
1 0.5705128205128205 0.6025390625 0.02564102564102564 0.04638671875
1 0.33413461538461536 0.55908203125 0.03445512820512821 0.0302734375
1 0.3301282051282051 0.6025390625 0.02403846153846154 0.037109375
1 0.20993589743589744 0.6064453125 0.027243589743589744 0.04345703125
1 0.2107371794871795 0.56298828125 0.027243589743589744 0.03662109375