0 0.9007741027445461 0.162109375 0.06685432793807178 0.0400390625
0 0.8993666432090077 0.201171875 0.06403940886699508 0.03857421875
0 0.8997185080928923 0.23974609375 0.059817030260380016 0.0380859375
0 0.898311048557354 0.2705078125 0.06192821956368754 0.02294921875
0 0.8997185080928923 0.2939453125 0.059817030260380016 0.025390625
0 0.8969035890218157 0.31787109375 0.0633356790992259 0.0205078125
0 0.8954961294862772 0.345703125 0.06896551724137931 0.04638671875
0 0.7857142857142857 0.26904296875 0.04011259676284307 0.0283203125
0 0.7864180154820549 0.23974609375 0.03589021815622801 0.02392578125
0 0.7899366643209008 0.21044921875 0.036593947923997186 0.0263671875
0 0.7920478536242083 0.185546875 0.03940886699507389 0.0234375
0 0.7512315270935961 0.1865234375 0.0422237860661506 0.02490234375
0 0.747009148486981 0.20849609375 0.03940886699507389 0.02099609375
0 0.7491203377902885 0.2294921875 0.04011259676284307 0.01806640625
1 0.9243490499648135 0.158935546875 0.014074595355383532 0.03076171875
1 0.9225897255453905 0.196044921875 0.012667135819845179 0.02392578125
1 0.9201266713581985 0.234619140625 0.015482054890921885 0.02685546875
1 0.9215341308937368 0.267333984375 0.013370865587614356 0.01318359375
1 0.922237860661506 0.293701171875 0.014778325123152709 0.02197265625
1 0.9225897255453905 0.313232421875 0.011963406052076003 0.01220703125
1 0.9211822660098522 0.339111328125 0.014778325123152709 0.03369140625
1 0.7983814215341309 0.265869140625 0.014778325123152709 0.017578125
1 0.7990851513019 0.239990234375 0.012667135819845179 0.02392578125
1 0.8004926108374384 0.208251953125 0.011259676284306826 0.0234375
1 0.8019000703729767 0.184326171875 0.015482054890921885 0.01806640625
1 0.7596762843068262 0.185791015625 0.015482054890921885 0.0185546875
1 0.7603800140745953 0.210205078125 0.012667135819845179 0.01953125
1 0.758972554539057 0.229736328125 0.01618578465869106 0.01904296875