0 0.931640625 0.36406460296096904 0.04248046875 0.04576043068640646
0 0.927734375 0.4078061911170929 0.04833984375 0.04374158815612382
0 0.92578125 0.4851951547779273 0.0439453125 0.04172274562584118
0 0.92724609375 0.5275908479138627 0.0390625 0.04306864064602961
0 0.92822265625 0.6776581426648721 0.041015625 0.04306864064602961
0 0.9248046875 0.7187079407806191 0.0419921875 0.039703903095558546
0 0.92822265625 0.8209959623149394 0.0439453125 0.04441453566621804
0 0.72265625 0.7335127860026918 0.0361328125 0.047106325706594884
0 0.72216796875 0.6763122476446837 0.03564453125 0.05450874831763122
1 0.943359375 0.8142664872139973 0.01513671875 0.039030955585464336
1 0.94140625 0.7099596231493943 0.0107421875 0.02086137281292059
1 0.9423828125 0.6790040376850606 0.01318359375 0.04374158815612382
1 0.93798828125 0.5289367429340511 0.01416015625 0.04104979811574697
1 0.9384765625 0.4858681022880215 0.01171875 0.03566621803499327
1 0.943359375 0.4078061911170929 0.01513671875 0.047106325706594884
1 0.94384765625 0.3620457604306864 0.01318359375 0.03768506056527591
1 0.73291015625 0.676985195154778 0.01318359375 0.04306864064602961
1 0.73388671875 0.7348586810228802 0.0126953125 0.04912516823687752