0 0.816358024691358 0.1904296875 0.06558641975308642 0.02685546875
0 0.816358024691358 0.22265625 0.06095679012345679 0.0361328125
0 0.9012345679012346 0.2548828125 0.05632716049382716 0.0302734375
0 0.9020061728395061 0.28759765625 0.05478395061728395 0.0302734375
0 0.8981481481481481 0.4052734375 0.05555555555555555 0.0390625
0 0.8958333333333334 0.4365234375 0.05941358024691358 0.0185546875
0 0.8973765432098766 0.46630859375 0.05941358024691358 0.0400390625
0 0.8942901234567902 0.5009765625 0.06481481481481481 0.03759765625
0 0.8958333333333334 0.7861328125 0.06172839506172839 0.037109375
0 0.8179012345679012 0.8564453125 0.06404320987654322 0.03515625
0 0.8140432098765432 0.78564453125 0.06481481481481481 0.03662109375
0 0.8194444444444444 0.71630859375 0.07407407407407407 0.03466796875
0 0.8140432098765432 0.68212890625 0.07021604938271606 0.025390625
0 0.8179012345679012 0.61083984375 0.06327160493827161 0.03271484375
0 0.8179012345679012 0.5732421875 0.06558641975308642 0.0380859375
0 0.8194444444444444 0.54150390625 0.06018518518518518 0.02880859375
0 0.8186728395061729 0.5078125 0.06404320987654322 0.03076171875
0 0.8171296296296297 0.43408203125 0.0625 0.0322265625
0 0.8202160493827161 0.359375 0.06790123456790123 0.0302734375
0 0.8202160493827161 0.29150390625 0.07098765432098765 0.03271484375
0 0.746141975308642 0.22509765625 0.06558641975308642 0.04052734375
0 0.6766975308641975 0.22119140625 0.05941358024691358 0.0234375
0 0.6751543209876543 0.18896484375 0.05709876543209876 0.029296875
0 0.6743827160493827 0.25537109375 0.06558641975308642 0.02880859375
0 0.6712962962962963 0.32666015625 0.06790123456790123 0.03125
0 0.6720679012345679 0.3642578125 0.06558641975308642 0.0380859375
0 0.6720679012345679 0.40478515625 0.06481481481481481 0.02880859375
0 0.6689814814814815 0.43798828125 0.06327160493827161 0.03564453125
0 0.6697530864197531 0.47607421875 0.06635802469135803 0.03662109375
0 0.6697530864197531 0.50927734375 0.06327160493827161 0.025390625
0 0.6658950617283951 0.5380859375 0.05864197530864197 0.03125
0 0.7438271604938271 0.50634765625 0.05169753086419753 0.0322265625
0 0.7399691358024691 0.40478515625 0.06172839506172839 0.037109375
0 0.7407407407407407 0.5400390625 0.05864197530864197 0.02880859375
0 0.7361111111111112 0.572265625 0.06481481481481481 0.0361328125
0 0.7368827160493827 0.6103515625 0.06018518518518518 0.033203125
0 0.7361111111111112 0.64697265625 0.05787037037037037 0.03369140625
0 0.6682098765432098 0.6435546875 0.05941358024691358 0.03564453125
0 0.6712962962962963 0.611328125 0.06018518518518518 0.02734375
0 0.7353395061728395 0.71826171875 0.06558641975308642 0.046875
0 0.6635802469135802 0.75244140625 0.06327160493827161 0.03564453125
0 0.6635802469135802 0.787109375 0.05941358024691358 0.03515625
0 0.7337962962962963 0.85498046875 0.06172839506172839 0.0322265625
0 0.6666666666666666 0.84912109375 0.06327160493827161 0.0439453125
0 0.5933641975308642 0.78125 0.05941358024691358 0.0341796875
0 0.5910493827160493 0.71875 0.0625 0.0234375
0 0.5902777777777778 0.68310546875 0.05864197530864197 0.0556640625
0 0.5949074074074074 0.60888671875 0.05941358024691358 0.0361328125
0 0.5941358024691358 0.5732421875 0.06018518518518518 0.0302734375
0 0.595679012345679 0.5400390625 0.06558641975308642 0.0322265625
0 0.5949074074074074 0.50634765625 0.06095679012345679 0.02978515625
0 0.5972222222222222 0.4013671875 0.0625 0.03662109375
0 0.5995370370370371 0.32275390625 0.05632716049382716 0.03466796875
0 0.5231481481481481 0.47021484375 0.05555555555555555 0.0322265625
0 0.5270061728395061 0.50537109375 0.05941358024691358 0.033203125
0 0.5192901234567902 0.7119140625 0.06404320987654322 0.04150390625
0 0.5177469135802469 0.75146484375 0.05864197530864197 0.0302734375
0 0.5185185185185185 0.7822265625 0.06558641975308642 0.03271484375
0 0.5162037037037037 0.826171875 0.06404320987654322 0.02978515625
0 0.4513888888888889 0.81787109375 0.05709876543209876 0.037109375
0 0.4498456790123457 0.853515625 0.05632716049382716 0.041015625
0 0.4506172839506173 0.68017578125 0.05864197530864197 0.0341796875
0 0.44753086419753085 0.7470703125 0.06481481481481481 0.0361328125
0 0.4537037037037037 0.57080078125 0.05709876543209876 0.03173828125
0 0.4537037037037037 0.5048828125 0.06095679012345679 0.03173828125
0 0.44830246913580246 0.47021484375 0.06481481481481481 0.03515625
0 0.4498456790123457 0.4375 0.06172839506172839 0.03125
0 0.4529320987654321 0.40087890625 0.05864197530864197 0.03173828125
0 0.37962962962962965 0.43701171875 0.06018518518518518 0.03759765625
0 0.3773148148148148 0.47265625 0.05632716049382716 0.03125
0 0.37885802469135804 0.50439453125 0.05787037037037037 0.0302734375
0 0.3773148148148148 0.60400390625 0.06018518518518518 0.0439453125
0 0.3757716049382716 0.64208984375 0.05864197530864197 0.03125
0 0.37808641975308643 0.71630859375 0.05015432098765432 0.03125
0 0.23842592592592593 0.50244140625 0.06635802469135803 0.03173828125
0 0.2353395061728395 0.5380859375 0.05632716049382716 0.0361328125
0 0.2345679012345679 0.60791015625 0.05864197530864197 0.03515625
0 0.2361111111111111 0.67822265625 0.06944444444444445 0.03515625
0 0.2330246913580247 0.78515625 0.06944444444444445 0.0400390625
0 0.375 0.85498046875 0.05324074074074074 0.02880859375
0 0.23842592592592593 0.85498046875 0.06635802469135803 0.03369140625
0 0.30941358024691357 0.71044921875 0.05941358024691358 0.0244140625
0 0.3055555555555556 0.73876953125 0.06867283950617284 0.03369140625
0 0.30787037037037035 0.77392578125 0.05555555555555555 0.03466796875
0 0.24074074074074073 0.46484375 0.07175925925925926 0.037109375
0 0.24459876543209877 0.43505859375 0.06404320987654322 0.0263671875
0 0.24382716049382716 0.400390625 0.05478395061728395 0.02978515625
0 0.24614197530864199 0.3203125 0.06327160493827161 0.03125
0 0.3873456790123457 0.21923828125 0.06172839506172839 0.02783203125
0 0.38425925925925924 0.3212890625 0.05864197530864197 0.029296875
0 0.31790123456790126 0.28564453125 0.05478395061728395 0.029296875
1 0.9128086419753086 0.77880859375 0.021604938271604937 0.0224609375
1 0.8379629629629629 0.783203125 0.017746913580246913 0.0302734375
1 0.8348765432098766 0.85546875 0.02546296296296296 0.0341796875
1 0.7569444444444444 0.8515625 0.020061728395061727 0.01953125
1 0.6844135802469136 0.8486328125 0.022376543209876542 0.0439453125
1 0.6805555555555556 0.78173828125 0.014660493827160493 0.02001953125
1 0.6813271604938271 0.7529296875 0.017746913580246913 0.02880859375
1 0.7577160493827161 0.71923828125 0.016975308641975308 0.04638671875
1 0.8387345679012346 0.70947265625 0.024691358024691357 0.01904296875
1 0.8364197530864198 0.6806640625 0.023148148148148147 0.02001953125
1 0.8395061728395061 0.611328125 0.021604938271604937 0.03173828125
1 0.8387345679012346 0.5732421875 0.019290123456790122 0.033203125
1 0.8371913580246914 0.53857421875 0.020061728395061727 0.02197265625
1 0.8387345679012346 0.505859375 0.016203703703703703 0.0283203125
1 0.9143518518518519 0.501953125 0.015432098765432098 0.0302734375
1 0.9166666666666666 0.462890625 0.023148148148148147 0.02978515625
1 0.9174382716049383 0.4365234375 0.014660493827160493 0.01416015625
1 0.9166666666666666 0.40625 0.022376543209876542 0.0390625
1 0.8395061728395061 0.4326171875 0.016975308641975308 0.0302734375
1 0.8395061728395061 0.35888671875 0.024691358024691357 0.029296875
1 0.8402777777777778 0.29150390625 0.023148148148148147 0.03271484375
1 0.9212962962962963 0.2880859375 0.013117283950617283 0.029296875
1 0.9197530864197531 0.25439453125 0.018518518518518517 0.0283203125
1 0.8379629629629629 0.21826171875 0.015432098765432098 0.025390625
1 0.841820987654321 0.1884765625 0.016203703703703703 0.017578125
1 0.7662037037037037 0.228515625 0.022376543209876542 0.04736328125
1 0.6944444444444444 0.21923828125 0.020833333333333332 0.017578125
1 0.6929012345679012 0.185546875 0.016975308641975308 0.01708984375
1 0.6952160493827161 0.25439453125 0.02546296296296296 0.02587890625
1 0.6905864197530864 0.31787109375 0.011574074074074073 0.01171875
1 0.6890432098765432 0.36572265625 0.020833333333333332 0.03564453125
1 0.7615740740740741 0.3994140625 0.014660493827160493 0.01416015625
1 0.6890432098765432 0.40478515625 0.021604938271604937 0.0283203125
1 0.6905864197530864 0.43896484375 0.016975308641975308 0.03564453125
1 0.691358024691358 0.4755859375 0.017746913580246913 0.03271484375
1 0.6882716049382716 0.5078125 0.020061728395061727 0.0224609375
1 0.7608024691358025 0.505859375 0.017746913580246913 0.03125
1 0.7608024691358025 0.5361328125 0.020061728395061727 0.02294921875
1 0.683641975308642 0.53515625 0.017746913580246913 0.0263671875
1 0.7577160493827161 0.5703125 0.018518518518518517 0.03173828125
1 0.7569444444444444 0.60791015625 0.015432098765432098 0.02978515625
1 0.7546296296296297 0.64404296875 0.020833333333333332 0.0234375
1 0.6828703703703703 0.640625 0.024691358024691357 0.029296875
1 0.6851851851851852 0.60498046875 0.016975308641975308 0.01611328125
1 0.6095679012345679 0.68408203125 0.017746913580246913 0.056640625
1 0.6087962962962963 0.72314453125 0.016203703703703703 0.017578125
1 0.6103395061728395 0.779296875 0.022376543209876542 0.02880859375
1 0.5385802469135802 0.8251953125 0.016975308641975308 0.01708984375
1 0.5385802469135802 0.78271484375 0.023148148148148147 0.02783203125
1 0.5362654320987654 0.744140625 0.020833333333333332 0.01416015625
1 0.5378086419753086 0.71044921875 0.021604938271604937 0.04052734375
1 0.4683641975308642 0.6767578125 0.019290123456790122 0.02197265625
1 0.4675925925925926 0.74853515625 0.02546296296296296 0.03857421875
1 0.4699074074074074 0.8134765625 0.02546296296296296 0.02099609375
1 0.466820987654321 0.8486328125 0.019290123456790122 0.03466796875
1 0.3958333333333333 0.85400390625 0.018518518518518517 0.025390625
1 0.25540123456790126 0.8525390625 0.023919753086419752 0.03271484375
1 0.25617283950617287 0.78466796875 0.022376543209876542 0.04443359375
1 0.3271604938271605 0.7373046875 0.022376543209876542 0.03173828125
1 0.3248456790123457 0.7666015625 0.016203703703703703 0.0185546875
1 0.32947530864197533 0.7099609375 0.019290123456790122 0.015625
1 0.3942901234567901 0.7138671875 0.024691358024691357 0.01416015625
1 0.2569444444444444 0.6728515625 0.026234567901234566 0.02294921875
1 0.25462962962962965 0.60400390625 0.019290123456790122 0.02783203125
1 0.39737654320987653 0.6064453125 0.017746913580246913 0.044921875
1 0.39814814814814814 0.64208984375 0.015432098765432098 0.02197265625
1 0.4722222222222222 0.56298828125 0.013888888888888888 0.01806640625
1 0.26003086419753085 0.52880859375 0.017746913580246913 0.01318359375
1 0.2623456790123457 0.49755859375 0.024691358024691357 0.01806640625
1 0.2646604938271605 0.45947265625 0.017746913580246913 0.0234375
1 0.2646604938271605 0.42919921875 0.02546296296296296 0.01318359375
1 0.26080246913580246 0.3994140625 0.016975308641975308 0.0283203125
1 0.2646604938271605 0.3173828125 0.022376543209876542 0.02392578125
1 0.33564814814814814 0.28173828125 0.013117283950617283 0.01513671875
1 0.408179012345679 0.2158203125 0.018518518518518517 0.0234375
1 0.4050925925925926 0.31884765625 0.016203703703703703 0.0234375
1 0.39891975308641975 0.43798828125 0.013117283950617283 0.03857421875
1 0.39969135802469136 0.47119140625 0.017746913580246913 0.02490234375
1 0.39814814814814814 0.50341796875 0.017746913580246913 0.03125
1 0.4691358024691358 0.4970703125 0.022376543209876542 0.01513671875
1 0.47453703703703703 0.46484375 0.018518518518518517 0.0224609375
1 0.470679012345679 0.4326171875 0.015432098765432098 0.01806640625
1 0.4722222222222222 0.39453125 0.016975308641975308 0.017578125
1 0.5462962962962963 0.470703125 0.017746913580246913 0.02587890625
1 0.5432098765432098 0.5009765625 0.018518518518518517 0.02685546875
1 0.6157407407407407 0.4990234375 0.016975308641975308 0.01953125
1 0.6165123456790124 0.5322265625 0.023148148148148147 0.0185546875
1 0.6134259259259259 0.56396484375 0.019290123456790122 0.0146484375
1 0.6157407407407407 0.60400390625 0.023148148148148147 0.02783203125
0 0.5223765432098766 0.607421875 0.06558641975308642 0.03271484375
1 0.5424382716049383 0.603515625 0.019290123456790122 0.02490234375
1 0.6149691358024691 0.39990234375 0.018518518518518517 0.03369140625
1 0.6165123456790124 0.31787109375 0.016203703703703703 0.02197265625