0 0.5538922155688623 0.34619140625 0.07260479041916168 0.02978515625
0 0.2245508982035928 0.3515625 0.07410179640718563 0.0341796875
0 0.2245508982035928 0.38671875 0.06811377245508982 0.03173828125
0 0.22604790419161677 0.42236328125 0.06736526946107785 0.03759765625
0 0.22604790419161677 0.45703125 0.06736526946107785 0.03369140625
0 0.22904191616766467 0.4912109375 0.06811377245508982 0.03369140625
0 0.2282934131736527 0.5244140625 0.07410179640718563 0.0361328125
0 0.33532934131736525 0.5302734375 0.07260479041916168 0.04150390625
0 0.33532934131736525 0.49169921875 0.06661676646706587 0.03369140625
0 0.33532934131736525 0.3818359375 0.06736526946107785 0.03955078125
0 0.3300898203592814 0.34619140625 0.061377245508982034 0.02783203125
0 0.4476047904191617 0.439453125 0.06811377245508982 0.02734375
0 0.4491017964071856 0.466796875 0.07335329341317365 0.0302734375
0 0.4505988023952096 0.49658203125 0.061377245508982034 0.025390625
0 0.4491017964071856 0.521484375 0.07260479041916168 0.0263671875
0 0.44835329341317365 0.55126953125 0.07410179640718563 0.03369140625
0 0.45209580838323354 0.58056640625 0.07110778443113773 0.029296875
0 0.5591317365269461 0.52490234375 0.06362275449101797 0.03271484375
0 0.5561377245508982 0.49462890625 0.07110778443113773 0.029296875
0 0.5561377245508982 0.46875 0.06661676646706587 0.0234375
0 0.5598802395209581 0.4375 0.0688622754491018 0.0380859375
0 0.5576347305389222 0.40625 0.07634730538922156 0.02734375
0 0.5598802395209581 0.3759765625 0.07110778443113773 0.0322265625
1 0.35404191616766467 0.34375 0.020209580838323353 0.02099609375
1 0.25 0.35302734375 0.019461077844311378 0.03173828125
1 0.24775449101796407 0.37890625 0.020958083832335328 0.01171875
1 0.3592814371257485 0.3740234375 0.02844311377245509 0.033203125
1 0.24925149700598803 0.416015625 0.03218562874251497 0.02978515625
1 0.25074850299401197 0.45654296875 0.014221556886227544 0.03662109375
1 0.25149700598802394 0.48779296875 0.0187125748502994 0.0263671875
1 0.2537425149700599 0.52294921875 0.02694610778443114 0.02783203125
1 0.3570359281437126 0.490234375 0.014970059880239521 0.0302734375
1 0.3562874251497006 0.52880859375 0.019461077844311378 0.03662109375
1 0.47305389221556887 0.55078125 0.02245508982035928 0.0302734375
1 0.4752994011976048 0.5810546875 0.020958083832335328 0.0234375
1 0.47679640718562877 0.5224609375 0.019461077844311378 0.0224609375
1 0.47305389221556887 0.49609375 0.02245508982035928 0.02392578125
1 0.4745508982035928 0.4677734375 0.02245508982035928 0.02587890625
1 0.47005988023952094 0.4375 0.019461077844311378 0.02783203125
1 0.5800898203592815 0.43115234375 0.023952095808383235 0.02587890625
1 0.5800898203592815 0.46728515625 0.020958083832335328 0.01611328125
1 0.5830838323353293 0.494140625 0.014221556886227544 0.0244140625
1 0.5838323353293413 0.52197265625 0.016467065868263474 0.025390625
1 0.5808383233532934 0.40185546875 0.02245508982035928 0.0234375
1 0.5830838323353293 0.373046875 0.020958083832335328 0.025390625
1 0.5815868263473054 0.345703125 0.020209580838323353 0.02734375