0 0.91162109375 0.19415702982349362 0.03125 0.026171637248934874
0 0.91064453125 0.22398052343274497 0.03369140625 0.03164942178940962
0 0.8037109375 0.18807060255629945 0.01806640625 0.020693852708460133
0 0.80322265625 0.20998174071819842 0.021484375 0.02008520998174072
0 0.78564453125 0.19841752891052952 0.01513671875 0.018259281801582473
0 0.78369140625 0.2209373097991479 0.0185546875 0.02556299452221546
0 0.61181640625 0.1929397443700548 0.02197265625 0.024954351795496044
1 0.919921875 0.1929397443700548 0.0107421875 0.024345709068776627
1 0.92041015625 0.2215459525258673 0.01123046875 0.026171637248934874
1 0.80859375 0.18867924528301888 0.0078125 0.017650639074863056
1 0.80859375 0.20815581253804016 0.00732421875 0.01582471089470481
1 0.78955078125 0.2209373097991479 0.00634765625 0.024954351795496044
1 0.7900390625 0.1935483870967742 0.005859375 0.010346926354230066
1 0.6181640625 0.1929397443700548 0.00830078125 0.026171637248934874