0 0.9425287356321839 0.1552734375 0.06896551724137931 0.0341796875
0 0.9425287356321839 0.1875 0.0722495894909688 0.0302734375
0 0.9433497536945813 0.244140625 0.06486042692939245 0.02685546875
0 0.9474548440065681 0.279296875 0.06157635467980296 0.04296875
0 0.9466338259441708 0.37451171875 0.07060755336617405 0.03173828125
0 0.9458128078817734 0.447265625 0.06732348111658457 0.0380859375
0 0.9408866995073891 0.75830078125 0.06486042692939245 0.0302734375
0 0.9433497536945813 0.87451171875 0.0665024630541872 0.03564453125
0 0.867816091954023 0.86865234375 0.08456486042692939 0.03125
0 0.8702791461412152 0.81591796875 0.090311986863711 0.0361328125
0 0.867816091954023 0.62451171875 0.08538587848932677 0.0380859375
0 0.8653530377668309 0.56787109375 0.06896551724137931 0.0234375
0 0.861247947454844 0.53515625 0.08702791461412152 0.03759765625
0 0.8645320197044335 0.49462890625 0.08620689655172414 0.03955078125
0 0.8653530377668309 0.427734375 0.07389162561576355 0.03125
0 0.8686371100164204 0.31884765625 0.10098522167487685 0.04150390625
0 0.8669950738916257 0.2744140625 0.08538587848932677 0.0400390625
0 0.8653530377668309 0.234375 0.08292282430213464 0.02783203125
0 0.8628899835796388 0.19873046875 0.08210180623973727 0.0380859375
0 0.7824302134646962 0.16552734375 0.07307060755336617 0.03955078125
0 0.7799671592775042 0.20068359375 0.08045977011494253 0.03125
0 0.7807881773399015 0.4013671875 0.07799671592775041 0.03466796875
0 0.7832512315270936 0.48876953125 0.0755336617405583 0.03466796875
0 0.7824302134646962 0.5498046875 0.07881773399014778 0.02880859375
0 0.7824302134646962 0.5859375 0.08374384236453201 0.0419921875
0 0.7873563218390804 0.6865234375 0.07635467980295567 0.04150390625
0 0.7791461412151067 0.86083984375 0.08538587848932677 0.044921875
0 0.6970443349753694 0.904296875 0.08702791461412152 0.0322265625
0 0.6970443349753694 0.869140625 0.07307060755336617 0.03759765625
0 0.6986863711001642 0.66259765625 0.0812807881773399 0.03857421875
0 0.6986863711001642 0.35693359375 0.08210180623973727 0.03564453125
0 0.6978653530377669 0.31640625 0.08949096880131363 0.04638671875
0 0.6978653530377669 0.2734375 0.08538587848932677 0.0341796875
0 0.6962233169129721 0.130859375 0.09441707717569786 0.03662109375
0 0.6141215106732348 0.1826171875 0.09359605911330049 0.0419921875
0 0.5328407224958949 0.08837890625 0.09195402298850575 0.041015625
0 0.5229885057471264 0.23828125 0.08210180623973727 0.04150390625
0 0.6116584564860427 0.27783203125 0.08292282430213464 0.03466796875
0 0.5270935960591133 0.31103515625 0.08784893267651889 0.033203125
0 0.5270935960591133 0.35009765625 0.08292282430213464 0.04443359375
0 0.6124794745484401 0.380859375 0.07799671592775041 0.041015625
0 0.5328407224958949 0.52880859375 0.08538587848932677 0.046875
0 0.5344827586206896 0.56689453125 0.08045977011494253 0.041015625
0 0.5287356321839081 0.81640625 0.07881773399014778 0.05078125
0 0.6133004926108374 0.86669921875 0.08866995073891626 0.0419921875
0 0.5221674876847291 0.900390625 0.08538587848932677 0.0322265625
0 0.6945812807881774 0.08935546875 0.090311986863711 0.04248046875
0 0.4490968801313629 0.1953125 0.09359605911330049 0.033203125
0 0.44499178981937604 0.49951171875 0.08374384236453201 0.04296875
0 0.4458128078817734 0.5390625 0.08538587848932677 0.03564453125
0 0.4425287356321839 0.6494140625 0.08784893267651889 0.046875
0 0.44991789819376027 0.73583984375 0.08292282430213464 0.03515625
0 0.3669950738916256 0.8935546875 0.08210180623973727 0.033203125
0 0.36617405582922824 0.8623046875 0.09195402298850575 0.03076171875
0 0.35317002298850575 0.8009006577148438 0.3982566256157635 0.800612228515625 0.4103766502463054 0.7636910629882813 0.3914693653530378 0.7593643662109375 0.3667444548440066 0.7709022333984376 0.31880510837438425 0.77181660546875 0.32068826272577994 0.800612228515625 0.35317002298850575 0.8009006577148438
0 0.36722927175697867 0.7685946708984375 0.37934934072249593 0.7613835 0.40407425205254516 0.7584990268554688 0.40698306486042696 0.7481149536132813 0.39922621510673234 0.7331157548828126 0.31880510837438425 0.7328869428710938 0.3332931042692939 0.7706137783203125 0.36722927175697867 0.7685946708984375
0 0.36042692939244664 0.52685546875 0.08456486042692939 0.03857421875
0 0.36288998357963875 0.35791015625 0.08538587848932677 0.041015625
0 0.23051505747126436 0.06663385400390626 0.23342387027914613 0.1047087880859375 0.2586335985221675 0.1101892666015625 0.28820650164203615 0.1136506240234375 0.3032353842364532 0.102978109375 0.3260210714285714 0.100670533203125 0.32165785221674875 0.06663385400390626 0.23007303612479474 0.06459440234375 0.23051505747126436 0.06663385400390626
0 0.293539355500821 0.156917607421875 0.3182642668308703 0.132976533203125 0.32311225862068965 0.1113430478515625 0.308083420361248 0.10384344873046875 0.2862673226600985 0.1179773212890625 0.22934572413793106 0.12125868896484375 0.2499071592775041 0.15662915234375 0.293539355500821 0.156917607421875
0 0.19786535303776684 0.24169921875 0.08866995073891626 0.04052734375
0 0.28160919540229884 0.2880859375 0.0755336617405583 0.037109375
0 0.28407224958949095 0.6455078125 0.090311986863711 0.04150390625
0 0.28160919540229884 0.81787109375 0.0722495894909688 0.03271484375
0 0.322627486042693 0.868962251953125 0.32505148193760264 0.8311757470703125 0.308083420361248 0.8291566396484376 0.24898314942528738 0.8388621352539063 0.25378556239737277 0.88886505859375 0.29450894499178987 0.88886505859375 0.322627486042693 0.868962251953125
0 0.19950738916256158 0.85888671875 0.08374384236453201 0.03955078125
0 0.19786535303776684 0.591796875 0.08949096880131363 0.0380859375
0 0.19786535303776684 0.43505859375 0.09852216748768473 0.04443359375
0 0.19376026272577998 0.40087890625 0.090311986863711 0.0224609375
0 0.19293924466338258 0.173828125 0.08784893267651889 0.04345703125
0 0.1116584564860427 0.083984375 0.07881773399014778 0.0400390625
0 0.10837438423645321 0.4375 0.08210180623973727 0.04150390625
0 0.10837438423645321 0.82568359375 0.08456486042692939 0.02880859375
1 0.9638752052545156 0.154296875 0.022167487684729065 0.029296875
1 0.9655172413793104 0.18212890625 0.022167487684729065 0.017578125
1 0.9638752052545156 0.24365234375 0.020525451559934318 0.0205078125
1 0.9663382594417077 0.2744140625 0.020525451559934318 0.037109375
1 0.9679802955665024 0.37451171875 0.025451559934318555 0.02880859375
1 0.9655172413793104 0.4462890625 0.019704433497536946 0.03466796875
1 0.9622331691297209 0.7578125 0.016420361247947456 0.02587890625
1 0.9622331691297209 0.8740234375 0.021346469622331693 0.03369140625
1 0.8932676518883416 0.86962890625 0.027914614121510674 0.02978515625
1 0.8990147783251231 0.81591796875 0.030377668308702793 0.033203125
1 0.8940886699507389 0.6240234375 0.029556650246305417 0.0361328125
1 0.8875205254515599 0.56591796875 0.014778325123152709 0.02001953125
1 0.8891625615763546 0.53515625 0.026272577996715927 0.03564453125
1 0.8891625615763546 0.494140625 0.035303776683087026 0.03662109375
1 0.8858784893267652 0.42578125 0.029556650246305417 0.02880859375
1 0.8998357963875205 0.31005859375 0.030377668308702793 0.021484375
1 0.8949096880131363 0.2724609375 0.021346469622331693 0.02490234375
1 0.8916256157635468 0.2314453125 0.029556650246305417 0.021484375
1 0.8908045977011494 0.19921875 0.027093596059113302 0.03662109375
1 0.8078817733990148 0.16162109375 0.03201970443349754 0.03076171875
1 0.80623973727422 0.19873046875 0.027093596059113302 0.029296875
1 0.7216748768472906 0.2705078125 0.027914614121510674 0.02392578125
1 0.7208538587848933 0.31005859375 0.03694581280788178 0.03564453125
1 0.7200328407224958 0.357421875 0.03284072249589491 0.02783203125
1 0.80623973727422 0.40234375 0.028735632183908046 0.03076171875
1 0.8045977011494253 0.490234375 0.028735632183908046 0.0263671875
1 0.8037766830870279 0.5498046875 0.0361247947454844 0.02734375
1 0.8054187192118226 0.58837890625 0.031198686371100164 0.0341796875
1 0.8087027914614121 0.6875 0.034482758620689655 0.0390625
1 0.7216748768472906 0.6630859375 0.028735632183908046 0.03759765625
1 0.5574712643678161 0.56640625 0.028735632183908046 0.02099609375
1 0.5541871921182266 0.525390625 0.03284072249589491 0.02880859375
1 0.6354679802955665 0.3798828125 0.028735632183908046 0.03271484375
1 0.6395730706075534 0.27783203125 0.026272577996715927 0.0302734375
1 0.6428571428571429 0.17529296875 0.03284072249589491 0.0244140625
1 0.5566502463054187 0.0888671875 0.03201970443349754 0.03125
1 0.47619047619047616 0.197265625 0.03201970443349754 0.02783203125
1 0.5476190476190477 0.23779296875 0.031198686371100164 0.03662109375
1 0.5517241379310345 0.31103515625 0.031198686371100164 0.0302734375
1 0.5509031198686372 0.349609375 0.03366174055829228 0.044921875
1 0.47126436781609193 0.73486328125 0.03366174055829228 0.03271484375
1 0.5517241379310345 0.81787109375 0.031198686371100164 0.0498046875
1 0.6420361247947455 0.87109375 0.029556650246305417 0.02978515625
1 0.5476190476190477 0.89990234375 0.03284072249589491 0.029296875
1 0.38834154351395733 0.892578125 0.030377668308702793 0.029296875
1 0.3916256157635468 0.86181640625 0.035303776683087026 0.0283203125
1 0.3899835796387521 0.77001953125 0.022988505747126436 0.01611328125
1 0.3899835796387521 0.74560546875 0.03201970443349754 0.02001953125
1 0.4671592775041051 0.64892578125 0.03201970443349754 0.04248046875
1 0.47126436781609193 0.53271484375 0.030377668308702793 0.0185546875
1 0.47044334975369456 0.501953125 0.027093596059113302 0.037109375
1 0.3891625615763547 0.35400390625 0.025451559934318555 0.0244140625
1 0.3045977011494253 0.28369140625 0.020525451559934318 0.02783203125
1 0.22413793103448276 0.24072265625 0.041050903119868636 0.03662109375
1 0.21921182266009853 0.166015625 0.03776683087027915 0.02685546875
1 0.3111658456486043 0.11865234375 0.024630541871921183 0.02197265625
1 0.3103448275862069 0.08642578125 0.028735632183908046 0.03369140625
1 0.1354679802955665 0.083984375 0.031198686371100164 0.03515625
1 0.722495894909688 0.08056640625 0.028735632183908046 0.025390625
1 0.13464696223316913 0.4345703125 0.027093596059113302 0.03564453125
1 0.22660098522167488 0.4267578125 0.035303776683087026 0.02734375
1 0.22167487684729065 0.400390625 0.024630541871921183 0.02197265625
1 0.22660098522167488 0.59326171875 0.027093596059113302 0.03369140625
1 0.3136288998357964 0.646484375 0.028735632183908046 0.03955078125
1 0.3054187192118227 0.8134765625 0.022167487684729065 0.01416015625
1 0.30870279146141216 0.84716796875 0.028735632183908046 0.03369140625
1 0.22249589490968802 0.8583984375 0.0361247947454844 0.0400390625
1 0.13136288998357964 0.82470703125 0.031198686371100164 0.0283203125
1 0.38587848932676516 0.5263671875 0.03284072249589491 0.0361328125
1 0.7200328407224958 0.8701171875 0.024630541871921183 0.03173828125
1 0.7208538587848933 0.90283203125 0.027914614121510674 0.029296875
1 0.8037766830870279 0.86474609375 0.026272577996715927 0.0361328125
1 0.7274220032840722 0.1298828125 0.028735632183908046 0.03466796875