0 0.8141321044546851 0.4501953125 0.0837173579109063 0.05078125
0 0.9055299539170507 0.832763671875 0.08602150537634409 0.05908203125
0 0.8083717357910907 0.8203125 0.10291858678955453 0.0390625
0 0.8125960061443932 0.8701171875 0.0913978494623656 0.05859375
0 0.7016129032258065 0.819580078125 0.10675883256528418 0.0625
0 0.7123655913978495 0.875 0.08986175115207373 0.04736328125
0 0.5591397849462365 0.587646484375 0.12749615975422426 0.0859375
0 0.7027649769585254 0.554443359375 0.1175115207373272 0.05810546875
0 0.8052995391705069 0.57470703125 0.0967741935483871 0.05810546875
0 0.8106758832565284 0.71142578125 0.0967741935483871 0.060546875
0 0.7027649769585254 0.668701171875 0.0913978494623656 0.06103515625
1 0.598310291858679 0.580322265625 0.04531490015360983 0.06494140625
1 0.7334869431643625 0.672607421875 0.03302611367127496 0.0546875
1 0.7307987711213517 0.818603515625 0.03302611367127496 0.064453125
1 0.8406298003072197 0.81689453125 0.03609831029185868 0.0244140625
1 0.8383256528417818 0.85400390625 0.03302611367127496 0.0263671875
1 0.7419354838709677 0.871337890625 0.041474654377880185 0.02734375
1 0.9289554531490015 0.83056640625 0.040706605222734255 0.0498046875
1 0.8402457757296466 0.7041015625 0.03609831029185868 0.0478515625
1 0.8329493087557603 0.576416015625 0.03763440860215054 0.06005859375
1 0.7423195084485407 0.549072265625 0.03456221198156682 0.04541015625
1 0.8379416282642089 0.446533203125 0.030721966205837174 0.0419921875