0 0.39990234375 0.19391971664698937 0.02734375 0.025974025974025976
0 0.3994140625 0.2204840613931523 0.033203125 0.026564344746162927
0 0.400146484375 0.24468713105076742 0.02783203125 0.021251475796930343
0 0.40185546875 0.2706611570247934 0.0302734375 0.031877213695395513
0 0.400390625 0.3220188902007084 0.0283203125 0.02715466351829988
0 0.399658203125 0.34681227863046044 0.0341796875 0.03010625737898465
0 0.360107421875 0.2744982290436836 0.029296875 0.02833530106257379
0 0.361083984375 0.24970484061393153 0.02783203125 0.024203069657615112
0 0.361328125 0.2243211334120425 0.0322265625 0.02833530106257379
0 0.36181640625 0.19834710743801653 0.03369140625 0.03010625737898465
0 0.32177734375 0.19569067296340023 0.02783203125 0.024793388429752067
0 0.323486328125 0.24881936245572608 0.0283203125 0.023612750885478158
0 0.323486328125 0.275974025974026 0.025390625 0.026564344746162927
0 0.3282961064453125 0.32120419244391973 0.33661465185546874 0.3198355448642267 0.33703069677734376 0.29101941676505316 0.309187130859375 0.2912718813459268 0.3091053466796875 0.30921778276269185 0.3250596875 0.3095544622195986 0.3282961064453125 0.32120419244391973
0 0.284912109375 0.24557260920897284 0.02978515625 0.025974025974025976
0 0.28515625 0.19952774498229045 0.0263671875 0.030696576151121605
1 0.33251953125 0.19657615112160567 0.00927734375 0.024793388429752067
1 0.29296875 0.19923258559622195 0.0087890625 0.03128689492325856
1 0.294189453125 0.24055489964580873 0.009765625 0.015938606847697757
1 0.331787109375 0.24970484061393153 0.01025390625 0.02066115702479339
1 0.330810546875 0.27508854781582054 0.00732421875 0.02538370720188902
1 0.330810546875 0.30460448642266824 0.0078125 0.02538370720188902
1 0.37060546875 0.26711924439197166 0.00732421875 0.012987012987012988
1 0.370361328125 0.24173553719008264 0.0087890625 0.010035419126328217
1 0.3701171875 0.22225501770956316 0.01123046875 0.008264462809917356
1 0.37060546875 0.198642266824085 0.0126953125 0.032467532467532464
1 0.408203125 0.18801652892561985 0.00830078125 0.015938606847697757
1 0.409423828125 0.2139905548996458 0.01025390625 0.01475796930342385
1 0.409912109375 0.23819362455726092 0.0087890625 0.011806375442739079
1 0.408203125 0.26889020070838254 0.01123046875 0.021841794569067298
1 0.408935546875 0.31493506493506496 0.00830078125 0.012987012987012988
1 0.408447265625 0.34268004722550177 0.009765625 0.023022432113341203