0 0.7723935389133627 0.2587890625 0.04698972099853157 0.0361328125
0 0.7723935389133627 0.30322265625 0.05800293685756241 0.02392578125
0 0.8377386196769456 0.3359375 0.0513950073421439 0.03369140625
0 0.8428781204111601 0.2861328125 0.06093979441997063 0.037109375
0 0.8399412628487518 0.2509765625 0.05433186490455213 0.0302734375
0 0.7709251101321586 0.33056640625 0.05726872246696035 0.03369140625
0 0.8392070484581498 0.43212890625 0.05506607929515418 0.029296875
0 0.8392070484581498 0.478515625 0.052129221732745964 0.02734375
0 0.8414096916299559 0.50732421875 0.0565345080763583 0.025390625
0 0.8428781204111601 0.537109375 0.05506607929515418 0.029296875
0 0.8436123348017621 0.56640625 0.0565345080763583 0.02685546875
0 0.8399412628487518 0.59423828125 0.05800293685756241 0.02587890625
0 0.8392070484581498 0.6220703125 0.05726872246696035 0.0263671875
0 0.842143906020558 0.65185546875 0.053597650513950074 0.02783203125
0 0.8428781204111601 0.7470703125 0.048458149779735685 0.01953125
0 0.8414096916299559 0.7734375 0.05947136563876652 0.02099609375
0 0.8450807635829662 0.81005859375 0.06167400881057269 0.02587890625
0 0.8436123348017621 0.83544921875 0.05433186490455213 0.02490234375
0 0.8465491923641704 0.9033203125 0.05873715124816446 0.03271484375
0 0.6490455212922174 0.84326171875 0.05726872246696035 0.03173828125
0 0.6497797356828194 0.8798828125 0.05800293685756241 0.037109375
0 0.6541850220264317 0.81494140625 0.0697503671071953 0.02685546875
0 0.6534508076358296 0.78271484375 0.06901615271659324 0.03076171875
0 0.6512481644640234 0.748046875 0.06461086637298091 0.03466796875
0 0.6468428781204112 0.71435546875 0.06607929515418502 0.03173828125
0 0.6483113069016153 0.68798828125 0.06240822320117474 0.02197265625
0 0.6490455212922174 0.6591796875 0.06167400881057269 0.0322265625
0 0.6556534508076358 0.62353515625 0.0565345080763583 0.03173828125
0 0.6541850220264317 0.58984375 0.055800293685756244 0.03466796875
0 0.6505139500734214 0.552734375 0.06093979441997063 0.0390625
0 0.6505139500734214 0.4921875 0.06093979441997063 0.03662109375
0 0.6505139500734214 0.52099609375 0.05286343612334802 0.0234375
0 0.6497797356828194 0.45849609375 0.0565345080763583 0.03466796875
0 0.6483113069016153 0.42138671875 0.0565345080763583 0.037109375
0 0.6483113069016153 0.38916015625 0.0513950073421439 0.0234375
0 0.7085168869309838 0.4873046875 0.052129221732745964 0.0302734375
0 0.7129221732745962 0.517578125 0.052129221732745964 0.0322265625
0 0.71071953010279 0.55419921875 0.052129221732745964 0.03369140625
0 0.7077826725403817 0.58740234375 0.05286343612334802 0.02685546875
0 0.7121879588839941 0.62255859375 0.049926578560939794 0.03955078125
0 0.7767988252569751 0.6513671875 0.053597650513950074 0.02587890625
0 0.7812041116005873 0.6240234375 0.046255506607929514 0.02783203125
0 0.7812041116005873 0.5087890625 0.06020558002936858 0.03173828125
0 0.7804698972099853 0.46728515625 0.06020558002936858 0.03076171875
0 0.7790014684287812 0.4375 0.05947136563876652 0.0302734375
0 0.7077826725403817 0.31201171875 0.05286343612334802 0.02734375
0 0.7099853157121879 0.34130859375 0.05433186490455213 0.02685546875
0 0.7129221732745962 0.3701171875 0.049926578560939794 0.02783203125
0 0.7151248164464024 0.39697265625 0.0565345080763583 0.0244140625
0 0.711453744493392 0.4228515625 0.05506607929515418 0.02685546875
0 0.7070484581497798 0.453125 0.04919236417033774 0.0322265625
0 0.6461086637298091 0.29150390625 0.05286343612334802 0.0283203125
0 0.6461086637298091 0.3203125 0.06093979441997063 0.029296875
0 0.6468428781204112 0.3564453125 0.06461086637298091 0.03662109375
0 0.579295154185022 0.29296875 0.05947136563876652 0.03076171875
0 0.57856093979442 0.32421875 0.05433186490455213 0.0283203125
0 0.5829662261380323 0.35595703125 0.05800293685756241 0.0341796875
0 0.5844346549192364 0.3857421875 0.06167400881057269 0.044921875
0 0.5844346549192364 0.42431640625 0.052129221732745964 0.0263671875
0 0.5844346549192364 0.4521484375 0.053597650513950074 0.02734375
0 0.5844346549192364 0.47802734375 0.05286343612334802 0.02880859375
0 0.5844346549192364 0.50927734375 0.0565345080763583 0.033203125
0 0.5837004405286343 0.54345703125 0.05800293685756241 0.03076171875
0 0.5822320117474302 0.572265625 0.05726872246696035 0.0244140625
0 0.5844346549192364 0.60693359375 0.05873715124816446 0.03955078125
0 0.5837004405286343 0.6396484375 0.05947136563876652 0.025390625
0 0.5851688693098385 0.66845703125 0.06020558002936858 0.03173828125
0 0.5859030837004405 0.701171875 0.05726872246696035 0.029296875
0 0.591042584434655 0.73681640625 0.04919236417033774 0.02392578125
0 0.591042584434655 0.76513671875 0.052129221732745964 0.0380859375
0 0.5903083700440529 0.7998046875 0.05433186490455213 0.02783203125
0 0.5895741556534508 0.82861328125 0.05947136563876652 0.029296875
0 0.5925110132158591 0.85791015625 0.05873715124816446 0.02490234375
0 0.591776798825257 0.88623046875 0.055800293685756244 0.029296875
0 0.5286343612334802 0.8837890625 0.06901615271659324 0.03662109375
0 0.5301027900146843 0.84619140625 0.0631424375917768 0.0419921875
0 0.5279001468428781 0.81005859375 0.06240822320117474 0.02490234375
0 0.5227606461086637 0.7861328125 0.06461086637298091 0.02685546875
0 0.5249632892804699 0.75634765625 0.06093979441997063 0.0234375
0 0.5256975036710719 0.7255859375 0.05947136563876652 0.03759765625
0 0.5220264317180616 0.69140625 0.05800293685756241 0.029296875
0 0.5227606461086637 0.658203125 0.0565345080763583 0.0341796875
0 0.5256975036710719 0.62158203125 0.05433186490455213 0.033203125
0 0.5242290748898678 0.5751953125 0.04698972099853157 0.02783203125
0 0.5242290748898678 0.5498046875 0.06020558002936858 0.03857421875
0 0.5198237885462555 0.51171875 0.05800293685756241 0.03466796875
0 0.5212922173274597 0.48046875 0.06240822320117474 0.03662109375
0 0.5198237885462555 0.4462890625 0.05800293685756241 0.03076171875
0 0.5212922173274597 0.41552734375 0.055800293685756244 0.03076171875
0 0.5227606461086637 0.38623046875 0.0565345080763583 0.02880859375
0 0.5198237885462555 0.35546875 0.05726872246696035 0.03271484375
0 0.5190895741556535 0.32177734375 0.05433186490455213 0.0263671875
0 0.5161527165932452 0.29150390625 0.05873715124816446 0.02978515625
0 0.4544787077826725 0.30078125 0.06093979441997063 0.03759765625
0 0.45374449339207046 0.3330078125 0.06607929515418502 0.0322265625
0 0.4581497797356828 0.369140625 0.06461086637298091 0.03271484375
0 0.45961820851688695 0.39599609375 0.05726872246696035 0.01806640625
0 0.4566813509544787 0.419921875 0.0565345080763583 0.02783203125
0 0.4552129221732746 0.44775390625 0.055800293685756244 0.03662109375
0 0.4588839941262849 0.4814453125 0.052129221732745964 0.02392578125
0 0.4581497797356828 0.51513671875 0.04919236417033774 0.03564453125
0 0.45594713656387664 0.54638671875 0.05433186490455213 0.02197265625
0 0.460352422907489 0.57421875 0.05873715124816446 0.0283203125
0 0.45741556534508077 0.603515625 0.05433186490455213 0.037109375
0 0.460352422907489 0.634765625 0.055800293685756244 0.0244140625
0 0.45961820851688695 0.66162109375 0.06167400881057269 0.02978515625
0 0.460352422907489 0.693359375 0.0565345080763583 0.03271484375
0 0.460352422907489 0.720703125 0.053597650513950074 0.0185546875
0 0.460352422907489 0.7451171875 0.053597650513950074 0.0263671875
0 0.46255506607929514 0.77587890625 0.05433186490455213 0.02978515625
0 0.46402349486049926 0.80810546875 0.05726872246696035 0.03076171875
0 0.4654919236417034 0.84326171875 0.05947136563876652 0.03271484375
0 0.46402349486049926 0.87890625 0.05286343612334802 0.037109375
0 0.40602055800293685 0.8798828125 0.06240822320117474 0.0361328125
0 0.40381791483113066 0.841796875 0.06020558002936858 0.03271484375
0 0.40308370044052866 0.80322265625 0.0565345080763583 0.0380859375
0 0.40161527165932454 0.740234375 0.05873715124816446 0.02978515625
0 0.40161527165932454 0.7099609375 0.05873715124816446 0.03271484375
0 0.4008810572687225 0.677734375 0.06093979441997063 0.0302734375
0 0.39941262848751835 0.646484375 0.052129221732745964 0.0390625
0 0.4001468428781204 0.5771484375 0.05726872246696035 0.0419921875
0 0.39794419970631423 0.54345703125 0.06240822320117474 0.02587890625
0 0.39941262848751835 0.51220703125 0.06093979441997063 0.033203125
0 0.4001468428781204 0.478515625 0.055800293685756244 0.03271484375
0 0.3986784140969163 0.44287109375 0.05066079295154185 0.03515625
0 0.39941262848751835 0.4169921875 0.04919236417033774 0.01708984375
0 0.39794419970631423 0.39697265625 0.05066079295154185 0.0205078125
0 0.3957415565345081 0.37451171875 0.0513950073421439 0.02197265625
0 0.394273127753304 0.35498046875 0.05066079295154185 0.02587890625
0 0.3935389133627019 0.32861328125 0.053597650513950074 0.02587890625
0 0.39280469897209985 0.2978515625 0.0565345080763583 0.03564453125
0 0.3333333333333333 0.29541015625 0.05433186490455213 0.0322265625
0 0.33259911894273125 0.32861328125 0.053597650513950074 0.037109375
0 0.3340675477239354 0.369140625 0.07048458149779736 0.0400390625
0 0.3355359765051395 0.40283203125 0.06681350954478708 0.0283203125
0 0.3377386196769457 0.43212890625 0.06534508076358296 0.029296875
0 0.33480176211453744 0.47119140625 0.06167400881057269 0.04541015625
0 0.3377386196769457 0.50732421875 0.0631424375917768 0.029296875
0 0.33480176211453744 0.5361328125 0.06240822320117474 0.02197265625
0 0.33847283406754775 0.568359375 0.06020558002936858 0.04345703125
0 0.33627019089574156 0.60400390625 0.06240822320117474 0.03271484375
0 0.3355359765051395 0.6376953125 0.06093979441997063 0.02783203125
0 0.33186490455212925 0.6611328125 0.0631424375917768 0.0341796875
0 0.3355359765051395 0.69482421875 0.06093979441997063 0.02734375
0 0.33480176211453744 0.7236328125 0.06167400881057269 0.02880859375
0 0.3377386196769457 0.7548828125 0.06093979441997063 0.02880859375
0 0.3355359765051395 0.7880859375 0.06754772393538913 0.03125
0 0.3399412628487518 0.8212890625 0.0697503671071953 0.0263671875
0 0.3406754772393539 0.84814453125 0.05726872246696035 0.025390625
0 0.3377386196769457 0.8759765625 0.06534508076358296 0.04150390625
0 0.27386196769456683 0.88623046875 0.05286343612334802 0.02685546875
0 0.2723935389133627 0.85986328125 0.06167400881057269 0.02880859375
0 0.2753303964757709 0.82861328125 0.06093979441997063 0.0322265625
0 0.27165932452276065 0.79296875 0.05800293685756241 0.0361328125
0 0.2745961820851689 0.7568359375 0.05873715124816446 0.033203125
0 0.27165932452276065 0.72216796875 0.055800293685756244 0.04052734375
0 0.27386196769456683 0.69482421875 0.05286343612334802 0.0302734375
0 0.2745961820851689 0.66845703125 0.0513950073421439 0.021484375
0 0.26798825256975034 0.64013671875 0.05873715124816446 0.03515625
0 0.27165932452276065 0.603515625 0.055800293685756244 0.037109375
0 0.2753303964757709 0.56884765625 0.0631424375917768 0.03125
0 0.27165932452276065 0.53662109375 0.05726872246696035 0.02978515625
0 0.2775330396475771 0.50732421875 0.05947136563876652 0.0302734375
0 0.2701908957415565 0.47900390625 0.06607929515418502 0.025390625
0 0.26945668135095446 0.44384765625 0.05726872246696035 0.0361328125
0 0.26945668135095446 0.40771484375 0.053597650513950074 0.0302734375
0 0.2709251101321586 0.375 0.06093979441997063 0.0380859375
0 0.2687224669603524 0.3427734375 0.06901615271659324 0.0283203125
0 0.2701908957415565 0.30615234375 0.0631424375917768 0.04296875
0 0.2055800293685756 0.28125 0.06167400881057269 0.029296875
0 0.20484581497797358 0.39306640625 0.048458149779735685 0.033203125
0 0.2011747430249633 0.42431640625 0.052129221732745964 0.03076171875
0 0.20704845814977973 0.51708984375 0.05433186490455213 0.0234375
0 0.2092511013215859 0.58203125 0.0565345080763583 0.02783203125
0 0.20851688693098386 0.60888671875 0.05506607929515418 0.0224609375
0 0.20851688693098386 0.65869140625 0.046255506607929514 0.02978515625
0 0.20851688693098386 0.69921875 0.05506607929515418 0.0263671875
0 0.2092511013215859 0.78369140625 0.0565345080763583 0.02392578125
0 0.21512481644640236 0.814453125 0.049926578560939794 0.0302734375
0 0.2143906020558003 0.8525390625 0.04919236417033774 0.01806640625
0 0.2173274596182085 0.880859375 0.046255506607929514 0.03271484375
0 0.1512481644640235 0.91259765625 0.046255506607929514 0.0234375
0 0.14757709251101322 0.88134765625 0.04919236417033774 0.015625
0 0.144640234948605 0.78076171875 0.052129221732745964 0.03076171875
0 0.14537444933920704 0.74462890625 0.05286343612334802 0.0205078125
0 0.144640234948605 0.71435546875 0.05066079295154185 0.02294921875
0 0.14831130690161526 0.65576171875 0.055800293685756244 0.02880859375
0 0.14390602055800295 0.61328125 0.05726872246696035 0.0341796875
0 0.14317180616740088 0.57275390625 0.049926578560939794 0.025390625
0 0.14170337738619676 0.5419921875 0.06534508076358296 0.0263671875
0 0.14077141997063142 0.5071290078125 0.15494148825256976 0.5236182275390625 0.1699972408223201 0.5171403271484375 0.18328169236417033 0.5000621928710938 0.1708828575624082 0.48003957666015623 0.10983634654919236 0.47582646826171876 0.11065998311306902 0.5047733955078125 0.14077141997063142 0.5071290078125
0 0.1443139544787078 0.4747394599609375 0.16911162408223201 0.474150568359375 0.17265409030837006 0.4317496899414062 0.11094356828193833 0.4316457377929688 0.11154566740088105 0.45883913232421875 0.1381145704845815 0.46237255078125 0.1443139544787078 0.4747394599609375
0 0.14023494860499267 0.330078125 0.05947136563876652 0.02783203125
1 0.8524229074889867 0.25341796875 0.021292217327459617 0.0244140625
1 0.8575624082232012 0.28369140625 0.024963289280469897 0.03076171875
1 0.8531571218795888 0.3369140625 0.015418502202643172 0.03271484375
1 0.855359765051395 0.43359375 0.01762114537444934 0.0263671875
1 0.855359765051395 0.478515625 0.016152716593245228 0.021484375
1 0.8575624082232012 0.50732421875 0.024229074889867842 0.025390625
1 0.855359765051395 0.5361328125 0.019823788546255508 0.02490234375
1 0.8597650513950074 0.56396484375 0.02643171806167401 0.02587890625
1 0.856093979441997 0.59375 0.01762114537444934 0.0234375
1 0.8531571218795888 0.6220703125 0.016152716593245228 0.0244140625
1 0.8524229074889867 0.65087890625 0.018355359765051395 0.02734375
1 0.78928046989721 0.650390625 0.020558002936857563 0.02099609375
1 0.7922173274596183 0.62158203125 0.019823788546255508 0.02734375
1 0.7944199706314243 0.5078125 0.024229074889867842 0.0263671875
1 0.7936857562408223 0.4677734375 0.02936857562408223 0.02734375
1 0.78928046989721 0.439453125 0.023494860499265784 0.02734375
1 0.788546255506608 0.3310546875 0.019823788546255508 0.0283203125
1 0.7878120411160059 0.30224609375 0.019823788546255508 0.02197265625
1 0.7848751835535976 0.25634765625 0.02276064610866373 0.0302734375
1 0.8568281938325991 0.744140625 0.014684287812041116 0.01513671875
1 0.8568281938325991 0.77392578125 0.016886930983847283 0.021484375
1 0.8604992657856094 0.81005859375 0.023494860499265784 0.02490234375
1 0.8590308370044053 0.8349609375 0.021292217327459617 0.02294921875
1 0.8619676945668135 0.90234375 0.016152716593245228 0.029296875
1 0.6681350954478708 0.8779296875 0.018355359765051395 0.03515625
1 0.6674008810572687 0.8427734375 0.020558002936857563 0.029296875
1 0.6732745961820852 0.8134765625 0.027900146842878122 0.025390625
1 0.6666666666666666 0.7822265625 0.021292217327459617 0.03076171875
1 0.6659324522760646 0.74658203125 0.020558002936857563 0.0341796875
1 0.6666666666666666 0.712890625 0.023494860499265784 0.02685546875
1 0.6674008810572687 0.6865234375 0.027165932452276064 0.017578125
1 0.6674008810572687 0.658203125 0.020558002936857563 0.0302734375
1 0.671071953010279 0.62548828125 0.024229074889867842 0.03369140625
1 0.724669603524229 0.62158203125 0.022026431718061675 0.03515625
1 0.724669603524229 0.583984375 0.022026431718061675 0.0263671875
1 0.7254038179148311 0.55029296875 0.016886930983847283 0.02685546875
1 0.7261380323054332 0.5166015625 0.018355359765051395 0.02490234375
1 0.7261380323054332 0.47900390625 0.01908957415565345 0.01220703125
1 0.724669603524229 0.4501953125 0.020558002936857563 0.0224609375
1 0.7261380323054332 0.421875 0.024963289280469897 0.0244140625
1 0.7283406754772394 0.3974609375 0.02276064610866373 0.02685546875
1 0.724669603524229 0.36962890625 0.020558002936857563 0.0283203125
1 0.724669603524229 0.34130859375 0.016152716593245228 0.0244140625
1 0.7261380323054332 0.31494140625 0.014684287812041116 0.02392578125
1 0.6585903083700441 0.2900390625 0.021292217327459617 0.02783203125
1 0.6615271659324523 0.31982421875 0.02276064610866373 0.0263671875
1 0.6622613803230544 0.35009765625 0.024229074889867842 0.0302734375
1 0.6600587371512482 0.38330078125 0.016886930983847283 0.0107421875
1 0.6629955947136564 0.42041015625 0.023494860499265784 0.03466796875
1 0.6666666666666666 0.45654296875 0.023494860499265784 0.03076171875
1 0.6644640234948604 0.48876953125 0.027900146842878122 0.02978515625
1 0.6607929515418502 0.515625 0.016886930983847283 0.009765625
1 0.6637298091042585 0.55322265625 0.027165932452276064 0.041015625
1 0.6644640234948604 0.59130859375 0.021292217327459617 0.03125
1 0.6116005873715125 0.88427734375 0.014684287812041116 0.02294921875
1 0.6101321585903083 0.857421875 0.016886930983847283 0.02490234375
1 0.6086637298091042 0.82666015625 0.015418502202643172 0.02490234375
1 0.6064610866372981 0.796875 0.018355359765051395 0.0185546875
1 0.604258443465492 0.7626953125 0.018355359765051395 0.033203125
1 0.604992657856094 0.72900390625 0.01762114537444934 0.00927734375
1 0.604992657856094 0.7001953125 0.01762114537444934 0.0302734375
1 0.6057268722466961 0.66796875 0.024963289280469897 0.0302734375
1 0.6020558002936858 0.64013671875 0.01908957415565345 0.0244140625
1 0.6020558002936858 0.60498046875 0.01908957415565345 0.03955078125
1 0.604258443465492 0.5712890625 0.015418502202643172 0.0244140625
1 0.6020558002936858 0.5419921875 0.016886930983847283 0.0302734375
1 0.6020558002936858 0.51025390625 0.018355359765051395 0.0322265625
1 0.5991189427312775 0.48046875 0.019823788546255508 0.02490234375
1 0.5998531571218796 0.45263671875 0.016886930983847283 0.02685546875
1 0.5991189427312775 0.42578125 0.016886930983847283 0.02197265625
1 0.6020558002936858 0.38427734375 0.027165932452276064 0.041015625
1 0.6027900146842878 0.35205078125 0.02276064610866373 0.02587890625
1 0.5976505139500734 0.3232421875 0.01908957415565345 0.0302734375
1 0.5998531571218796 0.294921875 0.020558002936857563 0.03369140625
1 0.5374449339207048 0.2939453125 0.019823788546255508 0.0224609375
1 0.5359765051395007 0.3203125 0.013215859030837005 0.02294921875
1 0.5359765051395007 0.35400390625 0.021292217327459617 0.03466796875
1 0.5381791483113069 0.38623046875 0.015418502202643172 0.025390625
1 0.5359765051395007 0.416015625 0.01908957415565345 0.02587890625
1 0.5352422907488987 0.44384765625 0.018355359765051395 0.025390625
1 0.5374449339207048 0.4765625 0.02276064610866373 0.02734375
1 0.5381791483113069 0.51025390625 0.024229074889867842 0.04052734375
1 0.5389133627019089 0.5498046875 0.023494860499265784 0.03759765625
1 0.5359765051395007 0.5791015625 0.019823788546255508 0.0205078125
1 0.540381791483113 0.62109375 0.01908957415565345 0.03125
1 0.5389133627019089 0.65771484375 0.018355359765051395 0.03466796875
1 0.539647577092511 0.69140625 0.016886930983847283 0.02734375
1 0.5425844346549192 0.72265625 0.016886930983847283 0.0419921875
1 0.5455212922173275 0.76123046875 0.013950073421439061 0.01220703125
1 0.5433186490455213 0.78515625 0.021292217327459617 0.02392578125
1 0.5484581497797357 0.810546875 0.019823788546255508 0.0224609375
1 0.5462555066079295 0.8447265625 0.02276064610866373 0.0380859375
1 0.5499265785609398 0.8828125 0.01908957415565345 0.03125
1 0.48164464023494863 0.876953125 0.016886930983847283 0.0322265625
1 0.4831130690161527 0.84423828125 0.019823788546255508 0.0322265625
1 0.48384728340675476 0.80810546875 0.01908957415565345 0.029296875
1 0.47944199706314244 0.77587890625 0.016886930983847283 0.02978515625
1 0.47723935389133626 0.7451171875 0.016152716593245228 0.029296875
1 0.47723935389133626 0.69140625 0.016152716593245228 0.0302734375
1 0.4779735682819383 0.6611328125 0.018355359765051395 0.02685546875
1 0.4787077826725404 0.63330078125 0.01762114537444934 0.02001953125
1 0.47577092511013214 0.603515625 0.013950073421439061 0.03125
1 0.48237885462555063 0.56884765625 0.027165932452276064 0.017578125
1 0.4765051395007342 0.5419921875 0.013215859030837005 0.01416015625
1 0.47430249632892807 0.51025390625 0.019823788546255508 0.02294921875
1 0.4779735682819383 0.4814453125 0.018355359765051395 0.02294921875
1 0.47430249632892807 0.443359375 0.01762114537444934 0.02783203125
1 0.4750367107195301 0.41455078125 0.019823788546255508 0.01806640625
1 0.4765051395007342 0.3955078125 0.022026431718061675 0.01904296875
1 0.4779735682819383 0.36962890625 0.027900146842878122 0.0322265625
1 0.47723935389133626 0.33544921875 0.016152716593245228 0.029296875
1 0.47430249632892807 0.30322265625 0.022026431718061675 0.02685546875
1 0.40969162995594716 0.294921875 0.018355359765051395 0.02783203125
1 0.4111600587371512 0.32861328125 0.01762114537444934 0.02392578125
1 0.4089574155653451 0.35595703125 0.01762114537444934 0.025390625
1 0.4111600587371512 0.37646484375 0.01762114537444934 0.01513671875
1 0.40969162995594716 0.39501953125 0.016886930983847283 0.01904296875
1 0.41262848751835535 0.41748046875 0.013950073421439061 0.013671875
1 0.41262848751835535 0.44091796875 0.01762114537444934 0.02880859375
1 0.41483113069016153 0.4775390625 0.021292217327459617 0.0283203125
1 0.4170337738619677 0.51025390625 0.02276064610866373 0.03369140625
1 0.4170337738619677 0.541015625 0.019823788546255508 0.0244140625
1 0.41629955947136565 0.580078125 0.01908957415565345 0.04296875
1 0.41629955947136565 0.64453125 0.016886930983847283 0.03271484375
1 0.4221732745961821 0.6806640625 0.015418502202643172 0.02783203125
1 0.4199706314243759 0.70849609375 0.01762114537444934 0.0322265625
1 0.41923641703377384 0.73974609375 0.020558002936857563 0.02490234375
1 0.42070484581497797 0.8017578125 0.016886930983847283 0.0361328125
1 0.4243759177679883 0.841796875 0.01908957415565345 0.02880859375
1 0.4280469897209985 0.8759765625 0.018355359765051395 0.03271484375
1 0.35976505139500736 0.8740234375 0.014684287812041116 0.03515625
1 0.3590308370044053 0.8427734375 0.019823788546255508 0.0185546875
1 0.35976505139500736 0.81787109375 0.020558002936857563 0.01806640625
1 0.36123348017621143 0.7880859375 0.024229074889867842 0.03173828125
1 0.3575624082232012 0.75390625 0.021292217327459617 0.0283203125
1 0.35462555066079293 0.72509765625 0.01762114537444934 0.0302734375
1 0.35462555066079293 0.6923828125 0.022026431718061675 0.02880859375
1 0.35462555066079293 0.66064453125 0.015418502202643172 0.0283203125
1 0.35609397944199705 0.62939453125 0.016886930983847283 0.0166015625
1 0.3575624082232012 0.60498046875 0.021292217327459617 0.02880859375
1 0.3568281938325991 0.56689453125 0.023494860499265784 0.0380859375
1 0.35609397944199705 0.533203125 0.013950073421439061 0.0205078125
1 0.35609397944199705 0.5078125 0.02569750367107195 0.025390625
1 0.35168869309838474 0.470703125 0.02569750367107195 0.0439453125
1 0.35462555066079293 0.43359375 0.024963289280469897 0.029296875
1 0.3524229074889868 0.40576171875 0.024229074889867842 0.03173828125
1 0.35315712187958886 0.3671875 0.027900146842878122 0.03955078125
1 0.3487518355359765 0.32958984375 0.021292217327459617 0.03564453125
1 0.3487518355359765 0.29443359375 0.021292217327459617 0.0302734375
1 0.28707782672540383 0.3076171875 0.02643171806167401 0.03466796875
1 0.2878120411160059 0.3408203125 0.022026431718061675 0.0234375
1 0.28707782672540383 0.37353515625 0.018355359765051395 0.03564453125
1 0.22246696035242292 0.279296875 0.014684287812041116 0.0244140625
1 0.2209985315712188 0.3935546875 0.013950073421439061 0.03125
1 0.2209985315712188 0.42236328125 0.012481644640234948 0.025390625
1 0.28854625550660795 0.40771484375 0.020558002936857563 0.02685546875
1 0.28707782672540383 0.4453125 0.01762114537444934 0.03759765625
1 0.28854625550660795 0.4775390625 0.019823788546255508 0.02490234375
1 0.2907488986784141 0.50634765625 0.023494860499265784 0.02587890625
1 0.290014684287812 0.53662109375 0.014684287812041116 0.02294921875
1 0.29148311306901614 0.56689453125 0.027165932452276064 0.02392578125
1 0.2907488986784141 0.603515625 0.015418502202643172 0.037109375
1 0.28854625550660795 0.640625 0.01908957415565345 0.02783203125
1 0.2907488986784141 0.6689453125 0.020558002936857563 0.0234375
1 0.2907488986784141 0.689453125 0.016152716593245228 0.0185546875
1 0.2907488986784141 0.71240234375 0.016152716593245228 0.02099609375
1 0.2922173274596182 0.755859375 0.016886930983847283 0.03076171875
1 0.29295154185022027 0.79248046875 0.01762114537444934 0.03955078125
1 0.29515418502202645 0.830078125 0.018355359765051395 0.03369140625
1 0.29515418502202645 0.86083984375 0.016152716593245228 0.0244140625
1 0.2944199706314244 0.88427734375 0.014684287812041116 0.01708984375
1 0.2276064610866373 0.87890625 0.024963289280469897 0.03125
1 0.2305433186490455 0.85205078125 0.019823788546255508 0.01025390625
1 0.23127753303964757 0.814453125 0.020558002936857563 0.03076171875
1 0.2290748898678414 0.78564453125 0.01908957415565345 0.0224609375
1 0.22834067547723935 0.69873046875 0.01762114537444934 0.02734375
1 0.22173274596182085 0.6572265625 0.01908957415565345 0.03271484375
1 0.22687224669603523 0.60693359375 0.016152716593245228 0.017578125
1 0.22466960352422907 0.58251953125 0.024963289280469897 0.02734375
1 0.22320117474302498 0.51513671875 0.019823788546255508 0.02197265625
1 0.15198237885462554 0.328125 0.02276064610866373 0.02392578125
1 0.16005873715124816 0.453125 0.013215859030837005 0.04296875
1 0.16593245227606462 0.5009765625 0.027165932452276064 0.03662109375
1 0.16152716593245228 0.54150390625 0.023494860499265784 0.0263671875
1 0.15859030837004406 0.5712890625 0.01762114537444934 0.02685546875
1 0.16005873715124816 0.61328125 0.019823788546255508 0.033203125
1 0.16152716593245228 0.6572265625 0.02569750367107195 0.0283203125
1 0.16372980910425844 0.7158203125 0.018355359765051395 0.017578125
1 0.16152716593245228 0.7412109375 0.019823788546255508 0.013671875
1 0.16372980910425844 0.78076171875 0.018355359765051395 0.03076171875
1 0.16299559471365638 0.88134765625 0.015418502202643172 0.015625
1 0.16372980910425844 0.90966796875 0.018355359765051395 0.013671875
1 0.4787077826725404 0.72119140625 0.016152716593245228 0.0185546875