0 0.910888671875 0.24886437378325763 0.02685546875 0.0317975340687865
0 0.91064453125 0.2800129785853342 0.02734375 0.029201817001946788
0 0.880126953125 0.2573004542504867 0.03271484375 0.02855288773523686
0 0.881103515625 0.2884490590525633 0.0341796875 0.03439325113562622
0 0.844482421875 0.25340687865022715 0.0283203125 0.027903958468526932
0 0.815673828125 0.2527579493835172 0.0224609375 0.02465931213497729
0 0.79150390625 0.2644386761842959 0.02490234375 0.03244646333549643
0 0.75927734375 0.2683322517845555 0.0283203125 0.0317975340687865
1 0.919677734375 0.2511356262167424 0.00830078125 0.027255029201817
1 0.91845703125 0.27319922128487995 0.0087890625 0.012329656067488644
1 0.892333984375 0.28228423101881894 0.01123046875 0.0227125243348475
1 0.891357421875 0.25697598961713175 0.0087890625 0.021414665801427646
1 0.851806640625 0.25340687865022715 0.0107421875 0.025957170668397145
1 0.823486328125 0.25146009085009735 0.00634765625 0.0136275146009085
1 0.798583984375 0.26314081765087605 0.00830078125 0.018170019467878003
1 0.767578125 0.2683322517845555 0.009765625 0.02465931213497729