0 0.36740121580547114 0.369140625 0.06610942249240122 0.03564453125
0 0.364741641337386 0.40869140625 0.0797872340425532 0.04736328125
0 0.36056231003039513 0.455078125 0.08206686930091185 0.037109375
0 0.3598024316109423 0.49169921875 0.07826747720364742 0.04052734375
0 0.35790273556231 0.531494140625 0.07218844984802432 0.037109375
0 0.3575227963525836 0.567626953125 0.067629179331307 0.04296875
0 0.3548632218844985 0.609619140625 0.0737082066869301 0.03662109375
0 0.3465045592705167 0.642333984375 0.0858662613981763 0.044921875
0 0.44566869300911854 0.64990234375 0.08738601823708207 0.0380859375
0 0.44452887537993924 0.6103515625 0.08130699088145897 0.0361328125
0 0.4502279635258359 0.57373046875 0.06990881458966565 0.0302734375
0 0.44870820668693007 0.53857421875 0.07522796352583587 0.03369140625
0 0.45288753799392095 0.49609375 0.0729483282674772 0.037109375
0 0.45174772036474165 0.45947265625 0.07750759878419453 0.03515625
0 0.4513677811550152 0.419921875 0.08282674772036475 0.04345703125
0 0.4555471124620061 0.376953125 0.0797872340425532 0.04248046875
0 0.5429331306990881 0.37548828125 0.07826747720364742 0.03466796875
0 0.5463525835866262 0.412109375 0.06838905775075987 0.0380859375
0 0.5448328267477204 0.45068359375 0.067629179331307 0.0361328125
0 0.5391337386018237 0.49169921875 0.08358662613981763 0.04736328125
0 0.5357142857142857 0.53466796875 0.06990881458966565 0.0390625
0 0.5300151975683891 0.572998046875 0.07750759878419453 0.03857421875
0 0.53419452887538 0.6103515625 0.0737082066869301 0.03857421875
0 0.5292553191489362 0.650634765625 0.06990881458966565 0.0380859375
0 0.2822948328267477 0.3720703125 0.06990881458966565 0.0400390625
0 0.2811550151975684 0.41748046875 0.08130699088145897 0.0478515625
0 0.27925531914893614 0.4599609375 0.07598784194528875 0.03515625
0 0.2750759878419453 0.49560546875 0.0729483282674772 0.03662109375
0 0.6341185410334347 0.37841796875 0.08206686930091185 0.0380859375
0 0.6322188449848024 0.41650390625 0.07826747720364742 0.03955078125
0 0.6280395136778115 0.45751953125 0.08966565349544073 0.04833984375
0 0.7055471124620061 0.65283203125 0.07598784194528875 0.04541015625
0 0.708966565349544 0.6103515625 0.0790273556231003 0.03662109375
0 0.7116261398176292 0.576171875 0.0790273556231003 0.0341796875
0 0.7161854103343465 0.5390625 0.08662613981762918 0.04052734375
0 0.7196048632218845 0.49755859375 0.07750759878419453 0.04150390625
0 0.7199848024316109 0.46240234375 0.0851063829787234 0.0341796875
0 0.7165653495440729 0.42236328125 0.08130699088145897 0.04443359375
0 0.7222644376899696 0.3779296875 0.08130699088145897 0.03564453125
0 0.8088905775075987 0.38232421875 0.08814589665653495 0.0458984375
0 0.182370820668693 0.527099609375 0.07674772036474165 0.04150390625
0 0.18958966565349544 0.48681640625 0.07522796352583587 0.0380859375
0 0.1899696048632219 0.44775390625 0.08130699088145897 0.0390625
0 0.1952887537993921 0.4130859375 0.08206686930091185 0.04931640625
0 0.19414893617021275 0.3681640625 0.07218844984802432 0.0380859375
0 0.182370820668693 0.639404296875 0.07446808510638298 0.0478515625
0 0.2648176291793313 0.645751953125 0.07446808510638298 0.03759765625
0 0.2651975683890577 0.608642578125 0.08434650455927052 0.04052734375
0 0.2731762917933131 0.54345703125 0.07750759878419453 0.04345703125
0 0.2708966565349544 0.57568359375 0.0797872340425532 0.02978515625
0 0.18275075987841946 0.568603515625 0.0797872340425532 0.03173828125
0 0.1797112462006079 0.600341796875 0.08130699088145897 0.044921875
0 0.8123100303951368 0.42431640625 0.08814589665653495 0.04248046875
0 0.8066109422492401 0.46337890625 0.08130699088145897 0.03759765625
0 0.8039513677811551 0.49609375 0.07826747720364742 0.03271484375
0 0.8009118541033434 0.529296875 0.0851063829787234 0.03662109375
0 0.8024316109422492 0.56298828125 0.07826747720364742 0.03466796875
0 0.7997720364741642 0.5966796875 0.07598784194528875 0.03564453125
0 0.8012917933130699 0.62890625 0.07826747720364742 0.0302734375
0 0.7982522796352584 0.658203125 0.0858662613981763 0.03515625
0 0.6299392097264438 0.50537109375 0.0729483282674772 0.048828125
0 0.625 0.5439453125 0.07066869300911854 0.03173828125
0 0.6242401215805471 0.57568359375 0.08130699088145897 0.0302734375
0 0.6242401215805471 0.60498046875 0.0790273556231003 0.0390625
0 0.6219604863221885 0.64794921875 0.08206686930091185 0.0458984375
1 0.8366261398176292 0.384521484375 0.022796352583586626 0.03662109375
1 0.8354863221884499 0.425048828125 0.028875379939209727 0.03955078125
1 0.8362462006079028 0.463623046875 0.02735562310030395 0.03173828125
1 0.8297872340425532 0.495849609375 0.020516717325227963 0.025390625
1 0.8267477203647416 0.529052734375 0.022796352583586626 0.03076171875
1 0.8252279635258358 0.561767578125 0.02127659574468085 0.02734375
1 0.8240881458966566 0.598388671875 0.02507598784194529 0.03564453125
1 0.8233282674772037 0.628173828125 0.0243161094224924 0.02294921875
1 0.8210486322188449 0.657470703125 0.020516717325227963 0.02880859375
1 0.7325227963525835 0.645751953125 0.018996960486322188 0.02783203125
1 0.7325227963525835 0.609619140625 0.020516717325227963 0.02783203125
1 0.7382218844984803 0.572998046875 0.02127659574468085 0.02099609375
1 0.7412613981762918 0.540771484375 0.02735562310030395 0.033203125
1 0.7454407294832827 0.498291015625 0.02507598784194529 0.041015625
1 0.7450607902735562 0.462158203125 0.019756838905775075 0.02685546875
1 0.7454407294832827 0.423583984375 0.019756838905775075 0.0419921875
1 0.7481003039513677 0.380615234375 0.02127659574468085 0.03076171875
1 0.6599544072948328 0.373291015625 0.022796352583586626 0.02001953125
1 0.6561550151975684 0.406982421875 0.025835866261398176 0.0185546875
1 0.6561550151975684 0.457275390625 0.02811550151975684 0.046875
1 0.648176291793313 0.505615234375 0.0243161094224924 0.046875
1 0.6470364741641338 0.545166015625 0.02735562310030395 0.02783203125
1 0.6470364741641338 0.572509765625 0.030395136778115502 0.02392578125
1 0.6447568389057751 0.594482421875 0.030395136778115502 0.01611328125
1 0.6466565349544073 0.634521484375 0.029635258358662615 0.0546875
1 0.5528115501519757 0.647705078125 0.016717325227963525 0.03173828125
1 0.5592705167173252 0.609619140625 0.02507598784194529 0.033203125
1 0.5588905775075987 0.572509765625 0.0182370820668693 0.02978515625
1 0.5592705167173252 0.528564453125 0.02127659574468085 0.01806640625
1 0.5619300911854104 0.489013671875 0.022036474164133738 0.03564453125
1 0.5668693009118541 0.444580078125 0.015957446808510637 0.01806640625
1 0.5668693009118541 0.410400390625 0.019756838905775075 0.029296875
1 0.5695288753799392 0.378173828125 0.0243161094224924 0.03271484375
1 0.48290273556231 0.377197265625 0.016717325227963525 0.0390625
1 0.479483282674772 0.417236328125 0.018996960486322188 0.03369140625
1 0.4768237082066869 0.455322265625 0.023556231003039513 0.0205078125
1 0.4749240121580547 0.494873046875 0.018996960486322188 0.0322265625
1 0.4737841945288754 0.538330078125 0.020516717325227963 0.03076171875
1 0.47302431610942247 0.571533203125 0.022036474164133738 0.02197265625
1 0.46808510638297873 0.608154296875 0.0243161094224924 0.025390625
1 0.46580547112462006 0.640380859375 0.022796352583586626 0.013671875
1 0.3791793313069909 0.635986328125 0.015957446808510637 0.02587890625
1 0.38335866261398177 0.603759765625 0.016717325227963525 0.02099609375
1 0.38487841945288753 0.563720703125 0.025835866261398176 0.03515625
1 0.3829787234042553 0.529052734375 0.02127659574468085 0.02783203125
1 0.38563829787234044 0.489013671875 0.028875379939209727 0.0341796875
1 0.38487841945288753 0.454345703125 0.028875379939209727 0.02978515625
1 0.3879179331306991 0.406982421875 0.02127659574468085 0.037109375
1 0.3890577507598784 0.363525390625 0.015957446808510637 0.0234375
1 0.3081306990881459 0.371826171875 0.022796352583586626 0.03662109375
1 0.30623100303951367 0.417724609375 0.016717325227963525 0.04541015625
1 0.30357142857142855 0.459228515625 0.02735562310030395 0.03369140625
1 0.29901215805471126 0.489013671875 0.022796352583586626 0.02294921875
1 0.29521276595744683 0.542236328125 0.025835866261398176 0.03857421875
1 0.29407294832826747 0.576416015625 0.0243161094224924 0.0244140625
1 0.2933130699088146 0.608642578125 0.013677811550151976 0.03564453125
1 0.2887537993920973 0.64111328125 0.022036474164133738 0.02099609375
1 0.21922492401215807 0.369873046875 0.017477203647416412 0.0390625
1 0.2188449848024316 0.413330078125 0.02811550151975684 0.044921875
1 0.21238601823708206 0.451904296875 0.02507598784194529 0.02978515625
1 0.21162613981762918 0.487548828125 0.02127659574468085 0.03173828125
1 0.20896656534954408 0.526611328125 0.0182370820668693 0.03515625
1 0.20782674772036475 0.564697265625 0.023556231003039513 0.02197265625
1 0.20706686930091187 0.596435546875 0.015957446808510637 0.0380859375
1 0.2066869300911854 0.636962890625 0.022036474164133738 0.04296875