0 0.8781446540880503 0.59912109375 0.06446540880503145 0.02734375
0 0.8789308176100629 0.6298828125 0.06289308176100629 0.03564453125
0 0.5062893081761006 0.60107421875 0.06761006289308176 0.0380859375
0 0.5062893081761006 0.5693359375 0.06525157232704402 0.0244140625
0 0.42924528301886794 0.63623046875 0.07389937106918239 0.02734375
0 0.43553459119496857 0.6044921875 0.06839622641509434 0.0283203125
0 0.2028301886792453 0.60693359375 0.06446540880503145 0.0322265625
0 0.585691823899371 0.798828125 0.06289308176100629 0.03125
0 0.5880503144654088 0.82958984375 0.06682389937106918 0.0302734375
0 0.5078616352201258 0.76220703125 0.06367924528301887 0.025390625
0 0.5110062893081762 0.791015625 0.06446540880503145 0.02587890625
0 0.8121069182389937 0.85986328125 0.06367924528301887 0.02685546875
0 0.735062893081761 0.8955078125 0.06446540880503145 0.0283203125
0 0.6619496855345912 0.89111328125 0.060534591194968554 0.03369140625
0 0.3498427672955975 0.2802734375 0.06210691823899371 0.02734375
0 0.6422955974842768 0.28173828125 0.06446540880503145 0.02880859375
0 0.5762578616352201 0.27490234375 0.046383647798742135 0.02099609375
0 0.574685534591195 0.30810546875 0.059748427672955975 0.0380859375
1 0.5927672955974843 0.29638671875 0.01729559748427673 0.013671875
1 0.5919811320754716 0.27685546875 0.0220125786163522 0.01904296875
1 0.6658805031446541 0.27685546875 0.018081761006289308 0.01318359375
1 0.37028301886792453 0.279296875 0.025157232704402517 0.01611328125
1 0.2240566037735849 0.60791015625 0.019654088050314465 0.033203125
1 0.4520440251572327 0.60498046875 0.025943396226415096 0.02685546875
1 0.5251572327044025 0.6005859375 0.0220125786163522 0.0380859375
1 0.5259433962264151 0.5703125 0.020440251572327043 0.0224609375
1 0.9025157232704403 0.60009765625 0.014150943396226415 0.0205078125
1 0.9033018867924528 0.625 0.01729559748427673 0.0224609375
1 0.45361635220125784 0.63525390625 0.025157232704402517 0.02490234375
1 0.8333333333333334 0.85986328125 0.0220125786163522 0.02490234375
1 0.7586477987421384 0.89013671875 0.018867924528301886 0.015625
1 0.6808176100628931 0.89111328125 0.018867924528301886 0.02685546875
1 0.6084905660377359 0.82861328125 0.020440251572327043 0.03076171875
1 0.6061320754716981 0.79736328125 0.019654088050314465 0.0302734375
1 0.529874213836478 0.76171875 0.02122641509433962 0.02392578125
1 0.5290880503144654 0.787109375 0.01650943396226415 0.01708984375