0 0.8844256518675123 0.16064453125 0.06342494714587738 0.0390625
0 0.8851303735024665 0.19970703125 0.059901338971106416 0.03564453125
0 0.8858350951374208 0.236328125 0.0613107822410148 0.03662109375
0 0.8865398167723749 0.26806640625 0.06412966878083157 0.025390625
0 0.8872445384073291 0.29541015625 0.06060606060606061 0.0283203125
0 0.8872445384073291 0.31884765625 0.058491895701198025 0.01904296875
0 0.8865398167723749 0.34765625 0.06412966878083157 0.04443359375
0 0.7780126849894292 0.2490234375 0.03312191684284708 0.0244140625
0 0.7773079633544749 0.22998046875 0.035236081747709654 0.015625
0 0.7758985200845666 0.20947265625 0.03453136011275546 0.0224609375
0 0.7385482734319944 0.2060546875 0.035236081747709654 0.02490234375
0 0.6955602536997886 0.2099609375 0.036645525017618044 0.02099609375
0 0.6962649753347427 0.18359375 0.03875968992248062 0.02099609375
0 0.6976744186046512 0.25341796875 0.041578576462297394 0.0234375
1 0.7082452431289641 0.25341796875 0.01127554615926709 0.01904296875
1 0.7082452431289641 0.20703125 0.012684989429175475 0.01953125
1 0.7089499647639183 0.18212890625 0.01127554615926709 0.0107421875
1 0.7484143763213531 0.20458984375 0.013389711064129669 0.021484375
1 0.7864693446088795 0.205078125 0.01127554615926709 0.01513671875
1 0.7871740662438337 0.22705078125 0.01127554615926709 0.01025390625
1 0.7857646229739254 0.24853515625 0.012684989429175475 0.02490234375
1 0.9083861874559549 0.33984375 0.016913319238900635 0.029296875
1 0.9112050739957717 0.31298828125 0.01127554615926709 0.01025390625
1 0.9083861874559549 0.2919921875 0.014094432699083862 0.0205078125
1 0.9105003523608175 0.263671875 0.015503875968992248 0.01171875
1 0.9097956307258633 0.232421875 0.014094432699083862 0.02783203125
1 0.9076814658210007 0.197265625 0.014799154334038054 0.0234375
1 0.9076814658210007 0.15673828125 0.018322762508809022 0.03125