0 0.8562691131498471 0.24755859375 0.06039755351681957 0.037109375
0 0.7859327217125383 0.24658203125 0.0672782874617737 0.03125
0 0.7889908256880734 0.27587890625 0.06574923547400612 0.0263671875
0 0.7874617737003058 0.298828125 0.06345565749235474 0.021484375
0 0.6498470948012233 0.2490234375 0.052752293577981654 0.02783203125
0 0.8509174311926605 0.3037109375 0.04281345565749235 0.025390625
0 0.8509174311926605 0.35986328125 0.06574923547400612 0.03125
0 0.8547400611620795 0.39111328125 0.06957186544342507 0.03369140625
0 0.8524464831804281 0.443359375 0.06269113149847094 0.03271484375
0 0.8516819571865444 0.48681640625 0.06116207951070336 0.0234375
0 0.8516819571865444 0.51513671875 0.05963302752293578 0.03369140625
0 0.8516819571865444 0.5478515625 0.054281345565749234 0.033203125
0 0.849388379204893 0.580078125 0.06651376146788991 0.0400390625
0 0.8524464831804281 0.68603515625 0.07033639143730887 0.03271484375
0 0.8486238532110092 0.71923828125 0.06804281345565749 0.03369140625
0 0.8532110091743119 0.75048828125 0.06880733944954129 0.03369140625
0 0.8547400611620795 0.78173828125 0.06574923547400612 0.03076171875
0 0.8555045871559633 0.89306640625 0.0672782874617737 0.04443359375
0 0.7782874617737003 0.8505859375 0.06116207951070336 0.01953125
0 0.7813455657492355 0.8212890625 0.06192660550458716 0.02783203125
0 0.7844036697247706 0.74072265625 0.06422018348623854 0.0283203125
0 0.7813455657492355 0.7119140625 0.06651376146788991 0.02734375
0 0.7821100917431193 0.6845703125 0.06116207951070336 0.0283203125
0 0.7844036697247706 0.38525390625 0.06651376146788991 0.03466796875
0 0.7821100917431193 0.4169921875 0.06269113149847094 0.02490234375
0 0.7790519877675841 0.46630859375 0.06422018348623854 0.02783203125
0 0.7798165137614679 0.4951171875 0.05657492354740061 0.03076171875
0 0.7782874617737003 0.52734375 0.06192660550458716 0.03173828125
0 0.7790519877675841 0.5546875 0.06574923547400612 0.02392578125
0 0.7821100917431193 0.58349609375 0.06116207951070336 0.03515625
0 0.789102863914373 0.644787943359375 0.811321112385321 0.644787943359375 0.8144069816513761 0.6006465375976563 0.7459006957186545 0.6006465375976563 0.7489865649847095 0.6246878530273438 0.7872513233944954 0.625476080078125 0.789102863914373 0.644787943359375
0 0.7539239273700306 0.8801654013671875 0.7514552224770642 0.8714947685546875 0.7249167767584098 0.8785889321289062 0.7070187262996942 0.888836048828125 0.6868741880733945 0.8866390390625 0.6860348065749236 0.9183950141601562 0.7459006957186545 0.9176067568359375 0.7539239273700306 0.8801654013671875
0 0.7117737003058104 0.85986328125 0.058868501529051986 0.02978515625
0 0.7148318042813455 0.8330078125 0.05657492354740061 0.02294921875
0 0.7163608562691132 0.80078125 0.058868501529051986 0.03759765625
0 0.7117737003058104 0.7509765625 0.05581039755351682 0.0380859375
0 0.7140672782874617 0.72021484375 0.06039755351681957 0.02490234375
0 0.7155963302752294 0.66064453125 0.05963302752293578 0.0361328125
0 0.7110091743119266 0.68994140625 0.06192660550458716 0.03369140625
0 0.7163608562691132 0.63134765625 0.05733944954128441 0.025390625
0 0.7102446483180428 0.505859375 0.06192660550458716 0.03125
0 0.709480122324159 0.47314453125 0.06116207951070336 0.03369140625
0 0.713302752293578 0.423828125 0.0672782874617737 0.02734375
0 0.7201834862385321 0.24853515625 0.06651376146788991 0.0400390625
0 0.713302752293578 0.28076171875 0.06804281345565749 0.02587890625
0 0.7163608562691132 0.3115234375 0.06574923547400612 0.02978515625
0 0.7102446483180428 0.3427734375 0.06880733944954129 0.0302734375
0 0.6475535168195719 0.4775390625 0.0581039755351682 0.02392578125
0 0.6452599388379205 0.50390625 0.06116207951070336 0.0263671875
0 0.6467889908256881 0.52978515625 0.05733944954128441 0.0302734375
0 0.6490825688073395 0.56005859375 0.06574923547400612 0.02734375
0 0.6475535168195719 0.64111328125 0.0581039755351682 0.0361328125
0 0.650611620795107 0.677734375 0.0672782874617737 0.04150390625
0 0.6467889908256881 0.80126953125 0.06039755351681957 0.0224609375
0 0.6460244648318043 0.8505859375 0.0672782874617737 0.02490234375
0 0.6475535168195719 0.87744140625 0.06269113149847094 0.02685546875
0 0.5191131498470948 0.3583984375 0.06039755351681957 0.02685546875
0 0.5175840978593272 0.388671875 0.06880733944954129 0.03564453125
0 0.5214067278287462 0.421875 0.06574923547400612 0.02392578125
0 0.5818042813455657 0.24853515625 0.06574923547400612 0.02880859375
0 0.5871559633027523 0.28173828125 0.058868501529051986 0.03466796875
0 0.4541284403669725 0.24853515625 0.06269113149847094 0.03369140625
0 0.45489296636085624 0.28369140625 0.06574923547400612 0.0302734375
0 0.45565749235474007 0.31494140625 0.0581039755351682 0.01806640625
0 0.4525993883792049 0.34130859375 0.05657492354740061 0.0361328125
0 0.4487767584097859 0.3779296875 0.05657492354740061 0.03466796875
0 0.4518348623853211 0.41162109375 0.058868501529051986 0.033203125
0 0.4487767584097859 0.4375 0.05504587155963303 0.0263671875
0 0.44801223241590216 0.462890625 0.054281345565749234 0.0263671875
0 0.44801223241590216 0.4921875 0.053516819571865444 0.03369140625
0 0.44724770642201833 0.5244140625 0.05122324159021407 0.02783203125
0 0.44724770642201833 0.57177734375 0.06651376146788991 0.021484375
0 0.44648318042813456 0.59716796875 0.06345565749235474 0.0302734375
0 0.44954128440366975 0.62841796875 0.05963302752293578 0.03125
0 0.44801223241590216 0.66015625 0.06957186544342507 0.03271484375
0 0.4503058103975535 0.69775390625 0.06422018348623854 0.03369140625
0 0.4518348623853211 0.7314453125 0.06574923547400612 0.02880859375
0 0.4518348623853211 0.76220703125 0.06422018348623854 0.02880859375
0 0.4525993883792049 0.78515625 0.05122324159021407 0.0205078125
0 0.4525993883792049 0.810546875 0.05657492354740061 0.0283203125
0 0.45565749235474007 0.83935546875 0.06116207951070336 0.02685546875
0 0.44801223241590216 0.87841796875 0.06574923547400612 0.02685546875
0 0.4518348623853211 0.90869140625 0.05657492354740061 0.029296875
0 0.3853211009174312 0.85498046875 0.058868501529051986 0.02685546875
0 0.3845565749235474 0.81787109375 0.06116207951070336 0.02587890625
0 0.3830275229357798 0.79296875 0.06574923547400612 0.0224609375
0 0.3853211009174312 0.318359375 0.06422018348623854 0.029296875
0 0.3845565749235474 0.345703125 0.06345565749235474 0.02490234375
0 0.3837920489296636 0.3759765625 0.06192660550458716 0.0361328125
0 0.3830275229357798 0.4091796875 0.06651376146788991 0.02880859375
0 0.386085626911315 0.43701171875 0.06345565749235474 0.02587890625
0 0.3845565749235474 0.46435546875 0.07110091743119266 0.0263671875
0 0.37996941896024466 0.501953125 0.06574923547400612 0.02294921875
0 0.3830275229357798 0.53271484375 0.06574923547400612 0.0380859375
0 0.37920489296636084 0.5634765625 0.06422018348623854 0.02783203125
0 0.3853211009174312 0.6162109375 0.0581039755351682 0.0390625
0 0.37767584097859325 0.70458984375 0.0672782874617737 0.02685546875
0 0.37920489296636084 0.73486328125 0.06345565749235474 0.03271484375
0 0.3837920489296636 0.765625 0.05657492354740061 0.029296875
0 0.3180428134556575 0.25048828125 0.07110091743119266 0.033203125
0 0.25 0.2509765625 0.05963302752293578 0.0361328125
0 0.3211009174311927 0.3017578125 0.058868501529051986 0.0283203125
0 0.31880733944954126 0.328125 0.06651376146788991 0.03076171875
0 0.3172782874617737 0.43505859375 0.0581039755351682 0.04345703125
0 0.3081039755351682 0.46923828125 0.06269113149847094 0.03271484375
0 0.3149847094801223 0.525390625 0.06498470948012232 0.0341796875
0 0.3149847094801223 0.64697265625 0.06269113149847094 0.0439453125
0 0.31880733944954126 0.7724609375 0.058868501529051986 0.02490234375
0 0.3172782874617737 0.79833984375 0.05733944954128441 0.0263671875
0 0.31880733944954126 0.84423828125 0.05733944954128441 0.021484375
0 0.3180428134556575 0.87060546875 0.053516819571865444 0.02880859375
0 0.25688073394495414 0.30419921875 0.06269113149847094 0.03076171875
0 0.2515290519877676 0.3349609375 0.06422018348623854 0.03173828125
0 0.2515290519877676 0.38623046875 0.06880733944954129 0.0341796875
0 0.2561162079510703 0.53466796875 0.052752293577981654 0.03759765625
0 0.25076452599388377 0.64501953125 0.06192660550458716 0.0302734375
0 0.2484709480122324 0.677734375 0.05504587155963303 0.03076171875
0 0.2515290519877676 0.70947265625 0.04892966360856269 0.02587890625
0 0.25076452599388377 0.7578125 0.058868501529051986 0.0263671875
0 0.2515290519877676 0.78662109375 0.05581039755351682 0.02734375
0 0.2530581039755352 0.826171875 0.052752293577981654 0.02880859375
0 0.2484709480122324 0.857421875 0.05733944954128441 0.03369140625
0 0.25229357798165136 0.90625 0.06039755351681957 0.02978515625
0 0.1819571865443425 0.36328125 0.0581039755351682 0.041015625
0 0.18730886850152906 0.41845703125 0.05504587155963303 0.041015625
0 0.18883792048929662 0.4658203125 0.05581039755351682 0.02197265625
0 0.18730886850152906 0.4931640625 0.06345565749235474 0.02734375
0 0.18654434250764526 0.5224609375 0.05657492354740061 0.02734375
0 0.18654434250764526 0.55224609375 0.06116207951070336 0.029296875
0 0.18960244648318042 0.5810546875 0.06422018348623854 0.025390625
0 0.18730886850152906 0.6103515625 0.0581039755351682 0.02880859375
0 0.18883792048929662 0.63623046875 0.052752293577981654 0.01806640625
0 0.1926605504587156 0.6591796875 0.053516819571865444 0.02783203125
0 0.18960244648318042 0.70068359375 0.058868501529051986 0.0244140625
0 0.1918960244648318 0.72802734375 0.06957186544342507 0.03271484375
0 0.191131498470948 0.7783203125 0.05963302752293578 0.03271484375
0 0.18960244648318042 0.81396484375 0.06192660550458716 0.03173828125
0 0.18883792048929662 0.86376953125 0.054281345565749234 0.021484375
0 0.18577981651376146 0.88623046875 0.06116207951070336 0.02197265625
0 0.18577981651376146 0.90966796875 0.05963302752293578 0.02294921875
0 0.12079510703363915 0.86474609375 0.06574923547400612 0.02734375
0 0.1246177370030581 0.7265625 0.06116207951070336 0.04052734375
0 0.11926605504587157 0.67138671875 0.06345565749235474 0.029296875
0 0.12232415902140673 0.64599609375 0.058868501529051986 0.02197265625
0 0.12155963302752294 0.61962890625 0.06422018348623854 0.02880859375
0 0.1292912607033639 0.30600197314453126 0.15150950917431194 0.3079725708007813 0.15150950917431194 0.2543722978515625 0.09904973394495413 0.2508252236328125 0.09658102905198776 0.2811724306640625 0.12373668654434251 0.2811724306640625 0.1292912607033639 0.30600197314453126
0 0.12079510703363915 0.3251953125 0.05733944954128441 0.0390625
0 0.11697247706422019 0.36376953125 0.054281345565749234 0.03369140625
0 0.11850152905198777 0.39501953125 0.05657492354740061 0.0302734375
0 0.12079510703363915 0.47998046875 0.06422018348623854 0.029296875
0 0.11697247706422019 0.4501953125 0.06957186544342507 0.0283203125
0 0.11850152905198777 0.53369140625 0.058868501529051986 0.02734375
0 0.1162079510703364 0.56103515625 0.06116207951070336 0.02490234375
0 0.12155963302752294 0.58984375 0.0581039755351682 0.03076171875
0 0.518348623853211 0.62890625 0.06192660550458716 0.03125
0 0.5175840978593272 0.6025390625 0.06269113149847094 0.02587890625
0 0.5175840978593272 0.5712890625 0.05963302752293578 0.0390625
0 0.5175840978593272 0.53125 0.07033639143730887 0.0400390625
0 0.5175840978593272 0.49462890625 0.07033639143730887 0.03125
0 0.5168195718654435 0.453125 0.06116207951070336 0.03955078125
1 0.8707951070336392 0.2451171875 0.021406727828746176 0.02587890625
1 0.8608562691131498 0.3076171875 0.016055045871559634 0.01416015625
1 0.8707951070336392 0.3583984375 0.020642201834862386 0.02880859375
1 0.8715596330275229 0.39111328125 0.019877675840978593 0.02880859375
1 0.8692660550458715 0.44287109375 0.01834862385321101 0.0224609375
1 0.8715596330275229 0.486328125 0.01834862385321101 0.01806640625
1 0.8685015290519877 0.51318359375 0.023700305810397553 0.02587890625
1 0.8654434250764526 0.544921875 0.0191131498470948 0.0224609375
1 0.8692660550458715 0.57958984375 0.02217125382262997 0.037109375
1 0.8707951070336392 0.6865234375 0.024464831804281346 0.03173828125
1 0.867737003058104 0.7158203125 0.01834862385321101 0.021484375
1 0.8730886850152905 0.75341796875 0.026758409785932722 0.02294921875
1 0.8746177370030581 0.78369140625 0.022935779816513763 0.02783203125
1 0.8753822629969419 0.88818359375 0.0191131498470948 0.0341796875
1 0.7958715596330275 0.8486328125 0.0191131498470948 0.0126953125
1 0.7966360856269113 0.8212890625 0.020642201834862386 0.0263671875
1 0.8035168195718655 0.7421875 0.02522935779816514 0.025390625
1 0.8012232415902141 0.7119140625 0.020642201834862386 0.0244140625
1 0.8019877675840978 0.6826171875 0.016055045871559634 0.0166015625
1 0.7974006116207951 0.62255859375 0.019877675840978593 0.0380859375
1 0.7989296636085627 0.5869140625 0.021406727828746176 0.02734375
1 0.8042813455657493 0.556640625 0.021406727828746176 0.0185546875
1 0.8004587155963303 0.52783203125 0.016819571865443424 0.03125
1 0.7981651376146789 0.4951171875 0.017584097859327217 0.0283203125
1 0.8004587155963303 0.4658203125 0.013761467889908258 0.02685546875
1 0.7996941896024465 0.41748046875 0.022935779816513763 0.0263671875
1 0.8027522935779816 0.38623046875 0.026758409785932722 0.03564453125
1 0.8058103975535168 0.2978515625 0.0191131498470948 0.013671875
1 0.8073394495412844 0.2763671875 0.021406727828746176 0.0224609375
1 0.808868501529052 0.24560546875 0.020642201834862386 0.025390625
1 0.7362385321100917 0.25 0.024464831804281346 0.0322265625
1 0.7347094801223242 0.28125 0.012996941896024464 0.01953125
1 0.7339449541284404 0.3134765625 0.022935779816513763 0.025390625
1 0.7308868501529052 0.34228515625 0.017584097859327217 0.0302734375
1 0.7339449541284404 0.42236328125 0.01834862385321101 0.0234375
1 0.7262996941896025 0.47265625 0.016819571865443424 0.02978515625
1 0.7308868501529052 0.50341796875 0.022935779816513763 0.0234375
1 0.7324159021406728 0.62939453125 0.020642201834862386 0.01953125
1 0.7308868501529052 0.658203125 0.01834862385321101 0.02392578125
1 0.731651376146789 0.68701171875 0.016055045871559634 0.02783203125
1 0.7293577981651376 0.72021484375 0.019877675840978593 0.02197265625
1 0.731651376146789 0.75048828125 0.02217125382262997 0.0341796875
1 0.7339449541284404 0.80126953125 0.024464831804281346 0.03515625
1 0.7301223241590215 0.83251953125 0.020642201834862386 0.01904296875
1 0.7301223241590215 0.85986328125 0.017584097859327217 0.0283203125
1 0.7377675840978594 0.892578125 0.02599388379204893 0.03564453125
1 0.6681957186544343 0.8720703125 0.01834862385321101 0.01513671875
1 0.6681957186544343 0.85009765625 0.009938837920489297 0.021484375
1 0.6666666666666666 0.8017578125 0.01834862385321101 0.0205078125
1 0.6697247706422018 0.671875 0.020642201834862386 0.02734375
1 0.6651376146788991 0.64208984375 0.020642201834862386 0.0283203125
1 0.6697247706422018 0.56201171875 0.01834862385321101 0.01513671875
1 0.6697247706422018 0.52978515625 0.013761467889908258 0.0283203125
1 0.6651376146788991 0.4990234375 0.01529051987767584 0.02490234375
1 0.6666666666666666 0.4765625 0.01529051987767584 0.01611328125
1 0.6643730886850153 0.2509765625 0.01452599388379205 0.02587890625
1 0.6016819571865444 0.2490234375 0.019877675840978593 0.0244140625
1 0.6016819571865444 0.27734375 0.017584097859327217 0.02685546875
1 0.5382262996941896 0.3603515625 0.021406727828746176 0.0205078125
1 0.5359327217125383 0.3896484375 0.019877675840978593 0.0341796875
1 0.536697247706422 0.421875 0.023700305810397553 0.0224609375
1 0.5359327217125383 0.45166015625 0.020642201834862386 0.0341796875
1 0.5374617737003058 0.494140625 0.024464831804281346 0.0302734375
1 0.540519877675841 0.52734375 0.023700305810397553 0.03076171875
1 0.5382262996941896 0.5712890625 0.019877675840978593 0.03662109375
1 0.536697247706422 0.603515625 0.020642201834862386 0.01904296875
1 0.5420489296636085 0.62744140625 0.019877675840978593 0.02392578125
1 0.4694189602446483 0.25634765625 0.019877675840978593 0.0263671875
1 0.4709480122324159 0.28271484375 0.021406727828746176 0.01953125
1 0.4709480122324159 0.31640625 0.01834862385321101 0.01904296875
1 0.4694189602446483 0.34130859375 0.016819571865443424 0.0322265625
1 0.46712538226299694 0.37841796875 0.01452599388379205 0.02880859375
1 0.46559633027522934 0.4111328125 0.021406727828746176 0.03173828125
1 0.46559633027522934 0.43994140625 0.016055045871559634 0.02099609375
1 0.46712538226299694 0.458984375 0.01529051987767584 0.015625
1 0.46406727828746175 0.49169921875 0.016055045871559634 0.02978515625
1 0.46636085626911317 0.52197265625 0.016819571865443424 0.0224609375
1 0.46636085626911317 0.57080078125 0.022935779816513763 0.01953125
1 0.46788990825688076 0.59716796875 0.019877675840978593 0.03173828125
1 0.4709480122324159 0.62890625 0.01834862385321101 0.0302734375
1 0.4717125382262997 0.6611328125 0.016819571865443424 0.0322265625
1 0.4740061162079511 0.697265625 0.022935779816513763 0.03173828125
1 0.4709480122324159 0.732421875 0.019877675840978593 0.0263671875
1 0.47477064220183485 0.7626953125 0.024464831804281346 0.03173828125
1 0.4694189602446483 0.78857421875 0.012996941896024464 0.0126953125
1 0.4709480122324159 0.806640625 0.019877675840978593 0.0205078125
1 0.4724770642201835 0.8359375 0.019877675840978593 0.0263671875
1 0.4724770642201835 0.8779296875 0.0191131498470948 0.02783203125
1 0.4694189602446483 0.90234375 0.01529051987767584 0.01611328125
1 0.4059633027522936 0.85302734375 0.01834862385321101 0.0224609375
1 0.4036697247706422 0.8154296875 0.01834862385321101 0.01953125
1 0.4029051987767584 0.79345703125 0.017584097859327217 0.021484375
1 0.4013761467889908 0.767578125 0.016055045871559634 0.03076171875
1 0.40214067278287463 0.73486328125 0.01529051987767584 0.033203125
1 0.40061162079510704 0.70361328125 0.016055045871559634 0.02490234375
1 0.40214067278287463 0.6123046875 0.021406727828746176 0.0302734375
1 0.4013761467889908 0.56103515625 0.01452599388379205 0.02099609375
1 0.4036697247706422 0.53125 0.022935779816513763 0.0361328125
1 0.40519877675840976 0.50048828125 0.019877675840978593 0.0146484375
1 0.40978593272171254 0.46142578125 0.023700305810397553 0.02392578125
1 0.4036697247706422 0.43798828125 0.022935779816513763 0.02392578125
1 0.40672782874617736 0.40771484375 0.02217125382262997 0.02685546875
1 0.404434250764526 0.37744140625 0.01834862385321101 0.033203125
1 0.404434250764526 0.345703125 0.020642201834862386 0.021484375
1 0.40672782874617736 0.3203125 0.024464831804281346 0.025390625
1 0.3394495412844037 0.25 0.019877675840978593 0.0205078125
1 0.3379204892966361 0.30224609375 0.023700305810397553 0.02880859375
1 0.3379204892966361 0.32861328125 0.01834862385321101 0.025390625
1 0.33715596330275227 0.43701171875 0.016055045871559634 0.0390625
1 0.33256880733944955 0.46826171875 0.022935779816513763 0.02294921875
1 0.33562691131498473 0.52685546875 0.020642201834862386 0.02734375
1 0.3363914373088685 0.64697265625 0.0191131498470948 0.04248046875
1 0.3363914373088685 0.77294921875 0.017584097859327217 0.02294921875
1 0.3363914373088685 0.79443359375 0.009174311926605505 0.01220703125
1 0.33562691131498473 0.84228515625 0.016055045871559634 0.0244140625
1 0.3363914373088685 0.861328125 0.016819571865443424 0.01220703125
1 0.27370030581039756 0.9033203125 0.021406727828746176 0.0234375
1 0.268348623853211 0.8525390625 0.019877675840978593 0.02392578125
1 0.2668195718654434 0.82568359375 0.021406727828746176 0.0263671875
1 0.26758409785932724 0.7880859375 0.019877675840978593 0.0263671875
1 0.2668195718654434 0.75830078125 0.021406727828746176 0.02587890625
1 0.2652905198776758 0.7080078125 0.01529051987767584 0.02294921875
1 0.2668195718654434 0.67431640625 0.016819571865443424 0.02294921875
1 0.26758409785932724 0.6484375 0.019877675840978593 0.02490234375
1 0.2698776758409786 0.5361328125 0.02217125382262997 0.0380859375
1 0.2714067278287462 0.38671875 0.026758409785932722 0.03076171875
1 0.27370030581039756 0.326171875 0.021406727828746176 0.01611328125
1 0.2759938837920489 0.30517578125 0.02217125382262997 0.021484375
1 0.2706422018348624 0.2509765625 0.016055045871559634 0.0322265625
1 0.13761467889908258 0.279296875 0.016819571865443424 0.05029296875
1 0.13837920489296637 0.33056640625 0.016819571865443424 0.02685546875
1 0.1353211009174312 0.3623046875 0.016819571865443424 0.0341796875
1 0.19801223241590213 0.36328125 0.02217125382262997 0.0390625
1 0.13685015290519878 0.39501953125 0.019877675840978593 0.02685546875
1 0.20030581039755352 0.419921875 0.0191131498470948 0.03759765625
1 0.1345565749235474 0.44970703125 0.023700305810397553 0.02734375
1 0.20259938837920488 0.46923828125 0.017584097859327217 0.01513671875
1 0.13685015290519878 0.47998046875 0.026758409785932722 0.02685546875
1 0.20489296636085627 0.4921875 0.023700305810397553 0.02490234375
1 0.20336391437308868 0.52197265625 0.01834862385321101 0.0234375
1 0.20412844036697247 0.548828125 0.020642201834862386 0.02001953125
1 0.20642201834862386 0.5810546875 0.022935779816513763 0.0224609375
1 0.13685015290519878 0.56201171875 0.019877675840978593 0.02490234375
1 0.13685015290519878 0.5341796875 0.01834862385321101 0.02490234375
1 0.13761467889908258 0.5888671875 0.02217125382262997 0.02783203125
1 0.20489296636085627 0.60986328125 0.019877675840978593 0.0263671875
1 0.20489296636085627 0.6337890625 0.019877675840978593 0.0126953125
1 0.20489296636085627 0.64990234375 0.01452599388379205 0.01171875
1 0.13837920489296637 0.61962890625 0.0191131498470948 0.0263671875
1 0.13608562691131498 0.64599609375 0.023700305810397553 0.02001953125
1 0.13914373088685014 0.67236328125 0.0191131498470948 0.0283203125
1 0.20642201834862386 0.69921875 0.0191131498470948 0.02001953125
1 0.13990825688073394 0.7265625 0.022935779816513763 0.0380859375
1 0.21253822629969418 0.728515625 0.0290519877675841 0.033203125
1 0.21024464831804282 0.77978515625 0.01834862385321101 0.03076171875
1 0.21100917431192662 0.8076171875 0.017584097859327217 0.01904296875
1 0.13837920489296637 0.86328125 0.022935779816513763 0.02294921875
1 0.20642201834862386 0.8662109375 0.01529051987767584 0.01416015625
1 0.20642201834862386 0.88623046875 0.01452599388379205 0.0185546875
1 0.21024464831804282 0.90478515625 0.011467889908256881 0.01513671875