0 0.8923293455313159 0.1572265625 0.06615059817030261 0.0390625
0 0.8916256157635468 0.1962890625 0.0633356790992259 0.03759765625
0 0.8930330752990852 0.23486328125 0.059113300492610835 0.03759765625
0 0.8923293455313159 0.265625 0.061224489795918366 0.02197265625
0 0.8944405348346235 0.2890625 0.059113300492610835 0.02490234375
0 0.8923293455313159 0.31298828125 0.06263194933145672 0.01953125
0 0.8916256157635468 0.3408203125 0.06755805770584096 0.04541015625
0 0.7797325826882477 0.265625 0.03940886699507389 0.02783203125
0 0.7797325826882477 0.236328125 0.03518648838845883 0.0234375
0 0.7825475017593244 0.20703125 0.03589021815622801 0.02587890625
0 0.7839549612948628 0.18212890625 0.03870513722730472 0.02294921875
0 0.7431386347642506 0.18359375 0.04152005629838142 0.0244140625
0 0.7396199859254047 0.20556640625 0.03870513722730472 0.0205078125
0 0.7424349049964813 0.2265625 0.03940886699507389 0.017578125
1 0.9155524278676987 0.15380859375 0.013370865587614356 0.03076171875
1 0.9148486980999296 0.19091796875 0.011963406052076003 0.02392578125
1 0.9134412385643913 0.2294921875 0.014778325123152709 0.02685546875
1 0.9155524278676987 0.26220703125 0.013370865587614356 0.01318359375
1 0.9169598874032372 0.28857421875 0.014074595355383532 0.02197265625
1 0.9176636171710063 0.30810546875 0.011963406052076003 0.01220703125
1 0.9169598874032372 0.333984375 0.014074595355383532 0.03369140625
1 0.7923997185080929 0.26220703125 0.014074595355383532 0.017578125
1 0.7923997185080929 0.236328125 0.011963406052076003 0.02392578125
1 0.7931034482758621 0.20458984375 0.01055594651653765 0.0234375
1 0.7938071780436312 0.1806640625 0.014778325123152709 0.01806640625
1 0.7515833919774807 0.1826171875 0.014778325123152709 0.0185546875
1 0.752990851513019 0.20703125 0.011963406052076003 0.01953125
1 0.7522871217452498 0.2265625 0.015482054890921885 0.01904296875