0 0.92822265625 0.2109422492401216 0.02783203125 0.02735562310030395
0 0.927734375 0.24072948328267477 0.025390625 0.02735562310030395
0 0.90087890625 0.24498480243161094 0.02587890625 0.02857142857142857
0 0.900390625 0.2133738601823708 0.02734375 0.02796352583586626
0 0.87451171875 0.24498480243161094 0.02490234375 0.02796352583586626
0 0.87353515625 0.27477203647416415 0.0283203125 0.030395136778115502
0 0.90234375 0.2741641337386018 0.02734375 0.029787234042553193
1 0.93603515625 0.21033434650455926 0.00927734375 0.02492401215805471
1 0.91064453125 0.217629179331307 0.00732421875 0.0182370820668693
1 0.93505859375 0.23951367781155014 0.00634765625 0.023100303951367782
1 0.90869140625 0.24559270516717324 0.0087890625 0.013373860182370821
1 0.91162109375 0.2711246200607903 0.0078125 0.01702127659574468
1 0.8837890625 0.27477203647416415 0.0078125 0.02857142857142857
1 0.8837890625 0.24680851063829787 0.0068359375 0.02735562310030395