0 0.8985565356856455 0.157470703125 0.09382518043303929 0.04345703125
0 0.900962309542903 0.201904296875 0.08901363271852446 0.04296875
0 0.7902967121090617 0.2099609375 0.08660785886126704 0.03271484375
0 0.7862870890136328 0.14794921875 0.08340016038492382 0.0263671875
0 0.7846832397754611 0.1767578125 0.09382518043303929 0.03369140625
0 0.6708099438652767 0.149658203125 0.09863672814755413 0.0419921875
0 0.6688051323175621 0.197998046875 0.09222133119486768 0.048828125
0 0.553728949478749 0.19970703125 0.08580593424218123 0.03662109375
0 0.5553327987169207 0.15380859375 0.08660785886126704 0.04638671875
0 0.4286287089013633 0.143310546875 0.10024057738572574 0.03759765625
0 0.43023255813953487 0.173583984375 0.10184442662389735 0.0341796875
0 0.42782678428227744 0.205322265625 0.09703287890938252 0.03125
0 0.30914194065757816 0.142333984375 0.09141940657578188 0.03173828125
0 0.3119486768243785 0.169921875 0.10184442662389735 0.02880859375
0 0.3115477145148356 0.2001953125 0.10104250200481155 0.0341796875
0 0.19366479550922214 0.2001953125 0.08901363271852446 0.03271484375
0 0.19647153167602247 0.169189453125 0.08821170809943865 0.02880859375
0 0.19406575781876503 0.1376953125 0.09141940657578188 0.0302734375
0 0.31355252606255013 0.55419921875 0.09141940657578188 0.03955078125
0 0.3019246190858059 0.593017578125 0.10104250200481155 0.044921875
0 0.421411387329591 0.602783203125 0.0954290296712109 0.0400390625
0 0.42502004811547717 0.555908203125 0.10024057738572574 0.0478515625
0 0.5421010425020049 0.5517578125 0.10344827586206896 0.044921875
0 0.5489174017642342 0.5947265625 0.09141940657578188 0.04248046875
0 0.7774659182036888 0.55029296875 0.09222133119486768 0.0302734375
0 0.7742582197273457 0.578125 0.09623095429029671 0.0341796875
0 0.7794707297514034 0.6083984375 0.09382518043303929 0.02880859375
1 0.929831595829992 0.158203125 0.023255813953488372 0.03466796875
1 0.9302325581395349 0.200927734375 0.0272654370489174 0.03662109375
1 0.8143544506816359 0.2060546875 0.028067361668003207 0.01953125
1 0.8107457898957497 0.170166015625 0.024859663191659984 0.017578125
1 0.8155573376102646 0.1435546875 0.03368083400160385 0.01953125
1 0.6996792301523657 0.15234375 0.024859663191659984 0.04052734375
1 0.6976744186046512 0.19580078125 0.0272654370489174 0.04541015625
1 0.5838011226944667 0.192626953125 0.024057738572574178 0.015625
1 0.5793905372894947 0.153076171875 0.0272654370489174 0.0419921875
1 0.46471531676022454 0.14453125 0.024859663191659984 0.03173828125
1 0.4631114675220529 0.17578125 0.024057738572574178 0.0244140625
1 0.46391339214113875 0.20361328125 0.024057738572574178 0.017578125
1 0.34202085004009625 0.142822265625 0.024057738572574178 0.02978515625
1 0.34282277465918204 0.174560546875 0.016840417000801924 0.02197265625
1 0.34643143544506816 0.197998046875 0.024859663191659984 0.02392578125
1 0.22413793103448276 0.19970703125 0.024057738572574178 0.0322265625
1 0.2269446672012831 0.1640625 0.030473135525260625 0.01806640625
1 0.22774659182036888 0.1376953125 0.020850040096230954 0.02197265625
1 0.8079390537289495 0.544189453125 0.020850040096230954 0.01513671875
1 0.8071371291098637 0.577880859375 0.028869286287089013 0.03759765625
1 0.8107457898957497 0.6083984375 0.03608660785886127 0.02001953125
1 0.5813953488372093 0.55224609375 0.022453889334402566 0.04345703125
1 0.5761828388131516 0.595458984375 0.03207698476343224 0.037109375
1 0.45629510825982356 0.55810546875 0.03207698476343224 0.041015625
1 0.45028067361668 0.59716796875 0.03207698476343224 0.0205078125
1 0.3384121892542101 0.552490234375 0.026463512429831595 0.03369140625
1 0.33400160384923816 0.592041015625 0.02967121090617482 0.041015625