0 0.9064914992272025 0.47412109375 0.09350850077279753 0.0458984375
0 0.8029366306027821 0.45263671875 0.0919629057187017 0.04638671875
0 0.7982998454404946 0.5009765625 0.09273570324574962 0.05078125
0 0.6978361669242659 0.5537109375 0.08732612055641421 0.06298828125
0 0.5911901081916537 0.52099609375 0.09659969088098919 0.06005859375
0 0.5919629057187017 0.46826171875 0.11282843894899536 0.048828125
0 0.5942812982998454 0.4091796875 0.08964451313755796 0.04833984375
0 0.5919629057187017 0.3623046875 0.10123647604327667 0.0478515625
0 0.6916537867078826 0.345703125 0.08887171561051005 0.0478515625
0 0.7998454404945904 0.36962890625 0.09119010819165378 0.05029296875
0 0.4845440494590417 0.212890625 0.07264296754250386 0.04541015625
0 0.4860896445131376 0.25244140625 0.07341576506955177 0.03271484375
0 0.17619783616692428 0.15380859375 0.1213292117465224 0.05224609375
0 0.8029366306027821 0.76123046875 0.09041731066460587 0.048828125
0 0.8083462132921174 0.8095703125 0.08578052550231839 0.046875
0 0.9119010819165378 0.71240234375 0.07650695517774343 0.05517578125
0 0.9095826893353941 0.58349609375 0.0695517774343122 0.05224609375
0 0.9088098918083463 0.63720703125 0.07264296754250386 0.05517578125
0 0.589644513137558 0.82958984375 0.09041731066460587 0.04345703125
0 0.5857805255023184 0.87353515625 0.09350850077279753 0.03955078125
0 0.5834621329211747 0.91064453125 0.10278207109737249 0.0537109375
0 0.4891808346213292 0.84912109375 0.08346213292117466 0.0615234375
0 0.490726429675425 0.79052734375 0.10200927357032458 0.05712890625
0 0.4845440494590417 0.5595703125 0.1151468315301391 0.05517578125
0 0.3856259659969088 0.4541015625 0.10278207109737249 0.05615234375
0 0.3794435857805255 0.40283203125 0.10587326120556415 0.04248046875
0 0.5904173106646059 0.59228515625 0.09041731066460587 0.06201171875
0 0.5927357032457496 0.64599609375 0.09814528593508501 0.044921875
0 0.28129829984544047 0.8173828125 0.08964451313755796 0.04541015625
0 0.28516228748068007 0.86865234375 0.09350850077279753 0.0576171875
0 0.1831530139103555 0.8642578125 0.10123647604327667 0.052734375
0 0.1839258114374034 0.91015625 0.10123647604327667 0.04248046875
0 0.18083462132921174 0.5087890625 0.10123647604327667 0.0625
0 0.17542503863987635 0.44921875 0.10123647604327667 0.05908203125
0 0.07109737248840804 0.46923828125 0.09969088098918083 0.0537109375
0 0.07805255023183925 0.3681640625 0.1035548686244204 0.05712890625
0 0.0687789799072643 0.3125 0.10123647604327667 0.05419921875
0 0.1777434312210201 0.2890625 0.10432766615146831 0.07177734375
0 0.17542503863987635 0.33935546875 0.0973724884080371 0.03271484375
1 0.9374034003091191 0.47021484375 0.02704791344667697 0.0380859375
1 0.9319938176197836 0.58203125 0.02472952086553323 0.0517578125
1 0.9358578052550232 0.6240234375 0.02009273570324575 0.02734375
1 0.9335394126738794 0.708984375 0.03554868624420402 0.0439453125
1 0.8353941267387944 0.7607421875 0.02936630602782071 0.0458984375
1 0.8346213292117465 0.81201171875 0.02472952086553323 0.04296875
1 0.6143740340030912 0.8251953125 0.0285935085007728 0.03173828125
1 0.616692426584235 0.86279296875 0.02472952086553323 0.0166015625
1 0.6190108191653787 0.90380859375 0.02472952086553323 0.04248046875
1 0.51854714064915 0.833984375 0.021638330757341576 0.03271484375
1 0.527047913446677 0.78955078125 0.03632148377125193 0.03173828125
1 0.21097372488408037 0.494140625 0.0347758887171561 0.02587890625
1 0.2063369397217929 0.4482421875 0.03400309119010819 0.029296875
1 0.09814528593508501 0.4697265625 0.02704791344667697 0.0478515625
1 0.2125193199381762 0.86181640625 0.03400309119010819 0.0478515625
1 0.2132921174652241 0.8994140625 0.03323029366306028 0.01904296875
1 0.3075734157650695 0.8505859375 0.027820710973724884 0.01904296875
1 0.3068006182380216 0.81298828125 0.0285935085007728 0.0205078125
1 0.11128284389489954 0.3662109375 0.03323029366306028 0.05322265625
1 0.09969088098918083 0.31591796875 0.03400309119010819 0.0439453125
1 0.20942812982998454 0.29150390625 0.03168469860896445 0.0634765625
1 0.2063369397217929 0.337890625 0.0285935085007728 0.02099609375
1 0.2125193199381762 0.15576171875 0.025502318392581144 0.04052734375
1 0.5100463678516228 0.21044921875 0.021638330757341576 0.04052734375
1 0.509273570324575 0.24853515625 0.01777434312210201 0.02880859375
1 0.4134466769706337 0.40576171875 0.03323029366306028 0.03466796875
1 0.41576506955177744 0.44970703125 0.03323029366306028 0.0390625
1 0.5193199381761978 0.56005859375 0.03632148377125193 0.052734375
1 0.6197836166924265 0.59423828125 0.030139103554868624 0.0556640625
1 0.615919629057187 0.63720703125 0.027820710973724884 0.0283203125
1 0.7241112828438949 0.55615234375 0.023183925811437404 0.0576171875
1 0.6259659969088099 0.515625 0.021638330757341576 0.046875
1 0.6267387944358578 0.46923828125 0.025502318392581144 0.041015625
1 0.6282843894899537 0.40771484375 0.02241112828438949 0.041015625
1 0.6228748068006182 0.35986328125 0.0347758887171561 0.0439453125
1 0.7194744976816074 0.34375 0.0285935085007728 0.044921875
1 0.8292117465224111 0.37255859375 0.021638330757341576 0.03857421875
1 0.8284389489953632 0.45361328125 0.030139103554868624 0.04150390625
1 0.8299845440494591 0.50146484375 0.023183925811437404 0.0419921875