0 0.8674418604651163 0.39990234375 0.06356589147286822 0.02734375
0 0.7875968992248062 0.27001953125 0.05503875968992248 0.029296875
0 0.8697674418604651 0.4306640625 0.06124031007751938 0.0322265625
0 0.8806201550387597 0.89453125 0.06046511627906977 0.0283203125
0 0.641860465116279 0.439453125 0.06201550387596899 0.0341796875
0 0.5007751937984496 0.40869140625 0.06589147286821706 0.0341796875
0 0.5007751937984496 0.43603515625 0.06821705426356589 0.02587890625
0 0.49534883720930234 0.3125 0.06976744186046512 0.03173828125
0 0.5 0.279296875 0.07364341085271318 0.03173828125
0 0.2062015503875969 0.57177734375 0.07054263565891473 0.03173828125
1 0.9038759689922481 0.88720703125 0.017829457364341085 0.01416015625
1 0.22868217054263565 0.57080078125 0.020930232558139535 0.03173828125
1 0.524031007751938 0.4365234375 0.02248062015503876 0.0185546875
1 0.5224806201550387 0.4091796875 0.020930232558139535 0.03173828125
1 0.5209302325581395 0.30615234375 0.024806201550387597 0.017578125
1 0.5224806201550387 0.27734375 0.02558139534883721 0.02978515625
1 0.6635658914728683 0.435546875 0.012403100775193798 0.01708984375
1 0.889922480620155 0.42724609375 0.018604651162790697 0.02490234375
1 0.8906976744186047 0.3974609375 0.017054263565891473 0.01513671875
1 0.8085271317829458 0.27001953125 0.011627906976744186 0.0185546875