0 0.25927734375 0.23215356928614278 0.029296875 0.028194361127774445
0 0.29052734375 0.22975404919016196 0.02734375 0.026394721055788842
0 0.318359375 0.22735452909418116 0.02783203125 0.02579484103179364
0 0.31982421875 0.2561487702459508 0.0263671875 0.03119376124775045
0 0.2919921875 0.25674865026994603 0.029296875 0.029394121175764846
0 0.26171875 0.2561487702459508 0.0322265625 0.020395920815836834
1 0.267578125 0.23215356928614278 0.01171875 0.02579484103179364
1 0.26904296875 0.2549490101979604 0.013671875 0.01739652069586083
1 0.30029296875 0.25674865026994603 0.009765625 0.026994601079784044
1 0.2978515625 0.23035392921415718 0.009765625 0.022795440911817635
1 0.3271484375 0.22795440911817635 0.0078125 0.022195560887822437
1 0.32763671875 0.2495500899820036 0.00927734375 0.017996400719856028