0 0.30810546875 0.27402135231316727 0.02392578125 0.018386714116251483
0 0.3359375 0.27580071174377224 0.02294921875 0.018979833926453145
0 0.337890625 0.2959667852906287 0.02490234375 0.020759193357058125
0 0.33837890625 0.31316725978647686 0.02587890625 0.01482799525504152
0 0.33935546875 0.33155397390272834 0.025390625 0.021352313167259787
0 0.30908203125 0.3167259786476868 0.0234375 0.019572953736654804
0 0.31005859375 0.2947805456702254 0.02490234375 0.021352313167259787
0 0.30859375 0.330367734282325 0.02197265625 0.011862396204033215
0 0.30908203125 0.3469750889679715 0.02197265625 0.020759193357058125
0 0.2763671875 0.33629893238434166 0.02880859375 0.023131672597864767
0 0.2763671875 0.31494661921708184 0.03076171875 0.020759193357058125
0 0.27685546875 0.2930011862396204 0.0302734375 0.02372479240806643
0 0.27783203125 0.269276393831554 0.02880859375 0.02372479240806643
0 0.275390625 0.24258600237247924 0.0244140625 0.026690391459074734
0 0.275390625 0.21530249110320285 0.0263671875 0.025504151838671413
0 0.24462890625 0.23606168446026096 0.0283203125 0.021945432977461446
0 0.24560546875 0.25919335705812574 0.02783203125 0.028469750889679714
1 0.25390625 0.25444839857651247 0.01171875 0.020166073546856466
1 0.25244140625 0.23013048635824437 0.0078125 0.011269276393831554
1 0.283203125 0.21530249110320285 0.0107421875 0.02491103202846975
1 0.2822265625 0.24139976275207592 0.00732421875 0.02372479240806643
1 0.2841796875 0.26986951364175565 0.0126953125 0.022538552787663108
1 0.28466796875 0.2930011862396204 0.009765625 0.013048635824436536
1 0.28466796875 0.31020166073546857 0.01171875 0.010676156583629894
1 0.28466796875 0.3291814946619217 0.0087890625 0.013048635824436536
1 0.31689453125 0.3487544483985765 0.0087890625 0.022538552787663108
1 0.31640625 0.32977461447212336 0.0048828125 0.008896797153024912
1 0.31640625 0.3143534994068802 0.00634765625 0.01482799525504152
1 0.3173828125 0.2900355871886121 0.01025390625 0.012455516014234875
1 0.3173828125 0.27402135231316727 0.0078125 0.013048635824436536
1 0.3447265625 0.27105575326215897 0.00537109375 0.010676156583629894
1 0.345703125 0.28825622775800713 0.0087890625 0.011269276393831554
1 0.345703125 0.3084223013048636 0.0107421875 0.011269276393831554
1 0.3466796875 0.32977461447212336 0.01025390625 0.022538552787663108
0 0.076171875 0.44661921708185054 0.0185546875 0.023131672597864767
0 0.07470703125 0.4638196915776987 0.01611328125 0.014234875444839857
0 0.076171875 0.48279952550415184 0.02001953125 0.021945432977461446
0 0.056640625 0.49762752075919336 0.02099609375 0.02431791221826809
0 0.0546875 0.4489916963226572 0.0205078125 0.021945432977461446
0 0.05517578125 0.466785290628707 0.02001953125 0.013048635824436536
1 0.0615234375 0.44780545670225386 0.0048828125 0.0166073546856465
1 0.07958984375 0.44780545670225386 0.00830078125 0.02491103202846975
1 0.080078125 0.4655990510083037 0.0029296875 0.00830367734282325
1 0.08154296875 0.4786476868327402 0.005859375 0.014234875444839857
1 0.06201171875 0.4970344009489917 0.00830078125 0.021945432977461446
1 0.06201171875 0.46441281138790036 0.0078125 0.008896797153024912