0 0.8753930817610063 0.603271484375 0.06525157232704402 0.02783203125
0 0.8753930817610063 0.634033203125 0.06367924528301887 0.0361328125
0 0.5035377358490566 0.60107421875 0.06839622641509434 0.03857421875
0 0.5043238993710691 0.5693359375 0.0660377358490566 0.02490234375
0 0.425314465408805 0.635498046875 0.07468553459119497 0.0283203125
0 0.43278301886792453 0.603759765625 0.06918238993710692 0.029296875
0 0.19968553459119498 0.603759765625 0.06525157232704402 0.03271484375
0 0.577437106918239 0.7998046875 0.06367924528301887 0.03173828125
0 0.5786163522012578 0.83056640625 0.06761006289308176 0.03076171875
0 0.5003930817610063 0.76220703125 0.06446540880503145 0.02587890625
0 0.502751572327044 0.791015625 0.06525157232704402 0.0263671875
0 0.8018867924528302 0.86328125 0.06446540880503145 0.02734375
0 0.7240566037735849 0.89794921875 0.06525157232704402 0.02880859375
0 0.6509433962264151 0.892822265625 0.06132075471698113 0.0341796875
0 0.3561320754716981 0.278564453125 0.06289308176100629 0.02783203125
0 0.6485849056603774 0.283203125 0.06525157232704402 0.029296875
0 0.5825471698113207 0.27587890625 0.04716981132075472 0.021484375
0 0.5801886792452831 0.308837890625 0.060534591194968554 0.03857421875
1 0.5986635220125787 0.29736328125 0.01729559748427673 0.013671875
1 0.5982704402515723 0.27783203125 0.02279874213836478 0.01904296875
1 0.6721698113207547 0.27880859375 0.018081761006289308 0.01318359375
1 0.37657232704402516 0.27783203125 0.025943396226415096 0.0166015625
1 0.2209119496855346 0.60498046875 0.020440251572327043 0.033203125
1 0.4492924528301887 0.6044921875 0.026729559748427674 0.02734375
1 0.5224056603773585 0.600830078125 0.02279874213836478 0.0380859375
1 0.5239779874213837 0.570556640625 0.02122641509433962 0.0224609375
1 0.8997641509433962 0.6044921875 0.014937106918238994 0.0205078125
1 0.8997641509433962 0.62939453125 0.018081761006289308 0.0224609375
1 0.449685534591195 0.634765625 0.025943396226415096 0.025390625
1 0.8231132075471698 0.863525390625 0.02279874213836478 0.02490234375
1 0.7476415094339622 0.892822265625 0.019654088050314465 0.015625
1 0.6698113207547169 0.89306640625 0.019654088050314465 0.02685546875
1 0.5990566037735849 0.829833984375 0.02122641509433962 0.03076171875
1 0.597877358490566 0.798583984375 0.020440251572327043 0.0302734375
1 0.5224056603773585 0.761962890625 0.0220125786163522 0.02392578125
1 0.5208333333333334 0.787353515625 0.01729559748427673 0.01708984375