0 0.4903325599381284 0.185791015625 0.14075792730085074 0.0693359375
0 0.494199535962877 0.248046875 0.14385150812064965 0.05419921875
0 0.4934261407579273 0.3017578125 0.14462490332559938 0.05419921875
0 0.49303944315545245 0.3466796875 0.14153132250580047 0.03662109375
0 0.4903325599381284 0.392333984375 0.15158546017014696 0.0517578125
0 0.494199535962877 0.44384765625 0.131477184841454 0.05517578125
0 0.4903325599381284 0.5009765625 0.139984532095901 0.0615234375
1 0.5460170146945089 0.1982421875 0.027068832173240527 0.021484375
1 0.5460170146945089 0.25048828125 0.03944315545243619 0.04736328125
1 0.5452436194895591 0.31103515625 0.033255993812838364 0.03759765625
1 0.5448569218870843 0.3466796875 0.0317092034029389 0.03369140625
1 0.5464037122969838 0.3955078125 0.029389017788089715 0.056640625
1 0.5406032482598608 0.4443359375 0.026295436968290797 0.03662109375
1 0.539829853054911 0.5 0.03789636504253674 0.03955078125