0 0.8841292134831461 0.16455078125 0.06671348314606741 0.03857421875
0 0.8855337078651685 0.20263671875 0.06601123595505617 0.03662109375
0 0.8855337078651685 0.24072265625 0.06320224719101124 0.0341796875
0 0.8855337078651685 0.2734375 0.06320224719101124 0.0263671875
0 0.8855337078651685 0.2998046875 0.06179775280898876 0.0263671875
0 0.8848314606741573 0.322265625 0.06179775280898876 0.0185546875
0 0.8855337078651685 0.35107421875 0.06390449438202248 0.04638671875
0 0.7752808988764045 0.27880859375 0.04002808988764045 0.0205078125
0 0.7331460674157303 0.265625 0.03089887640449438 0.01708984375
0 0.7317415730337079 0.28076171875 0.03441011235955056 0.01318359375
0 0.6924157303370787 0.2578125 0.03651685393258427 0.02001953125
0 0.7331460674157303 0.2451171875 0.037219101123595506 0.0234375
0 0.7345505617977528 0.22265625 0.033707865168539325 0.01806640625
0 0.735252808988764 0.201171875 0.0351123595505618 0.021484375
0 0.7787921348314607 0.1845703125 0.0449438202247191 0.0234375
0 0.7780898876404494 0.20361328125 0.03441011235955056 0.01416015625
0 0.7759831460674157 0.22412109375 0.03581460674157303 0.0263671875
0 0.6945224719101124 0.23486328125 0.03441011235955056 0.0244140625
0 0.6959269662921348 0.20751953125 0.03651685393258427 0.025390625
0 0.6973314606741573 0.18505859375 0.037219101123595506 0.01904296875
1 0.7071629213483146 0.1845703125 0.010533707865168539 0.0146484375
1 0.7064606741573034 0.2021484375 0.011938202247191011 0.015625
1 0.7050561797752809 0.234375 0.009831460674157303 0.02197265625
1 0.702247191011236 0.25732421875 0.012640449438202247 0.02001953125
1 0.7457865168539326 0.24267578125 0.011235955056179775 0.01806640625
1 0.7457865168539326 0.2216796875 0.010533707865168539 0.0126953125
1 0.7450842696629213 0.19970703125 0.010533707865168539 0.01904296875
1 0.7900280898876404 0.18603515625 0.013342696629213483 0.02099609375
1 0.7900280898876404 0.20263671875 0.011938202247191011 0.0087890625
1 0.7879213483146067 0.22314453125 0.011938202247191011 0.02197265625
1 0.7893258426966292 0.27783203125 0.010533707865168539 0.01611328125
1 0.7443820224719101 0.279296875 0.011235955056179775 0.01025390625
1 0.7429775280898876 0.26611328125 0.009129213483146067 0.01416015625
1 0.9066011235955056 0.3408203125 0.01544943820224719 0.0263671875
1 0.9080056179775281 0.31982421875 0.011235955056179775 0.0126953125
1 0.9094101123595506 0.29638671875 0.014747191011235955 0.021484375
1 0.9087078651685393 0.267578125 0.013342696629213483 0.013671875
1 0.9101123595505618 0.2353515625 0.016853932584269662 0.025390625
1 0.9094101123595506 0.19775390625 0.016151685393258428 0.02587890625
1 0.9094101123595506 0.16015625 0.016151685393258428 0.0302734375