0 0.8904991948470209 0.330078125 0.06521739130434782 0.03173828125
0 0.8961352657004831 0.85302734375 0.0821256038647343 0.037109375
0 0.5909822866344605 0.890625 0.09098228663446055 0.03759765625
0 0.5845410628019324 0.853515625 0.0748792270531401 0.02978515625
0 0.5893719806763285 0.82373046875 0.07246376811594203 0.0283203125
0 0.20611916264090177 0.39501953125 0.08454106280193237 0.033203125
0 0.20450885668276972 0.42822265625 0.08454106280193237 0.02783203125
1 0.9106280193236715 0.33056640625 0.024154589371980676 0.029296875
1 0.23268921095008052 0.392578125 0.017713365539452495 0.02392578125
1 0.23268921095008052 0.42822265625 0.028985507246376812 0.02587890625
1 0.6135265700483091 0.82373046875 0.023349436392914653 0.0224609375
1 0.6135265700483091 0.8603515625 0.027375201288244767 0.01416015625
1 0.6183574879227053 0.88134765625 0.0322061191626409 0.01953125
1 0.9186795491143317 0.84716796875 0.027375201288244767 0.025390625