0 0.1044921875 0.23221884498480244 0.02734375 0.02066869300911854
0 0.10595703125 0.25167173252279634 0.02587890625 0.01641337386018237
0 0.107421875 0.2711246200607903 0.02734375 0.022492401215805473
0 0.07958984375 0.24984802431610942 0.02392578125 0.01884498480243161
0 0.080078125 0.28328267477203645 0.0283203125 0.01884498480243161
0 0.43603515625 0.6285714285714286 0.025390625 0.02796352583586626
0 0.41162109375 0.6237082066869301 0.01953125 0.019452887537993922
0 0.4091796875 0.6437689969604863 0.02197265625 0.01762917933130699
0 0.43359375 0.652887537993921 0.0234375 0.022492401215805473
0 0.4345703125 0.6711246200607903 0.0263671875 0.01702127659574468
0 0.4365234375 0.6930091185410334 0.0244140625 0.02370820668693009
0 0.4384765625 0.7161094224924012 0.02294921875 0.02006079027355623
0 0.41259765625 0.7142857142857143 0.02490234375 0.02492401215805471
0 0.41162109375 0.6893617021276596 0.02294921875 0.02006079027355623
0 0.6015625 0.6595744680851063 0.0302734375 0.02857142857142857
0 0.6015625 0.6869300911854104 0.03173828125 0.023100303951367782
0 0.5771484375 0.7015197568389058 0.0283203125 0.02127659574468085
0 0.578125 0.7300911854103344 0.03076171875 0.03404255319148936
0 0.57861328125 0.7604863221884498 0.03173828125 0.026747720364741642
0 0.6044921875 0.24559270516717324 0.02734375 0.02917933130699088
0 0.6064453125 0.2741641337386018 0.03369140625 0.026139817629179333
1 0.11328125 0.23343465045592704 0.0078125 0.0182370820668693
1 0.08935546875 0.24924012158054712 0.0048828125 0.013373860182370821
1 0.1142578125 0.25167173252279634 0.00634765625 0.01094224924012158
1 0.115234375 0.27173252279635257 0.00927734375 0.02188449848024316
1 0.08935546875 0.2796352583586626 0.00830078125 0.00911854103343465
1 0.41748046875 0.6243161094224924 0.0068359375 0.01762917933130699
1 0.443359375 0.6291793313069909 0.00927734375 0.02492401215805471
1 0.41845703125 0.643161094224924 0.0068359375 0.01276595744680851
1 0.44287109375 0.652887537993921 0.00537109375 0.019452887537993922
1 0.44287109375 0.6699088145896657 0.0078125 0.009726443768996961
1 0.443359375 0.6905775075987842 0.00830078125 0.02006079027355623
1 0.4443359375 0.7130699088145896 0.01025390625 0.0182370820668693
1 0.42041015625 0.713677811550152 0.0078125 0.023100303951367782
1 0.42041015625 0.6893617021276596 0.0068359375 0.02006079027355623
1 0.6123046875 0.660790273556231 0.0087890625 0.02735562310030395
1 0.61279296875 0.6869300911854104 0.0087890625 0.0243161094224924
1 0.5869140625 0.7021276595744681 0.00732421875 0.01762917933130699
1 0.58837890625 0.7300911854103344 0.01025390625 0.03343465045592705
1 0.58837890625 0.7604863221884498 0.01123046875 0.02553191489361702
1 0.6162109375 0.2735562310030395 0.0126953125 0.022492401215805473
1 0.6142578125 0.24620060790273557 0.0078125 0.02735562310030395