0 0.9140625 0.2582738481505516 0.0263671875 0.031148604802076575
0 0.91357421875 0.28942245295262814 0.02685546875 0.02855288773523686
0 0.88330078125 0.26606099935107075 0.0322265625 0.027903958468526932
0 0.8837890625 0.2972096041531473 0.03369140625 0.03374432186891629
0 0.84765625 0.26151849448410125 0.02783203125 0.027255029201817
0 0.81884765625 0.2602206359506814 0.02197265625 0.024010382868267358
0 0.79443359375 0.27125243348475014 0.0244140625 0.0317975340687865
0 0.76220703125 0.2744970798182998 0.02783203125 0.031148604802076575
1 0.9228515625 0.2608695652173913 0.0078125 0.027255029201817
1 0.92138671875 0.2829331602855289 0.0087890625 0.012329656067488644
1 0.89501953125 0.29136924075275794 0.0107421875 0.0227125243348475
1 0.89453125 0.26606099935107075 0.00830078125 0.021414665801427646
1 0.85498046875 0.26151849448410125 0.01025390625 0.025957170668397145
1 0.82666015625 0.2589227774172615 0.00634765625 0.0136275146009085
1 0.8017578125 0.2699545749513303 0.00830078125 0.018170019467878003
1 0.7705078125 0.2744970798182998 0.00927734375 0.02465931213497729