0 0.8809710258418167 0.68603515625 0.058731401722787784 0.03076171875
0 0.884886452623336 0.720703125 0.06264682850430697 0.0341796875
0 0.3610023492560689 0.892578125 0.07674236491777604 0.03564453125
0 0.2850430696945967 0.85107421875 0.06577916992952232 0.03662109375
0 0.2811276429130775 0.81982421875 0.07439310884886452 0.0244140625
0 0.27956147220046984 0.72509765625 0.06734534064212999 0.02685546875
0 0.278778386844166 0.69482421875 0.06108065779169929 0.03271484375
0 0.350822239624119 0.6630859375 0.06421299921691465 0.03564453125
0 0.34925606891151134 0.6259765625 0.06421299921691465 0.02734375
0 0.3484729835552075 0.59423828125 0.06656225528582616 0.02978515625
0 0.34690681284259983 0.5625 0.06812842599843383 0.029296875
0 0.4291307752545027 0.49365234375 0.05794831636648395 0.03662109375
0 0.42521534847298353 0.4599609375 0.06812842599843383 0.0283203125
0 0.34925606891151134 0.2939453125 0.06264682850430697 0.0302734375
0 0.3531714956930305 0.2626953125 0.06812842599843383 0.03173828125
0 0.42521534847298353 0.26513671875 0.06891151135473766 0.0302734375
0 0.2717306186374315 0.2646484375 0.07047768206734534 0.0322265625
0 0.19733750978856696 0.36474609375 0.0696945967110415 0.0302734375
0 0.6523101018010963 0.427734375 0.05951448707909162 0.02783203125
0 0.6507439310884886 0.45751953125 0.06577916992952232 0.029296875
0 0.7251370399373531 0.4248046875 0.06186374314800313 0.03271484375
0 0.73061863743148 0.45703125 0.07126076742364917 0.02734375
1 0.9021143304620204 0.68603515625 0.018010963194988253 0.02880859375
1 0.9036805011746281 0.7177734375 0.020360219263899765 0.0283203125
1 0.37196554424432265 0.65869140625 0.020360219263899765 0.02783203125
1 0.2975724353954581 0.69384765625 0.01957713390759593 0.02880859375
1 0.3007047768206735 0.81884765625 0.02192638997650744 0.0234375
1 0.3852779953014879 0.89208984375 0.02192638997650744 0.03271484375
1 0.3007047768206735 0.8505859375 0.022709475332811275 0.03515625
1 0.37196554424432265 0.62646484375 0.01644479248238058 0.02587890625
1 0.370399373531715 0.5888671875 0.018010963194988253 0.0146484375
1 0.3688332028191073 0.5634765625 0.017227877838684416 0.025390625
1 0.44400939702427566 0.4892578125 0.020360219263899765 0.02685546875
1 0.44792482380579485 0.4619140625 0.023492560689115115 0.02392578125
1 0.2153484729835552 0.36181640625 0.025058731401722788 0.0205078125
1 0.36805011746280347 0.29150390625 0.01957713390759593 0.02587890625
1 0.2920908379013312 0.2666015625 0.022709475332811275 0.0302734375
1 0.36961628817541115 0.26171875 0.025058731401722788 0.0283203125
1 0.44557556773688334 0.26513671875 0.02975724353954581 0.02587890625
1 0.6695379796397808 0.427734375 0.01957713390759593 0.025390625
1 0.6703210649960846 0.45654296875 0.022709475332811275 0.02392578125
1 0.7525450274079875 0.4560546875 0.03210649960845732 0.02685546875
1 0.7415818324197337 0.42626953125 0.017227877838684416 0.03076171875
1 0.29678935003915424 0.72265625 0.02427564604541895 0.02197265625