0 0.9073684210526316 0.20654296875 0.04842105263157895 0.02392578125
0 0.9066666666666666 0.2294921875 0.041403508771929824 0.02099609375
0 0.9108771929824562 0.25732421875 0.042105263157894736 0.02197265625
0 0.9122807017543859 0.279296875 0.04350877192982456 0.02392578125
0 0.911578947368421 0.31298828125 0.041403508771929824 0.02392578125
0 0.9129824561403509 0.3330078125 0.03929824561403509 0.017578125
0 0.9101754385964912 0.36767578125 0.04421052631578947 0.02099609375
0 0.9122807017543859 0.390625 0.04280701754385965 0.0244140625
1 0.9207017543859649 0.2255859375 0.010526315789473684 0.01220703125
1 0.9207017543859649 0.20703125 0.011228070175438596 0.021484375
1 0.9228070175438596 0.2587890625 0.013333333333333334 0.017578125
1 0.9249122807017544 0.27685546875 0.014035087719298246 0.01611328125
1 0.9235087719298246 0.31298828125 0.015438596491228071 0.017578125
1 0.9256140350877193 0.3291015625 0.011228070175438596 0.00927734375
1 0.9249122807017544 0.36767578125 0.014035087719298246 0.0205078125
1 0.9235087719298246 0.3896484375 0.014035087719298246 0.02099609375