0 0.9019756838905775 0.25732421875 0.050911854103343465 0.0263671875
0 0.898176291793313 0.28515625 0.05623100303951368 0.02880859375
0 0.8966565349544073 0.32861328125 0.05167173252279635 0.02783203125
0 0.8996960486322189 0.35791015625 0.05623100303951368 0.0234375
0 0.898176291793313 0.4140625 0.05319148936170213 0.0205078125
0 0.9042553191489362 0.45458984375 0.05319148936170213 0.0283203125
0 0.6990881458966566 0.2607421875 0.06838905775075987 0.0361328125
0 0.5699088145896657 0.263671875 0.06155015197568389 0.03466796875
0 0.5721884498480243 0.30615234375 0.05547112462006079 0.02734375
0 0.5706686930091185 0.35546875 0.06231003039513678 0.02734375
0 0.5645896656534954 0.37744140625 0.07142857142857142 0.02685546875
0 0.6329787234042553 0.37841796875 0.05927051671732523 0.037109375
0 0.6375379939209727 0.42041015625 0.047872340425531915 0.01953125
0 0.6405775075987842 0.44580078125 0.057750759878419454 0.0302734375
0 0.7036474164133738 0.41845703125 0.05851063829787234 0.0263671875
0 0.7059270516717325 0.375 0.05623100303951368 0.02587890625
0 0.6922492401215805 0.3232421875 0.060790273556231005 0.02392578125
0 0.7651975683890577 0.33642578125 0.05015197568389058 0.0302734375
0 0.9004559270516718 0.38623046875 0.05243161094224924 0.0302734375
0 0.9004559270516718 0.50634765625 0.05927051671732523 0.0244140625
0 0.9019756838905775 0.53076171875 0.050911854103343465 0.02294921875
0 0.9050151975683891 0.6025390625 0.06231003039513678 0.0234375
0 0.9034954407294833 0.62841796875 0.05927051671732523 0.02392578125
0 0.9065349544072948 0.66162109375 0.05851063829787234 0.02685546875
0 0.9034954407294833 0.71484375 0.06003039513677812 0.0244140625
0 0.9034954407294833 0.73974609375 0.05167173252279635 0.025390625
0 0.9050151975683891 0.78369140625 0.05927051671732523 0.02392578125
0 0.9042553191489362 0.82275390625 0.053951367781155016 0.02099609375
0 0.9065349544072948 0.84619140625 0.05319148936170213 0.02294921875
0 0.9080547112462006 0.9140625 0.053951367781155016 0.03173828125
0 0.9042553191489362 0.86767578125 0.044832826747720364 0.0185546875
0 0.8427051671732523 0.89599609375 0.057750759878419454 0.0234375
0 0.8419452887537994 0.8740234375 0.060790273556231005 0.0205078125
0 0.8404255319148937 0.82568359375 0.06458966565349544 0.0244140625
0 0.8411854103343465 0.79833984375 0.06155015197568389 0.0283203125
0 0.8411854103343465 0.75146484375 0.06003039513677812 0.02294921875
0 0.8404255319148937 0.7138671875 0.06155015197568389 0.02783203125
0 0.8389057750759878 0.689453125 0.057750759878419454 0.02294921875
0 0.837386018237082 0.6357421875 0.05623100303951368 0.02783203125
0 0.8381458966565349 0.57080078125 0.06155015197568389 0.02294921875
0 0.837386018237082 0.59619140625 0.06306990881458967 0.02490234375
0 0.8411854103343465 0.52001953125 0.05547112462006079 0.01708984375
0 0.837386018237082 0.43359375 0.06382978723404255 0.041015625
0 0.8381458966565349 0.39111328125 0.05547112462006079 0.0234375
0 0.8358662613981763 0.365234375 0.06306990881458967 0.0302734375
0 0.8366261398176292 0.341796875 0.053951367781155016 0.0185546875
0 0.7712765957446809 0.2568359375 0.04711246200607903 0.02783203125
0 0.7682370820668692 0.4423828125 0.0547112462006079 0.02587890625
0 0.7674772036474165 0.4697265625 0.05851063829787234 0.02734375
0 0.7697568389057751 0.4970703125 0.06003039513677812 0.02490234375
0 0.7727963525835866 0.5244140625 0.06306990881458967 0.02685546875
0 0.7667173252279635 0.54296875 0.06382978723404255 0.021484375
0 0.7712765957446809 0.60498046875 0.0486322188449848 0.03564453125
0 0.770516717325228 0.6328125 0.047872340425531915 0.01904296875
0 0.7758358662613982 0.66748046875 0.057750759878419454 0.01904296875
0 0.7750759878419453 0.6904296875 0.04939209726443769 0.02490234375
0 0.7743161094224924 0.71142578125 0.05547112462006079 0.01806640625
0 0.7773556231003039 0.755859375 0.056990881458966566 0.025390625
0 0.7750759878419453 0.775390625 0.053951367781155016 0.01416015625
0 0.7697568389057751 0.81640625 0.05851063829787234 0.02392578125
0 0.7750759878419453 0.86572265625 0.05623100303951368 0.03173828125
0 0.7781155015197568 0.91796875 0.05167173252279635 0.033203125
0 0.7074468085106383 0.89990234375 0.05927051671732523 0.02294921875
0 0.7059270516717325 0.88134765625 0.06003039513677812 0.02294921875
0 0.7082066869300911 0.857421875 0.05547112462006079 0.0263671875
0 0.7082066869300911 0.8212890625 0.05015197568389058 0.01904296875
0 0.7082066869300911 0.794921875 0.0668693009118541 0.03125
0 0.7082066869300911 0.744140625 0.06458966565349544 0.03076171875
0 0.709726443768997 0.67919921875 0.067629179331307 0.02783203125
0 0.7066869300911854 0.6533203125 0.06306990881458967 0.025390625
0 0.7066869300911854 0.62548828125 0.06003039513677812 0.03173828125
0 0.7082066869300911 0.58154296875 0.07218844984802432 0.0244140625
0 0.7044072948328267 0.55712890625 0.067629179331307 0.02490234375
0 0.7021276595744681 0.52490234375 0.057750759878419454 0.03125
0 0.6968085106382979 0.48876953125 0.067629179331307 0.02197265625
0 0.6360182370820668 0.26171875 0.05167173252279635 0.033203125
0 0.6337386018237082 0.3212890625 0.041033434650455926 0.02587890625
0 0.6367781155015197 0.51416015625 0.04711246200607903 0.03564453125
0 0.6382978723404256 0.55810546875 0.05319148936170213 0.02587890625
0 0.6405775075987842 0.6259765625 0.05851063829787234 0.02685546875
0 0.6405775075987842 0.6630859375 0.0547112462006079 0.025390625
0 0.6390577507598785 0.72265625 0.06382978723404255 0.0302734375
0 0.6405775075987842 0.763671875 0.060790273556231005 0.02978515625
0 0.6382978723404256 0.8173828125 0.053951367781155016 0.02978515625
0 0.6436170212765957 0.884765625 0.05623100303951368 0.0380859375
0 0.5835866261398176 0.92236328125 0.06534954407294832 0.03125
0 0.5805471124620061 0.87548828125 0.06306990881458967 0.02685546875
0 0.5775075987841946 0.830078125 0.05851063829787234 0.025390625
0 0.5767477203647416 0.7529296875 0.05927051671732523 0.0361328125
0 0.5775075987841946 0.6884765625 0.053951367781155016 0.0283203125
0 0.5759878419452887 0.66259765625 0.05319148936170213 0.02294921875
0 0.5752279635258358 0.5341796875 0.06003039513677812 0.02392578125
0 0.5790273556231003 0.55859375 0.05547112462006079 0.01953125
0 0.5759878419452887 0.478515625 0.06155015197568389 0.03173828125
0 0.5706686930091185 0.43896484375 0.06306990881458967 0.03173828125
0 0.506838905775076 0.30810546875 0.05623100303951368 0.0322265625
0 0.5098784194528876 0.46923828125 0.04711246200607903 0.03271484375
0 0.513677811550152 0.5712890625 0.06382978723404255 0.02783203125
0 0.506838905775076 0.59228515625 0.05927051671732523 0.02099609375
0 0.5106382978723404 0.64111328125 0.056990881458966566 0.03125
0 0.5091185410334347 0.67236328125 0.060790273556231005 0.02685546875
0 0.5159574468085106 0.775390625 0.056990881458966566 0.0263671875
0 0.5144376899696048 0.8330078125 0.05623100303951368 0.03564453125
0 0.45288753799392095 0.92138671875 0.06382978723404255 0.02783203125
0 0.45364741641337386 0.89599609375 0.06382978723404255 0.025390625
0 0.44984802431610943 0.80908203125 0.06231003039513678 0.02783203125
0 0.4513677811550152 0.77587890625 0.057750759878419454 0.03759765625
0 0.4490881458966565 0.7275390625 0.0547112462006079 0.03466796875
0 0.44984802431610943 0.69287109375 0.053951367781155016 0.03125
0 0.44680851063829785 0.6259765625 0.05015197568389058 0.02197265625
0 0.44680851063829785 0.5751953125 0.053951367781155016 0.02734375
0 0.44756838905775076 0.4775390625 0.056990881458966566 0.02783203125
0 0.44680851063829785 0.4462890625 0.056990881458966566 0.03369140625
0 0.44224924012158057 0.310546875 0.056990881458966566 0.02783203125
0 0.4376899696048632 0.26220703125 0.053951367781155016 0.0302734375
0 0.3791793313069909 0.3076171875 0.050911854103343465 0.04248046875
0 0.37537993920972645 0.3798828125 0.06155015197568389 0.0341796875
0 0.3761398176291793 0.41455078125 0.05319148936170213 0.03564453125
0 0.38069908814589665 0.4501953125 0.06155015197568389 0.0302734375
0 0.3776595744680851 0.4873046875 0.05319148936170213 0.02734375
0 0.38069908814589665 0.6064453125 0.053951367781155016 0.029296875
0 0.38145896656534956 0.63671875 0.05319148936170213 0.0400390625
0 0.38145896656534956 0.673828125 0.05319148936170213 0.02978515625
0 0.385258358662614 0.69921875 0.06155015197568389 0.02490234375
0 0.3844984802431611 0.78076171875 0.06003039513677812 0.0302734375
0 0.38753799392097266 0.82763671875 0.05167173252279635 0.02783203125
0 0.3882978723404255 0.90771484375 0.047872340425531915 0.037109375
0 0.32370820668693007 0.9013671875 0.05623100303951368 0.01953125
0 0.3252279635258359 0.92431640625 0.060790273556231005 0.02294921875
0 0.324468085106383 0.8359375 0.05927051671732523 0.03515625
0 0.3221884498480243 0.77099609375 0.06155015197568389 0.025390625
0 0.3252279635258359 0.73193359375 0.05851063829787234 0.03759765625
0 0.31990881458966564 0.630859375 0.053951367781155016 0.03759765625
0 0.32142857142857145 0.5791015625 0.05851063829787234 0.02880859375
0 0.31458966565349544 0.533203125 0.05319148936170213 0.02685546875
0 0.3161094224924012 0.490234375 0.056990881458966566 0.02734375
0 0.3130699088145897 0.4638671875 0.0547112462006079 0.02392578125
0 0.3130699088145897 0.4404296875 0.05623100303951368 0.0224609375
0 0.3069908814589666 0.35498046875 0.0486322188449848 0.02490234375
0 0.30775075987841943 0.32861328125 0.060790273556231005 0.03125
0 0.31155015197568386 0.25732421875 0.050911854103343465 0.02880859375
0 0.3175628358662614 0.3092670126953125 0.3377242082066869 0.31001474658203126 0.33578559270516717 0.2723788154296875 0.28346459802431606 0.271851763671875 0.28499448404255323 0.29530932275390626 0.31446110030395136 0.29555857470703123 0.3175628358662614 0.3092670126953125
0 0.17857142857142858 0.3203125 0.05851063829787234 0.03076171875
0 0.1778115501519757 0.3701171875 0.05623100303951368 0.02685546875
0 0.18161094224924013 0.41650390625 0.05015197568389058 0.02099609375
0 0.18085106382978725 0.43896484375 0.05167173252279635 0.01904296875
0 0.18085106382978725 0.4638671875 0.06003039513677812 0.0224609375
0 0.18541033434650456 0.48779296875 0.05167173252279635 0.0224609375
0 0.1831306990881459 0.513671875 0.05927051671732523 0.0224609375
0 0.18465045592705168 0.5400390625 0.06231003039513678 0.02734375
0 0.18465045592705168 0.6298828125 0.05927051671732523 0.02783203125
0 0.189209726443769 0.65673828125 0.05851063829787234 0.02587890625
0 0.19300911854103345 0.68212890625 0.05623100303951368 0.02587890625
0 0.18768996960486323 0.7275390625 0.06003039513677812 0.02783203125
0 0.19072948328267478 0.75390625 0.053951367781155016 0.02294921875
0 0.2553191489361702 0.74462890625 0.057750759878419454 0.0263671875
0 0.1952887537993921 0.8134765625 0.05547112462006079 0.02783203125
0 0.1952887537993921 0.8408203125 0.056990881458966566 0.0234375
0 0.196048632218845 0.86474609375 0.06838905775075987 0.0234375
0 0.19148936170212766 0.890625 0.05623100303951368 0.0244140625
0 0.256838905775076 0.84716796875 0.05243161094224924 0.029296875
0 0.25379939209726443 0.70654296875 0.05319148936170213 0.02783203125
0 0.25227963525835867 0.673828125 0.05319148936170213 0.03271484375
0 0.2560790273556231 0.646484375 0.05547112462006079 0.02099609375
0 0.25 0.6279296875 0.0547112462006079 0.01904296875
0 0.2507598784194529 0.568359375 0.057750759878419454 0.02734375
0 0.24696048632218845 0.5244140625 0.05319148936170213 0.02587890625
0 0.24696048632218845 0.49462890625 0.05623100303951368 0.02978515625
0 0.24620060790273557 0.46484375 0.050911854103343465 0.02880859375
0 0.2439209726443769 0.435546875 0.05167173252279635 0.0283203125
0 0.24240121580547114 0.36865234375 0.050911854103343465 0.0361328125
0 0.24240121580547114 0.30078125 0.04711246200607903 0.0283203125
1 0.9164133738601824 0.2568359375 0.016717325227963525 0.0263671875
1 0.9156534954407295 0.28369140625 0.017477203647416412 0.02880859375
1 0.7819148936170213 0.2578125 0.013677811550151976 0.02880859375
1 0.9141337386018237 0.328125 0.016717325227963525 0.02783203125
1 0.851063829787234 0.34130859375 0.018996960486322188 0.0185546875
1 0.8525835866261399 0.36669921875 0.019756838905775075 0.0234375
1 0.9148936170212766 0.3544921875 0.017477203647416412 0.017578125
1 0.9141337386018237 0.38623046875 0.0182370820668693 0.02734375
1 0.9148936170212766 0.41259765625 0.015197568389057751 0.01416015625
1 0.8525835866261399 0.392578125 0.020516717325227963 0.0224609375
1 0.8586626139817629 0.43408203125 0.0243161094224924 0.0419921875
1 0.9202127659574468 0.4521484375 0.018996960486322188 0.0263671875
1 0.7857142857142857 0.443359375 0.02127659574468085 0.0224609375
1 0.7857142857142857 0.46923828125 0.015957446808510637 0.0263671875
1 0.7872340425531915 0.4970703125 0.018996960486322188 0.025390625
1 0.9202127659574468 0.50732421875 0.017477203647416412 0.01708984375
1 0.9224924012158054 0.52978515625 0.017477203647416412 0.01806640625
1 0.7925531914893617 0.5244140625 0.022036474164133738 0.0263671875
1 0.7895136778115501 0.54638671875 0.014437689969604863 0.0166015625
1 0.7811550151975684 0.33349609375 0.017477203647416412 0.025390625
1 0.8548632218844985 0.5185546875 0.019756838905775075 0.0126953125
1 0.8571428571428571 0.57080078125 0.019756838905775075 0.02197265625
1 0.8548632218844985 0.59619140625 0.017477203647416412 0.0263671875
1 0.9232522796352584 0.599609375 0.02127659574468085 0.01953125
1 0.9224924012158054 0.6240234375 0.013677811550151976 0.0234375
1 0.8556231003039514 0.63525390625 0.020516717325227963 0.02734375
1 0.9232522796352584 0.66064453125 0.022036474164133738 0.0234375
1 0.8533434650455927 0.6875 0.015197568389057751 0.01953125
1 0.8525835866261399 0.7138671875 0.022796352583586626 0.025390625
1 0.9240121580547113 0.7138671875 0.017477203647416412 0.0234375
1 0.9209726443768997 0.740234375 0.0182370820668693 0.02392578125
1 0.8556231003039514 0.75 0.022036474164133738 0.02392578125
1 0.9240121580547113 0.783203125 0.017477203647416412 0.02294921875
1 0.8609422492401215 0.79833984375 0.02127659574468085 0.0283203125
1 0.9240121580547113 0.82177734375 0.014437689969604863 0.02001953125
1 0.8617021276595744 0.82421875 0.018996960486322188 0.0224609375
1 0.9247720364741642 0.84716796875 0.016717325227963525 0.0234375
1 0.9224924012158054 0.8681640625 0.012917933130699088 0.0146484375
1 0.8594224924012158 0.87158203125 0.018996960486322188 0.0126953125
1 0.8609422492401215 0.89697265625 0.022796352583586626 0.025390625
1 0.9247720364741642 0.9150390625 0.019756838905775075 0.03173828125
1 0.791033434650456 0.91650390625 0.022036474164133738 0.02978515625
1 0.7917933130699089 0.86083984375 0.018996960486322188 0.0263671875
1 0.7917933130699089 0.81494140625 0.016717325227963525 0.02294921875
1 0.7933130699088146 0.77685546875 0.019756838905775075 0.01318359375
1 0.7925531914893617 0.75537109375 0.018996960486322188 0.02587890625
1 0.7933130699088146 0.7119140625 0.022036474164133738 0.01904296875
1 0.790273556231003 0.6875 0.018996960486322188 0.0166015625
1 0.7917933130699089 0.66845703125 0.028875379939209727 0.01953125
1 0.7879939209726444 0.63427734375 0.02127659574468085 0.0224609375
1 0.7864741641337386 0.60498046875 0.020516717325227963 0.03662109375
1 0.7241641337386018 0.37646484375 0.023556231003039513 0.02392578125
1 0.7196048632218845 0.4169921875 0.0182370820668693 0.02197265625
1 0.7142857142857143 0.322265625 0.020516717325227963 0.0205078125
1 0.7218844984802432 0.26318359375 0.0182370820668693 0.03271484375
1 0.6512158054711246 0.263671875 0.017477203647416412 0.033203125
1 0.648176291793313 0.32080078125 0.014437689969604863 0.0234375
1 0.6519756838905775 0.3798828125 0.013677811550151976 0.0380859375
1 0.6527355623100304 0.421875 0.016717325227963525 0.01904296875
1 0.6565349544072948 0.447265625 0.0243161094224924 0.03076171875
1 0.7218844984802432 0.48876953125 0.015957446808510637 0.0185546875
1 0.7211246200607903 0.5234375 0.017477203647416412 0.0263671875
1 0.7226443768996961 0.55810546875 0.015957446808510637 0.0224609375
1 0.7287234042553191 0.5810546875 0.029635258358662615 0.0224609375
1 0.7249240121580547 0.6240234375 0.0182370820668693 0.03515625
1 0.723404255319149 0.6494140625 0.014437689969604863 0.0126953125
1 0.7272036474164134 0.677734375 0.022796352583586626 0.0244140625
1 0.729483282674772 0.74365234375 0.02507598784194529 0.03125
1 0.7264437689969605 0.79443359375 0.023556231003039513 0.0302734375
1 0.7256838905775076 0.818359375 0.015957446808510637 0.013671875
1 0.7249240121580547 0.85595703125 0.013677811550151976 0.0244140625
1 0.723404255319149 0.8818359375 0.016717325227963525 0.02392578125
1 0.7256838905775076 0.90185546875 0.019756838905775075 0.01416015625
1 0.6610942249240122 0.88427734375 0.019756838905775075 0.029296875
1 0.5987841945288754 0.873046875 0.022036474164133738 0.0234375
1 0.6025835866261399 0.919921875 0.0182370820668693 0.02783203125
1 0.5972644376899696 0.82958984375 0.02127659574468085 0.02587890625
1 0.6572948328267477 0.81689453125 0.016717325227963525 0.02880859375
1 0.6588145896656535 0.76220703125 0.017477203647416412 0.025390625
1 0.6580547112462006 0.72265625 0.020516717325227963 0.02978515625
1 0.6572948328267477 0.6591796875 0.022036474164133738 0.01513671875
1 0.6557750759878419 0.62646484375 0.020516717325227963 0.025390625
1 0.6550151975683891 0.55517578125 0.02127659574468085 0.0185546875
1 0.6504559270516718 0.5107421875 0.0182370820668693 0.0244140625
1 0.5919452887537994 0.35302734375 0.017477203647416412 0.0126953125
1 0.5934650455927052 0.37841796875 0.017477203647416412 0.02880859375
1 0.5889057750759878 0.306640625 0.02127659574468085 0.0283203125
1 0.5911854103343465 0.2646484375 0.02127659574468085 0.0400390625
1 0.5235562310030395 0.30517578125 0.019756838905775075 0.02490234375
1 0.5911854103343465 0.44091796875 0.017477203647416412 0.03271484375
1 0.5919452887537994 0.4794921875 0.02507598784194529 0.03173828125
1 0.5942249240121581 0.53173828125 0.019756838905775075 0.02685546875
1 0.5934650455927052 0.5556640625 0.019756838905775075 0.01611328125
1 0.5942249240121581 0.6640625 0.0182370820668693 0.017578125
1 0.5942249240121581 0.68896484375 0.018996960486322188 0.029296875
1 0.5965045592705167 0.75341796875 0.022036474164133738 0.033203125
1 0.5334346504559271 0.77490234375 0.018996960486322188 0.02880859375
1 0.5273556231003039 0.67236328125 0.018996960486322188 0.02734375
1 0.5319148936170213 0.6396484375 0.022036474164133738 0.02783203125
1 0.5281155015197568 0.59423828125 0.015957446808510637 0.02099609375
1 0.5311550151975684 0.5732421875 0.02127659574468085 0.02880859375
1 0.5243161094224924 0.4697265625 0.014437689969604863 0.02099609375
1 0.4566869300911854 0.25927734375 0.013677811550151976 0.0205078125
1 0.45896656534954405 0.30615234375 0.016717325227963525 0.02197265625
1 0.3958966565349544 0.37939453125 0.0243161094224924 0.0361328125
1 0.39209726443769 0.40869140625 0.013677811550151976 0.01513671875
1 0.4635258358662614 0.44580078125 0.014437689969604863 0.0341796875
1 0.4627659574468085 0.4775390625 0.02127659574468085 0.02587890625
1 0.4642857142857143 0.57568359375 0.0182370820668693 0.0263671875
1 0.46656534954407297 0.6259765625 0.014437689969604863 0.0224609375
1 0.4635258358662614 0.69091796875 0.02127659574468085 0.0302734375
1 0.4635258358662614 0.72216796875 0.016717325227963525 0.02783203125
1 0.4696048632218845 0.77490234375 0.02507598784194529 0.0361328125
1 0.46808510638297873 0.80712890625 0.016717325227963525 0.02685546875
1 0.5334346504559271 0.8330078125 0.0182370820668693 0.03466796875
1 0.4734042553191489 0.8935546875 0.016717325227963525 0.01806640625
1 0.4749240121580547 0.919921875 0.017477203647416412 0.02587890625
1 0.40425531914893614 0.9072265625 0.018996960486322188 0.03662109375
1 0.40425531914893614 0.8251953125 0.015957446808510637 0.02294921875
1 0.40501519756838905 0.77978515625 0.016717325227963525 0.015625
1 0.4034954407294833 0.69970703125 0.022796352583586626 0.0263671875
1 0.4004559270516717 0.67138671875 0.022796352583586626 0.025390625
1 0.3966565349544073 0.630859375 0.02127659574468085 0.02783203125
1 0.3981762917933131 0.603515625 0.020516717325227963 0.02294921875
1 0.3943768996960486 0.48486328125 0.017477203647416412 0.02392578125
1 0.3966565349544073 0.4482421875 0.022796352583586626 0.0263671875
1 0.3229483282674772 0.3515625 0.012917933130699088 0.0166015625
1 0.32598784194528874 0.328125 0.0182370820668693 0.0263671875
1 0.3913373860182371 0.30126953125 0.014437689969604863 0.029296875
1 0.324468085106383 0.29248046875 0.017477203647416412 0.03466796875
1 0.3282674772036474 0.2587890625 0.023556231003039513 0.02978515625
1 0.2591185410334346 0.30029296875 0.015957446808510637 0.02880859375
1 0.1945288753799392 0.31787109375 0.017477203647416412 0.025390625
1 0.19680851063829788 0.36669921875 0.015197568389057751 0.02294921875
1 0.25835866261398177 0.37109375 0.0182370820668693 0.03125
1 0.19680851063829788 0.41845703125 0.017477203647416412 0.0166015625
1 0.256838905775076 0.4365234375 0.022036474164133738 0.02880859375
1 0.19984802431610943 0.4384765625 0.015957446808510637 0.02001953125
1 0.2006079027355623 0.46240234375 0.017477203647416412 0.0244140625
1 0.25835866261398177 0.4658203125 0.015957446808510637 0.02783203125
1 0.26443768996960487 0.49560546875 0.0182370820668693 0.029296875
1 0.19984802431610943 0.48681640625 0.020516717325227963 0.02099609375
1 0.20212765957446807 0.51171875 0.019756838905775075 0.02392578125
1 0.20440729483282674 0.5400390625 0.022036474164133738 0.02880859375
1 0.2674772036474164 0.56689453125 0.018996960486322188 0.025390625
1 0.20516717325227962 0.630859375 0.015957446808510637 0.0263671875
1 0.2651975683890577 0.62646484375 0.02507598784194529 0.01904296875
1 0.2712765957446808 0.64501953125 0.025835866261398176 0.02099609375
1 0.20516717325227962 0.65673828125 0.0243161094224924 0.021484375
1 0.2682370820668693 0.673828125 0.022036474164133738 0.02978515625
1 0.20820668693009117 0.681640625 0.02735562310030395 0.02685546875
1 0.270516717325228 0.70654296875 0.017477203647416412 0.0263671875
1 0.20820668693009117 0.72802734375 0.020516717325227963 0.0244140625
1 0.27583586626139817 0.7431640625 0.025835866261398176 0.02392578125
1 0.20820668693009117 0.75390625 0.012917933130699088 0.02001953125
1 0.3411854103343465 0.73193359375 0.0182370820668693 0.0390625
1 0.3427051671732523 0.77001953125 0.0243161094224924 0.0283203125
1 0.27583586626139817 0.8466796875 0.015197568389057751 0.025390625
1 0.34194528875379937 0.83447265625 0.018996960486322188 0.03564453125
1 0.21048632218844984 0.81494140625 0.019756838905775075 0.0234375
1 0.21124620060790272 0.8388671875 0.020516717325227963 0.02392578125
1 0.21504559270516718 0.86572265625 0.02735562310030395 0.0234375
1 0.21200607902735563 0.88818359375 0.015197568389057751 0.02099609375
1 0.34574468085106386 0.89990234375 0.016717325227963525 0.021484375
1 0.3434650455927052 0.92236328125 0.019756838905775075 0.01953125
1 0.331306990881459 0.52783203125 0.012917933130699088 0.01513671875
1 0.3351063829787234 0.57763671875 0.019756838905775075 0.02734375
1 0.3373860182370821 0.6318359375 0.02127659574468085 0.0380859375
1 0.331306990881459 0.48779296875 0.016717325227963525 0.0244140625
1 0.3290273556231003 0.46240234375 0.015197568389057751 0.01708984375
1 0.3305471124620061 0.43994140625 0.015957446808510637 0.02099609375
1 0.26443768996960487 0.52294921875 0.015197568389057751 0.02392578125