0 0.8924731182795699 0.189208984375 0.10090984284532671 0.0439453125
0 0.8933002481389578 0.251220703125 0.09594706368899918 0.02783203125
0 0.8937138130686518 0.282958984375 0.09511993382961124 0.03466796875
0 0.9011579818031431 0.373779296875 0.09842845326716294 0.04345703125
0 0.8978494623655914 0.785888671875 0.10256410256410256 0.02783203125
0 0.8995037220843672 0.823486328125 0.10669975186104218 0.04638671875
0 0.8085194375516956 0.741943359375 0.09098428453267163 0.04541015625
0 0.8064516129032258 0.613037109375 0.08850289495450786 0.04248046875
0 0.803556658395368 0.369873046875 0.0827129859387924 0.04248046875
0 0.80479735318445 0.326904296875 0.08023159636062861 0.04248046875
0 0.7969396195202647 0.206787109375 0.08519437551695616 0.04296875
0 0.7162944582299421 0.074951171875 0.06947890818858561 0.037109375
0 0.630272952853598 0.07373046875 0.0827129859387924 0.03662109375
0 0.6319272125723738 0.11279296875 0.07857733664185278 0.041015625
0 0.6389578163771712 0.20361328125 0.0827129859387924 0.03515625
0 0.6397849462365591 0.23681640625 0.07278742762613731 0.03173828125
0 0.7229114971050455 0.421142578125 0.08436724565756824 0.03564453125
0 0.7204301075268817 0.773681640625 0.0827129859387924 0.0439453125
0 0.6418527708850289 0.66455078125 0.08767576509511993 0.02685546875
0 0.6397849462365591 0.62939453125 0.09429280397022333 0.0419921875
0 0.6360628618693135 0.5009765625 0.0827129859387924 0.03515625
0 0.6352357320099256 0.41015625 0.09181141439205956 0.0478515625
0 0.5471464019851117 0.17578125 0.08850289495450786 0.0419921875
0 0.5554177005789909 0.240478515625 0.09015715467328371 0.02734375
0 0.5492142266335814 0.3271484375 0.0934656741108354 0.03857421875
0 0.5475599669148056 0.693359375 0.09842845326716294 0.03564453125
0 0.5496277915632755 0.78759765625 0.08436724565756824 0.04052734375
0 0.46608767576509513 0.8798828125 0.09263854425144748 0.04052734375
0 0.4627791563275434 0.62890625 0.08602150537634409 0.03564453125
0 0.46567411083540117 0.6630859375 0.0827129859387924 0.0302734375
0 0.46443341604631927 0.57470703125 0.07857733664185278 0.037109375
0 0.46484698097601324 0.412353515625 0.08105872622001654 0.0341796875
0 0.46319272125723737 0.384033203125 0.08105872622001654 0.02197265625
0 0.46236559139784944 0.255126953125 0.08850289495450786 0.03662109375
0 0.37882547559966917 0.171630859375 0.08105872622001654 0.0341796875
0 0.3784119106699752 0.205810546875 0.09181141439205956 0.03369140625
0 0.3775847808105873 0.294189453125 0.08436724565756824 0.0341796875
0 0.3759305210918114 0.260498046875 0.07526881720430108 0.0302734375
0 0.3763440860215054 0.384033203125 0.08850289495450786 0.04248046875
0 0.2969396195202647 0.784423828125 0.08188585607940446 0.0380859375
0 0.29818031430934655 0.686767578125 0.08519437551695616 0.04248046875
0 0.29652605459057074 0.652099609375 0.08684863523573201 0.03125
0 0.2998345740281224 0.48046875 0.08602150537634409 0.04345703125
0 0.29404466501240695 0.379638671875 0.07775020678246485 0.0390625
0 0.29280397022332505 0.278564453125 0.08354011579818031 0.03564453125
0 0.293631100082713 0.10498046875 0.09842845326716294 0.0439453125
0 0.2923904052936311 0.0693359375 0.08354011579818031 0.02978515625
0 0.20347394540942929 0.078125 0.07857733664185278 0.0400390625
0 0.11952026468155501 0.07421875 0.08354011579818031 0.03076171875
0 0.20636889991728702 0.14990234375 0.08023159636062861 0.0302734375
0 0.20347394540942929 0.189453125 0.08602150537634409 0.03759765625
0 0.21464019851116625 0.4072265625 0.09015715467328371 0.0341796875
0 0.21753515301902399 0.443359375 0.09511993382961124 0.03759765625
0 0.21257237386269645 0.52490234375 0.0827129859387924 0.03369140625
0 0.2142266335814723 0.55810546875 0.0827129859387924 0.0283203125
0 0.20967741935483872 0.7431640625 0.08188585607940446 0.03271484375
0 0.21050454921422662 0.845703125 0.08354011579818031 0.03271484375
0 0.13316790736145576 0.86865234375 0.07857733664185278 0.03857421875
0 0.1327543424317618 0.81884765625 0.08105872622001654 0.0361328125
0 0.13564929693961952 0.78857421875 0.07526881720430108 0.02783203125
0 0.1294458229942101 0.73291015625 0.07857733664185278 0.04296875
0 0.1282051282051282 0.671875 0.08850289495450786 0.04248046875
0 0.13234077750206782 0.60888671875 0.07361455748552523 0.0390625
0 0.1282051282051282 0.4970703125 0.08519437551695616 0.04052734375
0 0.12696443341604632 0.20751953125 0.08519437551695616 0.02978515625
0 0.12158808933002481 0.11083984375 0.08105872622001654 0.04296875
0 0.060502579818031435 0.1534354296875 0.07092732754342432 0.17398282373046875 0.09043786435070306 0.16979577587890626 0.0909148329197684 0.14442528955078124 0.08594635566583954 0.12164748193359375 0.0204114582299421 0.1240512998046875 0.02311809842845327 0.15490774560546874 0.060502579818031435 0.1534354296875
0 0.08808860049627791 0.19409842626953125 0.08998512737799834 0.17523591845703124 0.06724700744416873 0.17402074658203126 0.05688652688172043 0.1556468818359375 0.019518708850289494 0.156121076171875 0.021282975186104218 0.196598658203125 0.06244417783291977 0.19834871240234375 0.08808860049627791 0.19409842626953125
0 0.05459057071960298 0.328857421875 0.06286186931348221 0.03271484375
0 0.05665839536807279 0.632568359375 0.05955334987593052 0.04248046875
0 0.6360628618693135 0.71630859375 0.08105872622001654 0.03369140625
0 0.6352357320099256 0.75048828125 0.0794044665012407 0.03662109375
1 0.9189412737799835 0.1875 0.04052936311000827 0.0380859375
1 0.9222497932175352 0.24951171875 0.02977667493796526 0.02587890625
1 0.9214226633581473 0.275390625 0.030603804797353185 0.02099609375
1 0.9284532671629446 0.37158203125 0.036393713813068655 0.03564453125
1 0.8275434243176178 0.36865234375 0.03143093465674111 0.03662109375
1 0.826302729528536 0.33056640625 0.02977667493796526 0.0341796875
1 0.825889164598842 0.20263671875 0.02315963606286187 0.0263671875
1 0.7340777502067825 0.07177734375 0.033085194375516956 0.02783203125
1 0.652605459057072 0.075439453125 0.030603804797353185 0.033203125
1 0.652605459057072 0.105224609375 0.023986765922249794 0.0205078125
1 0.662944582299421 0.201904296875 0.030603804797353185 0.029296875
1 0.6596360628618693 0.233642578125 0.03225806451612903 0.0234375
1 0.7435897435897436 0.4208984375 0.03722084367245657 0.03271484375
1 0.6608767576509512 0.409912109375 0.03887510339123242 0.04736328125
1 0.6617038875103392 0.500732421875 0.02315963606286187 0.02197265625
1 0.8279569892473119 0.61328125 0.03722084367245657 0.03125
1 0.8341604631927213 0.740234375 0.0380479735318445 0.03466796875
1 0.7464846980976013 0.7705078125 0.030603804797353185 0.033203125
1 0.9218362282878412 0.7861328125 0.0413564929693962 0.02587890625
1 0.9259718775847808 0.822265625 0.033085194375516956 0.0439453125
1 0.5748552522746071 0.784423828125 0.02729528535980149 0.03466796875
1 0.6608767576509512 0.744384765625 0.02481389578163772 0.02099609375
1 0.6588089330024814 0.715576171875 0.028122415219189414 0.02880859375
1 0.6691480562448304 0.661865234375 0.033085194375516956 0.0205078125
1 0.6679073614557486 0.630126953125 0.02977667493796526 0.03466796875
1 0.5727874276261373 0.175537109375 0.02977667493796526 0.0341796875
1 0.5752688172043011 0.237060546875 0.036393713813068655 0.01953125
1 0.5773366418527709 0.326904296875 0.02977667493796526 0.03271484375
1 0.4904880066170389 0.384765625 0.028949545078577336 0.0205078125
1 0.49255583126550867 0.408203125 0.026468155500413565 0.02392578125
1 0.4867659222497932 0.576416015625 0.030603804797353185 0.03173828125
1 0.4933829611248966 0.62939453125 0.026468155500413565 0.03271484375
1 0.4904880066170389 0.662841796875 0.026468155500413565 0.02880859375
1 0.5732009925558312 0.688720703125 0.03391232423490488 0.02685546875
1 0.49421009098428453 0.87744140625 0.03556658395368073 0.03369140625
1 0.3225806451612903 0.783203125 0.03143093465674111 0.03662109375
1 0.23366418527708852 0.739501953125 0.02977667493796526 0.02294921875
1 0.326302729528536 0.678955078125 0.03225806451612903 0.02685546875
1 0.3250620347394541 0.647216796875 0.030603804797353185 0.01953125
1 0.3225806451612903 0.478271484375 0.03225806451612903 0.03857421875
1 0.32051282051282054 0.380126953125 0.021505376344086023 0.03515625
1 0.40363937138130684 0.38232421875 0.03143093465674111 0.03564453125
1 0.4057071960297767 0.2939453125 0.033085194375516956 0.03271484375
1 0.3999172870140612 0.2607421875 0.02977667493796526 0.0185546875
1 0.40157154673283707 0.20849609375 0.03225806451612903 0.0302734375
1 0.40198511166253104 0.169921875 0.028122415219189414 0.03076171875
1 0.3217535153019024 0.102783203125 0.0380479735318445 0.04052734375
1 0.3196856906534326 0.069580078125 0.021505376344086023 0.02587890625
1 0.22952853598014888 0.073486328125 0.023986765922249794 0.02490234375
1 0.23035566583953682 0.149169921875 0.028949545078577336 0.0244140625
1 0.22994210090984285 0.189208984375 0.033085194375516956 0.033203125
1 0.1501240694789082 0.209228515625 0.03143093465674111 0.0205078125
1 0.07568238213399504 0.1845703125 0.026468155500413565 0.0185546875
1 0.07485525227460711 0.14697265625 0.028122415219189414 0.046875
1 0.14309346567411083 0.107666015625 0.033085194375516956 0.03271484375
1 0.14516129032258066 0.073486328125 0.030603804797353185 0.02978515625
1 0.06823821339950373 0.326171875 0.02481389578163772 0.0205078125
1 0.24028122415219189 0.406982421875 0.033085194375516956 0.03125
1 0.24276261373035565 0.435302734375 0.03887510339123242 0.01806640625
1 0.15301902398676592 0.500732421875 0.02977667493796526 0.0283203125
1 0.23821339950372208 0.524169921875 0.028949545078577336 0.03076171875
1 0.23738626964433415 0.558349609375 0.028122415219189414 0.029296875
1 0.15053763440860216 0.608154296875 0.026468155500413565 0.0341796875
1 0.1555004135649297 0.674072265625 0.028949545078577336 0.03564453125
1 0.15384615384615385 0.731201171875 0.028949545078577336 0.037109375
1 0.15798180314309346 0.787841796875 0.028122415219189414 0.02392578125
1 0.1575682382133995 0.819091796875 0.026468155500413565 0.0302734375
1 0.23862696443341605 0.845458984375 0.02729528535980149 0.0283203125
1 0.15632754342431762 0.866455078125 0.030603804797353185 0.03564453125
1 0.07444168734491315 0.63525390625 0.0206782464846981 0.03564453125
1 0.48966087675765096 0.25244140625 0.026468155500413565 0.02587890625
1 0.31927212572373864 0.280029296875 0.026468155500413565 0.029296875