0 0.7712264150943396 0.2568359375 0.06525157232704402 0.03369140625
0 0.7727987421383647 0.3271484375 0.06132075471698113 0.03271484375
0 0.77437106918239 0.3564453125 0.06446540880503145 0.0283203125
0 0.7759433962264151 0.580078125 0.0589622641509434 0.0322265625
0 0.77437106918239 0.6123046875 0.06132075471698113 0.0341796875
0 0.7751572327044025 0.6455078125 0.06761006289308176 0.03076171875
0 0.7783018867924528 0.6806640625 0.0589622641509434 0.037109375
0 0.7020440251572327 0.6796875 0.07075471698113207 0.0341796875
0 0.7004716981132075 0.71630859375 0.06132075471698113 0.0380859375
0 0.3860062893081761 0.2265625 0.06367924528301887 0.03173828125
0 0.09827044025157233 0.2294921875 0.07547169811320754 0.0283203125
0 0.09669811320754718 0.26171875 0.06839622641509434 0.029296875
0 0.17374213836477986 0.4794921875 0.06839622641509434 0.03125
0 0.17374213836477986 0.50927734375 0.06289308176100629 0.033203125
0 0.17452830188679244 0.68359375 0.05267295597484277 0.03271484375
0 0.18160377358490565 0.7177734375 0.059748427672955975 0.03173828125
0 0.18160377358490565 0.75 0.05817610062893082 0.0361328125
0 0.17845911949685533 0.78759765625 0.06367924528301887 0.03369140625
0 0.2507861635220126 0.857421875 0.059748427672955975 0.03125
0 0.25471698113207547 0.89013671875 0.06210691823899371 0.03173828125
0 0.11006289308176101 0.89306640625 0.06918238993710692 0.03076171875
0 0.3278301886792453 0.89208984375 0.0699685534591195 0.03662109375
0 0.3270440251572327 0.8564453125 0.059748427672955975 0.033203125
0 0.32547169811320753 0.71728515625 0.06367924528301887 0.03076171875
0 0.2507861635220126 0.720703125 0.06367924528301887 0.02685546875
0 0.2507861635220126 0.6826171875 0.05738993710691824 0.03515625
0 0.25 0.646484375 0.07232704402515723 0.0322265625
0 0.32075471698113206 0.6142578125 0.06918238993710692 0.02978515625
0 0.3223270440251572 0.64697265625 0.06446540880503145 0.03564453125
0 0.39622641509433965 0.68408203125 0.06682389937106918 0.0390625
0 0.39858490566037735 0.75341796875 0.06761006289308176 0.03173828125
0 0.5416666666666666 0.67822265625 0.06289308176100629 0.0263671875
0 0.539308176100629 0.71240234375 0.060534591194968554 0.0283203125
0 0.539308176100629 0.7490234375 0.0660377358490566 0.03271484375
0 0.5432389937106918 0.78662109375 0.059748427672955975 0.03662109375
0 0.46776729559748426 0.79541015625 0.0589622641509434 0.033203125
0 0.470125786163522 0.76220703125 0.060534591194968554 0.037109375
0 0.4693396226415094 0.72314453125 0.05738993710691824 0.0341796875
0 0.5455974842767296 0.8515625 0.0699685534591195 0.03564453125
0 0.4716981132075472 0.85791015625 0.06446540880503145 0.037109375
0 0.4001572327044025 0.89111328125 0.0660377358490566 0.041015625
0 0.39937106918238996 0.85400390625 0.0589622641509434 0.03076171875
0 0.39937106918238996 0.82275390625 0.06132075471698113 0.0244140625
0 0.3970125786163522 0.7890625 0.0589622641509434 0.033203125
0 0.6147798742138365 0.81884765625 0.0660377358490566 0.033203125
0 0.6155660377358491 0.85302734375 0.06367924528301887 0.03173828125
0 0.6163522012578616 0.88427734375 0.06761006289308176 0.037109375
0 0.7712264150943396 0.85498046875 0.0699685534591195 0.03955078125
0 0.6163522012578616 0.71240234375 0.05581761006289308 0.03515625
0 0.5408805031446541 0.5400390625 0.06367924528301887 0.03759765625
0 0.3946540880503145 0.51123046875 0.05738993710691824 0.0322265625
0 0.3946540880503145 0.54443359375 0.05738993710691824 0.0283203125
0 0.39622641509433965 0.5751953125 0.059748427672955975 0.025390625
0 0.3199685534591195 0.58203125 0.07389937106918239 0.0322265625
0 0.32625786163522014 0.546875 0.0660377358490566 0.03515625
0 0.2429245283018868 0.3955078125 0.06839622641509434 0.03173828125
0 0.2460691823899371 0.431640625 0.06446540880503145 0.04150390625
0 0.24213836477987422 0.3291015625 0.06682389937106918 0.03466796875
0 0.24371069182389937 0.2900390625 0.0660377358490566 0.02490234375
0 0.389937106918239 0.28955078125 0.07625786163522012 0.033203125
0 0.389937106918239 0.32470703125 0.08018867924528301 0.03662109375
0 0.3922955974842767 0.36083984375 0.07232704402515723 0.02880859375
0 0.39622641509433965 0.39794921875 0.0660377358490566 0.02978515625
0 0.38757861635220126 0.43896484375 0.05660377358490566 0.03662109375
0 0.39072327044025157 0.47509765625 0.06367924528301887 0.0283203125
0 0.5400943396226415 0.4677734375 0.060534591194968554 0.04248046875
0 0.6163522012578616 0.40087890625 0.06367924528301887 0.0400390625
0 0.6965408805031447 0.3935546875 0.06918238993710692 0.0341796875
0 0.6988993710691824 0.43408203125 0.0660377358490566 0.03857421875
0 0.5385220125786163 0.35791015625 0.06682389937106918 0.0361328125
0 0.5408805031446541 0.3974609375 0.05738993710691824 0.03125
0 0.539308176100629 0.427734375 0.06446540880503145 0.041015625
0 0.6124213836477987 0.26171875 0.0660377358490566 0.03125
0 0.610062893081761 0.22216796875 0.06210691823899371 0.02783203125
0 0.08254716981132075 0.333984375 0.06761006289308176 0.03125
1 0.7908805031446541 0.25439453125 0.018867924528301886 0.01806640625
1 0.7908805031446541 0.3271484375 0.018081761006289308 0.0322265625
1 0.7885220125786163 0.35400390625 0.026729559748427674 0.021484375
1 0.7955974842767296 0.57958984375 0.02358490566037736 0.02978515625
1 0.7932389937106918 0.61279296875 0.014150943396226415 0.03125
1 0.7924528301886793 0.6455078125 0.01729559748427673 0.025390625
1 0.7948113207547169 0.67919921875 0.02122641509433962 0.0341796875
1 0.7232704402515723 0.6796875 0.026729559748427674 0.03271484375
1 0.7185534591194969 0.716796875 0.019654088050314465 0.0341796875
1 0.6328616352201258 0.7109375 0.01729559748427673 0.03125
1 0.720125786163522 0.4375 0.018867924528301886 0.03759765625
1 0.7193396226415094 0.39111328125 0.0220125786163522 0.02734375
1 0.6320754716981132 0.3935546875 0.020440251572327043 0.02783203125
1 0.5558176100628931 0.38818359375 0.014937106918238994 0.00830078125
1 0.5581761006289309 0.4248046875 0.02122641509433962 0.0439453125
1 0.5566037735849056 0.46435546875 0.019654088050314465 0.03271484375
1 0.5589622641509434 0.5361328125 0.018867924528301886 0.0322265625
1 0.5573899371069182 0.35205078125 0.018081761006289308 0.025390625
1 0.6344339622641509 0.2587890625 0.019654088050314465 0.02685546875
1 0.6289308176100629 0.21728515625 0.0220125786163522 0.015625
1 0.4119496855345912 0.22412109375 0.020440251572327043 0.02685546875
1 0.4143081761006289 0.283203125 0.018081761006289308 0.02197265625
1 0.41273584905660377 0.318359375 0.025157232704402517 0.0224609375
1 0.4111635220125786 0.3564453125 0.02358490566037736 0.0224609375
1 0.41273584905660377 0.39208984375 0.02279874213836478 0.01806640625
1 0.41273584905660377 0.43408203125 0.018867924528301886 0.0302734375
1 0.40959119496855345 0.4697265625 0.01650943396226415 0.0185546875
1 0.4143081761006289 0.5048828125 0.0220125786163522 0.013671875
1 0.4143081761006289 0.54052734375 0.018867924528301886 0.02294921875
1 0.4166666666666667 0.57080078125 0.015723270440251572 0.02099609375
1 0.345125786163522 0.57861328125 0.029874213836477988 0.0185546875
1 0.345125786163522 0.5458984375 0.02830188679245283 0.0341796875
1 0.345125786163522 0.61181640625 0.020440251572327043 0.0341796875
1 0.3411949685534591 0.64697265625 0.02122641509433962 0.03271484375
1 0.4190251572327044 0.67724609375 0.020440251572327043 0.0244140625
1 0.5621069182389937 0.708984375 0.014937106918238994 0.0166015625
1 0.5621069182389937 0.67431640625 0.018081761006289308 0.01806640625
1 0.4858490566037736 0.7236328125 0.026729559748427674 0.03076171875
1 0.34591194968553457 0.716796875 0.02437106918238994 0.02734375
1 0.2696540880503145 0.71630859375 0.02358490566037736 0.021484375
1 0.2696540880503145 0.68212890625 0.020440251572327043 0.033203125
1 0.2720125786163522 0.64208984375 0.02358490566037736 0.0185546875
1 0.1957547169811321 0.68310546875 0.0220125786163522 0.0283203125
1 0.19811320754716982 0.71435546875 0.0220125786163522 0.0244140625
1 0.1957547169811321 0.75048828125 0.020440251572327043 0.03564453125
1 0.19732704402515724 0.78125 0.014150943396226415 0.0166015625
1 0.27044025157232704 0.85791015625 0.013364779874213837 0.0283203125
1 0.34591194968553457 0.8544921875 0.02279874213836478 0.0244140625
1 0.3466981132075472 0.88671875 0.02122641509433962 0.0263671875
1 0.2688679245283019 0.888671875 0.025157232704402517 0.0263671875
1 0.12971698113207547 0.89306640625 0.027515723270440252 0.03173828125
1 0.4913522012578616 0.85546875 0.019654088050314465 0.03369140625
1 0.41745283018867924 0.845703125 0.01650943396226415 0.01904296875
1 0.41823899371069184 0.8798828125 0.018867924528301886 0.02099609375
1 0.42059748427672955 0.8203125 0.02122641509433962 0.0185546875
1 0.42059748427672955 0.7841796875 0.018081761006289308 0.0185546875
1 0.41823899371069184 0.75048828125 0.02122641509433962 0.03125
1 0.4913522012578616 0.77001953125 0.020440251572327043 0.021484375
1 0.4834905660377358 0.7919921875 0.018081761006289308 0.00927734375
1 0.5636792452830188 0.783203125 0.014937106918238994 0.02197265625
1 0.5621069182389937 0.74072265625 0.01729559748427673 0.01708984375
1 0.6383647798742138 0.81787109375 0.0220125786163522 0.02734375
1 0.6352201257861635 0.84912109375 0.01650943396226415 0.0234375
1 0.6360062893081762 0.88330078125 0.019654088050314465 0.03466796875
1 0.7971698113207547 0.8486328125 0.02122641509433962 0.0302734375
1 0.19654088050314467 0.47607421875 0.019654088050314465 0.02587890625
1 0.1949685534591195 0.51025390625 0.020440251572327043 0.02734375
1 0.26808176100628933 0.42919921875 0.018081761006289308 0.037109375
1 0.2665094339622642 0.38720703125 0.0110062893081761 0.01171875
1 0.3380503144654088 0.35888671875 0.01729559748427673 0.0361328125
1 0.34040880503144655 0.39794921875 0.018867924528301886 0.037109375
1 0.264937106918239 0.31689453125 0.015723270440251572 0.0146484375
1 0.2665094339622642 0.28515625 0.019654088050314465 0.01806640625
1 0.10220125786163523 0.328125 0.02437106918238994 0.01904296875
1 0.11871069182389937 0.25830078125 0.019654088050314465 0.01806640625
1 0.11949685534591195 0.22900390625 0.025157232704402517 0.02734375
0 0.3191823899371069 0.35693359375 0.06289308176100629 0.0419921875
0 0.31839622641509435 0.400390625 0.05817610062893082 0.04296875
1 0.5636792452830188 0.8486328125 0.027515723270440252 0.02978515625