0 0.9072642967542504 0.478515625 0.09505409582689335 0.046875
0 0.8040958268933539 0.4560546875 0.09350850077279753 0.04736328125
0 0.7982998454404946 0.504150390625 0.09428129829984544 0.0517578125
0 0.69629057187017 0.555908203125 0.08887171561051005 0.06396484375
0 0.5904173106646059 0.52197265625 0.09814528593508501 0.06103515625
0 0.5927357032457496 0.46923828125 0.1143740340030912 0.05029296875
0 0.5965996908809892 0.41015625 0.09119010819165378 0.04931640625
0 0.5958268933539412 0.36328125 0.10278207109737249 0.048828125
0 0.6959041731066461 0.347900390625 0.09041731066460587 0.048828125
0 0.8033230293663061 0.373046875 0.09273570324574962 0.05126953125
0 0.49265842349304484 0.212646484375 0.07418856259659969 0.04638671875
0 0.49304482225656876 0.25244140625 0.07418856259659969 0.03369140625
0 0.18585780525502318 0.150390625 0.12287480680061824 0.0537109375
0 0.7955950540958269 0.7646484375 0.0919629057187017 0.0498046875
0 0.7998454404945904 0.81298828125 0.08732612055641421 0.0478515625
0 0.9061051004636785 0.716796875 0.07805255023183925 0.05615234375
0 0.9072642967542504 0.587890625 0.07109737248840804 0.05322265625
0 0.9049459041731066 0.6416015625 0.07418856259659969 0.05615234375
0 0.580370942812983 0.83056640625 0.0919629057187017 0.04443359375
0 0.5753477588871716 0.87451171875 0.09428129829984544 0.04052734375
0 0.5722565687789799 0.91162109375 0.10432766615146831 0.0546875
0 0.4795208655332303 0.848876953125 0.08500772797527048 0.0625
0 0.48261205564142196 0.790283203125 0.1035548686244204 0.05810546875
0 0.48299845440494593 0.559326171875 0.11669242658423493 0.056640625
0 0.38678516228748067 0.452880859375 0.10432766615146831 0.05712890625
0 0.3821483771251932 0.401611328125 0.10664605873261206 0.04345703125
0 0.5877125193199382 0.59326171875 0.0919629057187017 0.06298828125
0 0.58887171561051 0.64697265625 0.09969088098918083 0.0458984375
0 0.2724111282843895 0.81494140625 0.09119010819165378 0.04638671875
0 0.2751159196290572 0.8662109375 0.09505409582689335 0.05859375
0 0.1731066460587326 0.860595703125 0.10278207109737249 0.0537109375
0 0.17272024729520866 0.906494140625 0.10200927357032458 0.04345703125
0 0.1804482225656878 0.50537109375 0.10278207109737249 0.0634765625
0 0.17697063369397217 0.445556640625 0.10278207109737249 0.06005859375
0 0.07187017001545595 0.464599609375 0.10123647604327667 0.0546875
0 0.08191653786707882 0.363525390625 0.10510046367851623 0.05810546875
0 0.07418856259659969 0.307861328125 0.10278207109737249 0.05517578125
0 0.18353941267387944 0.28564453125 0.10664605873261206 0.07275390625
0 0.18006182380216385 0.335693359375 0.09814528593508501 0.03369140625
1 0.9381761978361669 0.47509765625 0.027820710973724884 0.03857421875
1 0.9296754250386399 0.586669921875 0.02627511591962906 0.05224609375
1 0.9323802163833076 0.62890625 0.020865533230293665 0.02734375
1 0.9277434312210201 0.713623046875 0.03709428129829984 0.04443359375
1 0.8280525502318392 0.764404296875 0.030911901081916538 0.04638671875
1 0.8261205564142194 0.815673828125 0.02627511591962906 0.04345703125
1 0.6054868624420402 0.826416015625 0.02936630602782071 0.0322265625
1 0.606646058732612 0.864013671875 0.025502318392581144 0.01708984375
1 0.6078052550231839 0.905029296875 0.02627511591962906 0.04296875
1 0.509273570324575 0.834228515625 0.02241112828438949 0.03271484375
1 0.5189335394126738 0.789794921875 0.03709428129829984 0.0322265625
1 0.21136012364760431 0.490966796875 0.03554868624420402 0.0263671875
1 0.20788253477588872 0.445068359375 0.0347758887171561 0.02978515625
1 0.09891808346213292 0.46533203125 0.0285935085007728 0.04833984375
1 0.20247295208655333 0.858642578125 0.03554868624420402 0.04833984375
1 0.20247295208655333 0.896240234375 0.03400309119010819 0.01953125
1 0.2979134466769706 0.848388671875 0.0285935085007728 0.01953125
1 0.2982998454404946 0.810791015625 0.02936630602782071 0.02099609375
1 0.1151468315301391 0.362060546875 0.0347758887171561 0.0537109375
1 0.10471406491499227 0.3115234375 0.03554868624420402 0.04443359375
1 0.21522411128284388 0.288330078125 0.03323029366306028 0.06396484375
1 0.21097372488408037 0.334716796875 0.02936630602782071 0.021484375
1 0.22217928902627512 0.152587890625 0.02627511591962906 0.041015625
1 0.518160741885626 0.210693359375 0.02241112828438949 0.04052734375
1 0.5162287480680062 0.248779296875 0.01854714064914992 0.02880859375
1 0.41615146831530136 0.40478515625 0.03400309119010819 0.03515625
1 0.41731066460587324 0.44873046875 0.03400309119010819 0.03955078125
1 0.517774343122102 0.560302734375 0.03786707882534776 0.05322265625
1 0.6170788253477589 0.595458984375 0.03168469860896445 0.05615234375
1 0.6120556414219475 0.638427734375 0.0285935085007728 0.02880859375
1 0.7225656877897991 0.55859375 0.02472952086553323 0.05810546875
1 0.625579598145286 0.51708984375 0.023183925811437404 0.046875
1 0.6275115919629057 0.470703125 0.02627511591962906 0.04150390625
1 0.6309891808346213 0.4091796875 0.023183925811437404 0.041015625
1 0.6267387944358578 0.361328125 0.03632148377125193 0.04443359375
1 0.723724884080371 0.34619140625 0.030139103554868624 0.04541015625
1 0.8326893353941267 0.376220703125 0.02241112828438949 0.03857421875
1 0.8295981452859351 0.457275390625 0.030911901081916538 0.0419921875
1 0.8299845440494591 0.505126953125 0.023956723338485315 0.04248046875