0 0.7357894736842105 0.18359375 0.037894736842105266 0.02392578125
0 0.6950877192982456 0.18408203125 0.03929824561403509 0.02490234375
0 0.6943859649122807 0.210693359375 0.03859649122807018 0.02294921875
0 0.6936842105263158 0.238037109375 0.037894736842105266 0.02685546875
0 0.6922807017543859 0.263916015625 0.037192982456140354 0.0244140625
0 0.736140350877193 0.27197265625 0.037894736842105266 0.0205078125
0 0.7343859649122807 0.241455078125 0.032280701754385965 0.01416015625
0 0.736140350877193 0.2548828125 0.035789473684210524 0.013671875
0 0.7368421052631579 0.224609375 0.037894736842105266 0.01611328125
0 0.7371929824561404 0.20751953125 0.03929824561403509 0.021484375
0 0.7785964912280702 0.18359375 0.04631578947368421 0.02587890625
0 0.7747368421052632 0.227783203125 0.04 0.0224609375
0 0.8859649122807017 0.317138671875 0.05824561403508772 0.0234375
0 0.8845614035087719 0.348388671875 0.062456140350877196 0.04833984375
0 0.8852631578947369 0.293212890625 0.056140350877192984 0.02783203125
0 0.8887719298245614 0.270263671875 0.056140350877192984 0.021484375
0 0.8873684210526316 0.239990234375 0.056842105263157895 0.03564453125
0 0.8866666666666667 0.203857421875 0.061052631578947365 0.04052734375
0 0.8863157894736842 0.165771484375 0.06736842105263158 0.03955078125
1 0.9066666666666666 0.16259765625 0.017543859649122806 0.03173828125
1 0.9080701754385965 0.1982421875 0.016140350877192983 0.02001953125
1 0.9056140350877193 0.23486328125 0.014736842105263158 0.02587890625
1 0.9063157894736842 0.2666015625 0.011228070175438596 0.01318359375
1 0.9063157894736842 0.29150390625 0.014035087719298246 0.025390625
1 0.9070175438596492 0.31494140625 0.009122807017543859 0.01025390625
1 0.9066666666666666 0.34033203125 0.014035087719298246 0.03125
1 0.7456140350877193 0.26953125 0.01263157894736842 0.01708984375
1 0.7028070175438597 0.26416015625 0.015438596491228071 0.02392578125
1 0.7056140350877192 0.23779296875 0.009122807017543859 0.02197265625
1 0.7473684210526316 0.25341796875 0.011929824561403509 0.0087890625
1 0.7456140350877193 0.240234375 0.009824561403508772 0.01123046875
1 0.7887719298245615 0.2265625 0.01263157894736842 0.02099609375
1 0.7463157894736843 0.208984375 0.010526315789473684 0.021484375
1 0.7473684210526316 0.22607421875 0.009122807017543859 0.01123046875
1 0.7926315789473685 0.1826171875 0.016842105263157894 0.0205078125
1 0.748421052631579 0.18359375 0.013333333333333334 0.0185546875
1 0.7070175438596491 0.18310546875 0.013333333333333334 0.02197265625
1 0.7070175438596491 0.2109375 0.011228070175438596 0.02099609375