0 0.412109375 0.23762981062919974 0.033203125 0.028100183262064753
0 0.41259765625 0.2693952351863164 0.03759765625 0.031154551007941355
0 0.41455078125 0.29688454489920585 0.0400390625 0.021991447770311544
0 0.41455078125 0.3194868662186927 0.041015625 0.020158827122785584
0 0.41455078125 0.339034819792303 0.04150390625 0.023213194868662187
0 0.41455078125 0.36346976175931583 0.03662109375 0.023213194868662187
0 0.41650390625 0.3891264508246793 0.03759765625 0.02626756261453879
0 0.599609375 0.36530238240684176 0.041015625 0.02504581551618815
0 0.6025390625 0.340867440439829 0.0380859375 0.02565668906536347
0 0.60302734375 0.3091020158827123 0.04150390625 0.03481979230299328
0 0.6015625 0.27611484422724497 0.03955078125 0.02748930971288943
0 0.60009765625 0.24679291386682956 0.04345703125 0.030543677458766034
1 0.42431640625 0.23701893708002444 0.009765625 0.02748930971288943
1 0.42333984375 0.2706169822846671 0.009765625 0.029321930360415395
1 0.42626953125 0.29688454489920585 0.013671875 0.020769700671960906
1 0.427734375 0.3164324984728161 0.01220703125 0.012217470983506415
1 0.42626953125 0.33842394624312766 0.01220703125 0.023824068417837508
1 0.4267578125 0.3628588882101405 0.01220703125 0.019547953573610263
1 0.42626953125 0.386682956627978 0.01171875 0.0177153329260843
1 0.61181640625 0.241905925473427 0.01220703125 0.0177153329260843
1 0.6123046875 0.27611484422724497 0.01025390625 0.01710445937690898
1 0.6142578125 0.3091020158827123 0.013671875 0.03176542455711668
1 0.61376953125 0.34025656689065364 0.009765625 0.021380574221136223
1 0.61376953125 0.36163714111178985 0.00830078125 0.015271838729383017