0 0.7737909516380655 0.302734375 0.06162246489859594 0.02734375
0 0.7722308892355694 0.3310546875 0.05070202808112324 0.02880859375
0 0.6989079563182528 0.33544921875 0.06942277691107644 0.03076171875
0 0.6942277691107644 0.37158203125 0.06396255850234009 0.03271484375
0 0.6981279251170047 0.408203125 0.06708268330733229 0.03369140625
0 0.6989079563182528 0.4462890625 0.062402496099843996 0.03076171875
0 0.6942277691107644 0.482421875 0.06396255850234009 0.0341796875
0 0.6965678627145085 0.52001953125 0.06630265210608424 0.033203125
0 0.7761310452418096 0.5517578125 0.05850234009360374 0.0380859375
0 0.6996879875195008 0.30517578125 0.06162246489859594 0.0263671875
0 0.6973478939157566 0.27099609375 0.0655226209048362 0.03564453125
0 0.6950078003120125 0.236328125 0.06162246489859594 0.02880859375
0 0.6131045241809673 0.23974609375 0.06786271450858035 0.03564453125
0 0.6146645865834633 0.27099609375 0.054602184087363496 0.02490234375
0 0.6185647425897036 0.30029296875 0.060842433697347896 0.03369140625
0 0.6170046801872074 0.40576171875 0.05694227769110764 0.03173828125
0 0.609984399375975 0.48046875 0.062402496099843996 0.02880859375
0 0.6146645865834633 0.51416015625 0.07332293291731669 0.03662109375
0 0.6146645865834633 0.54833984375 0.059282371294851796 0.02880859375
0 0.6177847113884556 0.58349609375 0.06630265210608424 0.03662109375
0 0.6146645865834633 0.619140625 0.06708268330733229 0.0322265625
0 0.6965678627145085 0.58447265625 0.06786271450858035 0.03173828125
0 0.7004680187207488 0.61962890625 0.06396255850234009 0.041015625
0 0.7714508580343213 0.68408203125 0.0499219968798752 0.0380859375
0 0.7737909516380655 0.7216796875 0.054602184087363496 0.03369140625
0 0.7706708268330733 0.79052734375 0.05694227769110764 0.03662109375
0 0.6981279251170047 0.78759765625 0.0686427457098284 0.03857421875
0 0.6942277691107644 0.75439453125 0.062402496099843996 0.02783203125
0 0.6162246489859594 0.7568359375 0.06474258970358815 0.0263671875
0 0.6201248049921997 0.78759765625 0.06630265210608424 0.03515625
0 0.6193447737909517 0.8251953125 0.0686427457098284 0.04052734375
0 0.625585023400936 0.892578125 0.06786271450858035 0.0341796875
0 0.546801872074883 0.88818359375 0.06162246489859594 0.03857421875
0 0.5460218408736349 0.82421875 0.059282371294851796 0.03662109375
0 0.5421216848673946 0.7587890625 0.06474258970358815 0.03515625
0 0.5436817472698908 0.6865234375 0.059282371294851796 0.03515625
0 0.6131045241809673 0.72216796875 0.06708268330733229 0.0302734375
0 0.6201248049921997 0.68896484375 0.06630265210608424 0.03662109375
0 0.5405616224648986 0.5810546875 0.06708268330733229 0.03759765625
0 0.702808112324493 0.888671875 0.06630265210608424 0.03564453125
0 0.6981279251170047 0.8232421875 0.06708268330733229 0.029296875
0 0.5452418096723869 0.2353515625 0.05850234009360374 0.029296875
0 0.40249609984399376 0.26806640625 0.06162246489859594 0.03369140625
0 0.32683307332293293 0.2666015625 0.05538221528861154 0.02880859375
0 0.47737909516380655 0.82470703125 0.0530421216848674 0.0283203125
0 0.47581903276131043 0.791015625 0.06162246489859594 0.03759765625
0 0.47425897035881437 0.7216796875 0.06006240249609984 0.03515625
0 0.4765990639625585 0.64990234375 0.062402496099843996 0.0390625
0 0.4040561622464899 0.6533203125 0.05694227769110764 0.0341796875
0 0.4017160686427457 0.689453125 0.06162246489859594 0.0322265625
0 0.4017160686427457 0.7529296875 0.07410296411856475 0.056640625
0 0.4079563182527301 0.82568359375 0.06318252730109204 0.03564453125
0 0.4048361934477379 0.86181640625 0.06162246489859594 0.03173828125
0 0.33073322932917315 0.86083984375 0.07410296411856475 0.029296875
0 0.3361934477379095 0.89404296875 0.07566302652106084 0.03759765625
0 0.328393135725429 0.8271484375 0.0686427457098284 0.0341796875
0 0.33073322932917315 0.794921875 0.06786271450858035 0.03271484375
0 0.26443057722308894 0.79150390625 0.06630265210608424 0.03564453125
0 0.26131045241809675 0.75537109375 0.06630265210608424 0.0361328125
0 0.33229329173166927 0.69189453125 0.06942277691107644 0.03759765625
0 0.33541341653666146 0.65478515625 0.06630265210608424 0.03564453125
0 0.3338533541341654 0.61669921875 0.06006240249609984 0.03125
0 0.33151326053042124 0.58447265625 0.06162246489859594 0.0322265625
0 0.4032761310452418 0.58447265625 0.0717628705148206 0.0419921875
0 0.3291731669266771 0.55078125 0.06786271450858035 0.03076171875
0 0.3291731669266771 0.51953125 0.06786271450858035 0.03466796875
0 0.32605304212168484 0.44677734375 0.062402496099843996 0.03466796875
0 0.3291731669266771 0.37548828125 0.06318252730109204 0.03759765625
0 0.33761642355694227 0.3323496489257812 0.3606327527301092 0.3351621044921875 0.35670315834633387 0.28313177587890626 0.29504697503900157 0.28485874853515625 0.3039338900156006 0.32039673974609373 0.3308799173166927 0.3179358505859375 0.33761642355694227 0.3323496489257812
0 0.25663026521060844 0.26708984375 0.057722308892355696 0.03173828125
0 0.2574102964118565 0.2998046875 0.062402496099843996 0.03125
0 0.18330733229329174 0.26806640625 0.05850234009360374 0.0283203125
0 0.1809672386895476 0.3369140625 0.057722308892355696 0.03955078125
0 0.11388455538221529 0.27099609375 0.05850234009360374 0.04638671875
0 0.11310452418096724 0.3369140625 0.07020280811232449 0.04052734375
0 0.11076443057722309 0.41455078125 0.07098283931357255 0.0439453125
0 0.11544461778471139 0.44873046875 0.06630265210608424 0.02783203125
0 0.10920436817472699 0.4814453125 0.07410296411856475 0.0322265625
0 0.1856474258970359 0.48486328125 0.062402496099843996 0.0439453125
0 0.2550702028081123 0.47900390625 0.0655226209048362 0.03173828125
0 0.2535101404056162 0.44384765625 0.07020280811232449 0.033203125
0 0.2574102964118565 0.4111328125 0.07098283931357255 0.033203125
0 0.1856474258970359 0.408203125 0.06318252730109204 0.03759765625
0 0.2574102964118565 0.51318359375 0.059282371294851796 0.0380859375
0 0.11310452418096724 0.55126953125 0.062402496099843996 0.03759765625
0 0.18954758190327614 0.54638671875 0.07098283931357255 0.03076171875
0 0.11154446177847113 0.6162109375 0.06396255850234009 0.0322265625
0 0.187207488299532 0.6171875 0.06006240249609984 0.02734375
0 0.18408736349453977 0.64990234375 0.06630265210608424 0.0302734375
0 0.10920436817472699 0.65283203125 0.06474258970358815 0.03564453125
0 0.25195007800312014 0.68701171875 0.062402496099843996 0.03369140625
0 0.18642745709828393 0.7197265625 0.06474258970358815 0.03564453125
0 0.10764430577223089 0.72265625 0.0811232449297972 0.0361328125
0 0.18174726989079562 0.7568359375 0.06006240249609984 0.0419921875
0 0.10920436817472699 0.8271484375 0.06942277691107644 0.0341796875
0 0.11700468018720749 0.89501953125 0.0686427457098284 0.037109375
0 0.18798751950078002 0.89599609375 0.06474258970358815 0.0361328125
0 0.26131045241809675 0.89453125 0.06006240249609984 0.0322265625
0 0.2581903276131045 0.85986328125 0.06708268330733229 0.0341796875
0 0.4711388455538221 0.40771484375 0.057722308892355696 0.03955078125
0 0.4703588143525741 0.44384765625 0.06162246489859594 0.02783203125
1 0.7152886115444618 0.23193359375 0.0202808112324493 0.01953125
1 0.7909516380655226 0.30224609375 0.0171606864274571 0.02490234375
1 0.7893915756630265 0.33154296875 0.01638065522620905 0.0302734375
1 0.719188767550702 0.3349609375 0.0249609984399376 0.02734375
1 0.718408736349454 0.30322265625 0.01950078003120125 0.0205078125
1 0.718408736349454 0.26904296875 0.02106084243369735 0.03125
1 0.6333853354134166 0.23974609375 0.01950078003120125 0.03369140625
1 0.5585023400936038 0.2353515625 0.02106084243369735 0.02685546875
1 0.6349453978159126 0.26953125 0.01326053042121685 0.01953125
1 0.6349453978159126 0.29833984375 0.02574102964118565 0.03173828125
1 0.717628705148206 0.365234375 0.01638065522620905 0.01904296875
1 0.717628705148206 0.40185546875 0.014820592823712949 0.0224609375
1 0.6380655226209049 0.40380859375 0.0234009360374415 0.029296875
1 0.7207488299531981 0.4423828125 0.014820592823712949 0.0205078125
1 0.719188767550702 0.47705078125 0.0171606864274571 0.0224609375
1 0.719188767550702 0.513671875 0.0234009360374415 0.0185546875
1 0.641185647425897 0.5078125 0.027301092043681748 0.017578125
1 0.6310452418096724 0.47607421875 0.0218408736349454 0.017578125
1 0.7901716068642746 0.55078125 0.02106084243369735 0.0380859375
1 0.718408736349454 0.57763671875 0.02106084243369735 0.02001953125
1 0.718408736349454 0.6181640625 0.02574102964118565 0.03857421875
1 0.6380655226209049 0.61669921875 0.0327613104524181 0.02880859375
1 0.6396255850234009 0.5810546875 0.027301092043681748 0.02734375
1 0.6341653666146646 0.541015625 0.0234009360374415 0.01904296875
1 0.5647425897035881 0.58056640625 0.0265210608424337 0.037109375
1 0.48985959438377535 0.4365234375 0.015600624024960999 0.01220703125
1 0.4914196567862715 0.40234375 0.015600624024960999 0.025390625
1 0.4243369734789392 0.26513671875 0.0202808112324493 0.02587890625
1 0.34477379095163807 0.2666015625 0.027301092043681748 0.02880859375
1 0.2753510140405616 0.2646484375 0.0187207488299532 0.02880859375
1 0.1981279251170047 0.259765625 0.01794071762870515 0.015625
1 0.13026521060842433 0.26953125 0.0187207488299532 0.04736328125
1 0.13650546021840873 0.33740234375 0.02106084243369735 0.0400390625
1 0.1996879875195008 0.333984375 0.01638065522620905 0.033203125
1 0.3471138845553822 0.36865234375 0.0171606864274571 0.02490234375
1 0.27613104524180965 0.37158203125 0.02262090483619345 0.04248046875
0 0.2589703588143526 0.37060546875 0.06942277691107644 0.0458984375
1 0.2823712948517941 0.4052734375 0.02106084243369735 0.01611328125
1 0.20046801872074882 0.4033203125 0.0234009360374415 0.0283203125
1 0.13338533541341654 0.41455078125 0.02418096723868955 0.03759765625
1 0.13650546021840873 0.45263671875 0.0218408736349454 0.01708984375
1 0.13338533541341654 0.4736328125 0.0187207488299532 0.02099609375
1 0.20436817472698907 0.484375 0.02106084243369735 0.0419921875
1 0.27613104524180965 0.470703125 0.01950078003120125 0.01953125
1 0.27379095163806555 0.435546875 0.027301092043681748 0.013671875
1 0.34789391575663026 0.443359375 0.0202808112324493 0.0302734375
1 0.27691107644305774 0.51123046875 0.0187207488299532 0.03369140625
1 0.3533541341653666 0.5107421875 0.0187207488299532 0.02392578125
1 0.35257410296411856 0.5478515625 0.02106084243369735 0.025390625
1 0.4235569422776911 0.58349609375 0.0249609984399376 0.03662109375
1 0.35179407176287053 0.5810546875 0.0218408736349454 0.02587890625
1 0.20670826833073322 0.54443359375 0.0265210608424337 0.025390625
1 0.13338533541341654 0.54443359375 0.0187207488299532 0.0205078125
1 0.14040561622464898 0.611328125 0.0171606864274571 0.0224609375
1 0.20826833073322934 0.61669921875 0.02262090483619345 0.02734375
1 0.20358814352574103 0.650390625 0.02574102964118565 0.02783203125
1 0.13650546021840873 0.65234375 0.02262090483619345 0.03662109375
1 0.1357254290171607 0.72265625 0.02106084243369735 0.037109375
1 0.20748829953198128 0.71875 0.0234009360374415 0.03466796875
1 0.2753510140405616 0.681640625 0.01794071762870515 0.0244140625
1 0.28159126365054604 0.755859375 0.01950078003120125 0.03515625
1 0.2059282371294852 0.75732421875 0.015600624024960999 0.04150390625
1 0.13962558502340094 0.82421875 0.01794071762870515 0.0205078125
1 0.1294851794071763 0.89501953125 0.01794071762870515 0.03564453125
1 0.20826833073322934 0.89208984375 0.02106084243369735 0.02099609375
1 0.27691107644305774 0.89453125 0.0265210608424337 0.0263671875
1 0.27691107644305774 0.859375 0.02106084243369735 0.03125
1 0.35257410296411856 0.8544921875 0.0202808112324493 0.01611328125
1 0.3533541341653666 0.888671875 0.0249609984399376 0.02294921875
1 0.35257410296411856 0.81982421875 0.027301092043681748 0.01904296875
1 0.35179407176287053 0.7900390625 0.02418096723868955 0.021484375
1 0.42277691107644305 0.75244140625 0.0249609984399376 0.05810546875
1 0.43213728549141966 0.82568359375 0.027301092043681748 0.0361328125
1 0.42277691107644305 0.8603515625 0.01638065522620905 0.02587890625
1 0.4914196567862715 0.82373046875 0.01950078003120125 0.0283203125
1 0.4921996879875195 0.79052734375 0.01794071762870515 0.04150390625
1 0.5616224648985959 0.75390625 0.0218408736349454 0.02294921875
1 0.4906396255850234 0.71826171875 0.01326053042121685 0.0283203125
1 0.5616224648985959 0.68603515625 0.0171606864274571 0.03515625
1 0.6388455538221529 0.68115234375 0.02574102964118565 0.01513671875
1 0.6357254290171607 0.71484375 0.0218408736349454 0.015625
1 0.6380655226209049 0.75048828125 0.015600624024960999 0.017578125
1 0.6396255850234009 0.78759765625 0.01638065522620905 0.0322265625
1 0.6396255850234009 0.81884765625 0.0202808112324493 0.0263671875
1 0.6450858034321373 0.88916015625 0.0249609984399376 0.0283203125
1 0.5663026521060842 0.88427734375 0.0218408736349454 0.0341796875
1 0.7207488299531981 0.8857421875 0.0265210608424337 0.03369140625
1 0.7215288611544461 0.8193359375 0.0187207488299532 0.0205078125
1 0.7199687987519501 0.7861328125 0.027301092043681748 0.03125
1 0.7160686427457098 0.7490234375 0.0187207488299532 0.0146484375
1 0.7878315132605305 0.72021484375 0.0187207488299532 0.025390625
1 0.7893915756630265 0.6845703125 0.02106084243369735 0.037109375
1 0.7893915756630265 0.7841796875 0.028081123244929798 0.02392578125
1 0.4906396255850234 0.64599609375 0.02106084243369735 0.03076171875
1 0.42277691107644305 0.65234375 0.02418096723868955 0.0322265625
1 0.42121684867394693 0.68798828125 0.015600624024960999 0.0263671875
1 0.35569422776911075 0.68505859375 0.02262090483619345 0.02099609375
1 0.3549141965678627 0.65478515625 0.0249609984399376 0.0341796875
1 0.35257410296411856 0.61767578125 0.0234009360374415 0.03125
1 0.2823712948517941 0.79150390625 0.0218408736349454 0.02783203125
1 0.3463338533541342 0.3076171875 0.0249609984399376 0.04833984375
1 0.2745709828393136 0.29833984375 0.0218408736349454 0.03173828125
1 0.5655226209048362 0.81494140625 0.0249609984399376 0.0205078125