0 0.46038803556992725 0.09375 0.09215844785772029 0.0380859375
0 0.459983831851253 0.13232421875 0.08245755860953921 0.0361328125
0 0.5452708164915118 0.1474609375 0.07841552142279709 0.03271484375
0 0.5436540016168149 0.18359375 0.08488278092158448 0.04052734375
0 0.5416329830234439 0.22119140625 0.07841552142279709 0.03857421875
0 0.6281325788197252 0.198486328125 0.08084074373484236 0.041015625
0 0.5468876313662085 0.34130859375 0.09377526273241714 0.03076171875
0 0.5452708164915118 0.37451171875 0.08003233629749394 0.03369140625
0 0.542037186742118 0.4287109375 0.07679870654810024 0.0205078125
0 0.45755860953920774 0.4091796875 0.08084074373484236 0.0390625
0 0.4587712206952304 0.3681640625 0.07113985448666128 0.03955078125
0 0.2991107518189167 0.417724609375 0.09781729991915926 0.0361328125
0 0.30315278900565884 0.56005859375 0.07113985448666128 0.05126953125
0 0.21786580436540015 0.56396484375 0.07922392886014551 0.0419921875
0 0.13581244947453516 0.603515625 0.08326596604688763 0.0322265625
0 0.13177041228779304 0.63330078125 0.10428455941794665 0.0283203125
0 0.12489894907033144 0.7119140625 0.06305578011317704 0.0302734375
0 0.12368633791430882 0.7509765625 0.08488278092158448 0.041015625
0 0.12409054163298303 0.791015625 0.08003233629749394 0.03564453125
0 0.1269199676637025 0.85498046875 0.08326596604688763 0.044921875
0 0.2186742118027486 0.7646484375 0.08326596604688763 0.037109375
0 0.2186742118027486 0.70458984375 0.09054163298302344 0.048828125
0 0.12853678253839934 0.24462890625 0.07599029911075182 0.0517578125
0 0.3027485852869846 0.181884765625 0.07922392886014551 0.0390625
0 0.375909458367017 0.697021484375 0.0856911883589329 0.03759765625
0 0.4620048504446241 0.60009765625 0.08649959579628133 0.04052734375
0 0.5452708164915118 0.48388671875 0.07922392886014551 0.03369140625
0 0.5456750202101859 0.52685546875 0.08730800323362975 0.056640625
0 0.5460792239288601 0.65185546875 0.0856911883589329 0.037109375
0 0.5444624090541633 0.68798828125 0.0856911883589329 0.03271484375
0 0.5436540016168149 0.82568359375 0.08084074373484236 0.0439453125
0 0.5428455941794664 0.88037109375 0.09135004042037187 0.0390625
0 0.7033144704931286 0.895751953125 0.08084074373484236 0.03466796875
0 0.7049312853678253 0.859619140625 0.07841552142279709 0.03173828125
0 0.6293451899757477 0.67626953125 0.08164915117219078 0.04541015625
0 0.6273241713823767 0.6376953125 0.07841552142279709 0.03564453125
0 0.6232821341956346 0.535400390625 0.0719482619240097 0.0498046875
0 0.6301535974130962 0.39892578125 0.08164915117219078 0.05859375
0 0.6261115602263541 0.091064453125 0.0646725949878739 0.0390625
0 0.7069523039611965 0.093505859375 0.08649959579628133 0.04541015625
0 0.7910266774454325 0.1181640625 0.08084074373484236 0.03466796875
0 0.7974939369442199 0.291259765625 0.09377526273241714 0.03466796875
0 0.7962813257881972 0.328369140625 0.08326596604688763 0.03857421875
0 0.711802748585287 0.318115234375 0.07437348423605497 0.0302734375
0 0.711802748585287 0.263427734375 0.08326596604688763 0.0341796875
0 0.7922392886014551 0.860107421875 0.07922392886014551 0.03857421875
0 0.7089733225545675 0.130615234375 0.07518189167340339 0.03125
0 0.875909458367017 0.0947265625 0.08164915117219078 0.04833984375
0 0.7146321746160065 0.218994140625 0.07033144704931285 0.044921875
0 0.7857720291026677 0.4697265625 0.09054163298302344 0.04638671875
0 0.7089733225545675 0.522216796875 0.07518189167340339 0.04052734375
0 0.7097817299919159 0.562255859375 0.08407437348423606 0.04345703125
0 0.8755052546483427 0.505859375 0.07760711398544867 0.04443359375
0 0.8755052546483427 0.46826171875 0.07033144704931285 0.03076171875
0 0.8767178658043654 0.43603515625 0.07841552142279709 0.03271484375
0 0.7845594179466451 0.65234375 0.07599029911075182 0.03955078125
0 0.7857720291026677 0.69189453125 0.07599029911075182 0.04150390625
0 0.872271624898949 0.8935546875 0.07518189167340339 0.04345703125
0 0.8751010509296685 0.85546875 0.0719482619240097 0.0302734375
0 0.9458367016976557 0.340087890625 0.0719482619240097 0.03857421875
0 0.9462409054163299 0.370849609375 0.0646725949878739 0.02783203125
0 0.9494745351657236 0.404052734375 0.05901374292643492 0.03759765625
0 0.9462409054163299 0.461181640625 0.05739692805173808 0.0400390625
0 0.9434114793856103 0.496826171875 0.05901374292643492 0.02880859375
0 0.9450282942603072 0.592529296875 0.06224737267582862 0.0283203125
0 0.9474535165723524 0.620361328125 0.06386418755052546 0.0234375
0 0.9442198868229588 0.645751953125 0.06952303961196443 0.029296875
0 0.944624090541633 0.679931640625 0.06790622473726758 0.04296875
1 0.902586903799515 0.096435546875 0.02263540824575586 0.04052734375
1 0.9668552950687146 0.3359375 0.021827000808407437 0.02880859375
1 0.9652384801940178 0.3671875 0.016976556184316895 0.0244140625
1 0.9664510913500404 0.40380859375 0.014551333872271624 0.0341796875
1 0.9640258690379951 0.45556640625 0.01778496362166532 0.02490234375
1 0.9628132578819725 0.4990234375 0.018593371059013743 0.0224609375
1 0.9603880355699272 0.59326171875 0.018593371059013743 0.02685546875
1 0.9620048504446241 0.619140625 0.018593371059013743 0.02197265625
1 0.9620048504446241 0.6455078125 0.02021018593371059 0.02099609375
1 0.9603880355699272 0.673828125 0.02263540824575586 0.0224609375
1 0.8120452708164915 0.6875 0.023443815683104285 0.0244140625
1 0.8120452708164915 0.64990234375 0.02021018593371059 0.02587890625
1 0.8156831042845594 0.4736328125 0.02910266774454325 0.03662109375
1 0.898949070331447 0.504638671875 0.024252223120452707 0.04052734375
1 0.8961196443007275 0.463134765625 0.0274858528698464 0.0146484375
1 0.8961196443007275 0.436767578125 0.030719482619240096 0.02978515625
1 0.8213419563459984 0.3271484375 0.024252223120452707 0.02783203125
1 0.8233629749393695 0.29052734375 0.03637833468067906 0.0283203125
1 0.816895715440582 0.118896484375 0.0274858528698464 0.033203125
1 0.7303961196443007 0.09375 0.02910266774454325 0.0419921875
1 0.7312045270816492 0.12646484375 0.021827000808407437 0.02197265625
1 0.7348423605497171 0.2197265625 0.02263540824575586 0.04052734375
1 0.7344381568310429 0.26513671875 0.021018593371059015 0.0263671875
1 0.7344381568310429 0.32080078125 0.029911075181891674 0.02294921875
1 0.7332255456750202 0.52587890625 0.024252223120452707 0.0322265625
1 0.7320129345189976 0.56640625 0.02910266774454325 0.033203125
1 0.6483427647534358 0.63623046875 0.030719482619240096 0.029296875
1 0.6523848019401779 0.672119140625 0.028294260307194827 0.03173828125
1 0.5743734842360549 0.651611328125 0.025060630557801132 0.03369140625
1 0.5719482619240097 0.685302734375 0.02667744543249798 0.0234375
1 0.5675020210185934 0.529541015625 0.0274858528698464 0.0546875
1 0.5646725949878739 0.483154296875 0.029911075181891674 0.02978515625
1 0.5670978172999191 0.425537109375 0.028294260307194827 0.01123046875
1 0.6495553759094583 0.39990234375 0.03395311236863379 0.05810546875
1 0.5691188358932903 0.364013671875 0.0274858528698464 0.01611328125
1 0.5723524656426839 0.334228515625 0.025869037995149554 0.01416015625
1 0.570735650767987 0.220458984375 0.03152789005658852 0.03125
1 0.5711398544866613 0.182373046875 0.023443815683104285 0.03369140625
1 0.5703314470493128 0.147705078125 0.021827000808407437 0.0244140625
1 0.6499595796281326 0.1982421875 0.029911075181891674 0.03662109375
1 0.6447049312853679 0.0927734375 0.02667744543249798 0.03759765625
1 0.48787388843977364 0.094482421875 0.02910266774454325 0.03466796875
1 0.48423605497170574 0.133056640625 0.028294260307194827 0.0361328125
1 0.32619240097008895 0.18212890625 0.030719482619240096 0.03369140625
1 0.48059822150363785 0.368896484375 0.028294260307194827 0.03857421875
1 0.48100242522231207 0.409912109375 0.021827000808407437 0.02392578125
1 0.33629749393694425 0.419677734375 0.03152789005658852 0.0283203125
1 0.4862570735650768 0.603759765625 0.028294260307194827 0.029296875
1 0.40177849636216656 0.69775390625 0.024252223120452707 0.033203125
1 0.3193209377526273 0.5615234375 0.03395311236863379 0.03955078125
1 0.2396928051738076 0.561767578125 0.033144704931285365 0.03564453125
1 0.15844785772029102 0.604736328125 0.034761519805982216 0.02880859375
1 0.16168148746968472 0.632568359375 0.030719482619240096 0.02587890625
1 0.2437348423605497 0.705810546875 0.03152789005658852 0.0458984375
1 0.2437348423605497 0.758544921875 0.034761519805982216 0.017578125
1 0.14672594987873888 0.710693359375 0.02263540824575586 0.02197265625
1 0.15036378334680678 0.743408203125 0.021018593371059015 0.01708984375
1 0.150767987065481 0.787841796875 0.02667744543249798 0.03125
1 0.14915117219078416 0.846435546875 0.03233629749393695 0.025390625
1 0.5654810024252223 0.827392578125 0.028294260307194827 0.04052734375
1 0.5727566693613582 0.882568359375 0.033144704931285365 0.0341796875
1 0.7316087308003234 0.85986328125 0.023443815683104285 0.02734375
1 0.7267582861762328 0.8935546875 0.030719482619240096 0.02978515625
1 0.8132578819725141 0.85888671875 0.041228779304769606 0.03369140625
1 0.896928051738076 0.853759765625 0.023443815683104285 0.02685546875
1 0.8932902182700081 0.890380859375 0.0274858528698464 0.037109375
1 0.15198059822150364 0.242919921875 0.02263540824575586 0.0361328125
1 0.6463217461600647 0.5361328125 0.02910266774454325 0.04296875