0 0.8646272855133614 0.15380859375 0.06680731364275667 0.03515625
0 0.8663853727144867 0.18994140625 0.0639943741209564 0.0390625
0 0.8709563994374121 0.227783203125 0.06047819971870605 0.033203125
0 0.8716596343178622 0.258056640625 0.05555555555555555 0.025390625
0 0.8744725738396625 0.283935546875 0.05555555555555555 0.0224609375
0 0.8748241912798875 0.307373046875 0.05907172995780591 0.0205078125
0 0.8751758087201125 0.337158203125 0.06329113924050633 0.04345703125
0 0.759493670886076 0.249267578125 0.04430379746835443 0.0224609375
0 0.7584388185654009 0.228271484375 0.04149085794655415 0.01806640625
0 0.7584388185654009 0.203857421875 0.03727144866385373 0.02783203125
0 0.760548523206751 0.177001953125 0.03375527426160337 0.0234375
0 0.7169479606188467 0.177490234375 0.03727144866385373 0.0205078125
0 0.7190576652601969 0.200927734375 0.03656821378340366 0.02197265625
0 0.6747538677918424 0.228271484375 0.04289732770745429 0.02587890625
1 0.7728551336146273 0.2470703125 0.010548523206751054 0.0126953125
1 0.7718002812939522 0.2275390625 0.012658227848101266 0.015625
1 0.7710970464135021 0.20263671875 0.011251758087201125 0.0224609375
1 0.7703938115330521 0.1767578125 0.013361462728551337 0.02197265625
1 0.7281997187060478 0.17724609375 0.014064697609001406 0.01708984375
1 0.7296061884669479 0.201171875 0.011251758087201125 0.0205078125
1 0.6881153305203939 0.2275390625 0.014767932489451477 0.0205078125
1 0.8973277074542897 0.330078125 0.014064697609001406 0.0302734375
1 0.8959212376933896 0.3046875 0.008438818565400843 0.01220703125
1 0.8948663853727145 0.2822265625 0.011954992967651195 0.0185546875
1 0.8920534458509142 0.25390625 0.007735583684950774 0.0107421875
1 0.8906469760900141 0.22705078125 0.011954992967651195 0.0224609375
1 0.8888888888888888 0.188232421875 0.011251758087201125 0.02197265625
1 0.8892405063291139 0.15380859375 0.012658227848101266 0.033203125