0 0.7757894736842105 0.37353515625 0.08070175438596491 0.04296875
0 0.7747368421052632 0.41455078125 0.07719298245614035 0.03662109375
0 0.775438596491228 0.45068359375 0.07929824561403509 0.04150390625
0 0.7729824561403509 0.48583984375 0.08280701754385965 0.033203125
0 0.7729824561403509 0.52001953125 0.0863157894736842 0.03955078125
0 0.7726315789473684 0.55224609375 0.08701754385964912 0.0341796875
0 0.7747368421052632 0.58349609375 0.09543859649122807 0.0322265625
0 0.776140350877193 0.6123046875 0.0912280701754386 0.03662109375
0 0.7768421052631579 0.638671875 0.0912280701754386 0.03564453125
0 0.6968421052631579 0.36767578125 0.07859649122807018 0.03271484375
0 0.6943859649122807 0.404296875 0.07438596491228071 0.037109375
0 0.6919298245614035 0.43994140625 0.07228070175438596 0.04931640625
0 0.6922807017543859 0.48583984375 0.06947368421052631 0.04638671875
0 0.6968421052631579 0.52783203125 0.07017543859649122 0.0419921875
0 0.6908771929824561 0.56689453125 0.06736842105263158 0.033203125
0 0.6929824561403509 0.60107421875 0.07017543859649122 0.03369140625
0 0.6919298245614035 0.6376953125 0.06666666666666667 0.04296875
0 0.519298245614035 0.637451171875 0.07649122807017544 0.0439453125
0 0.6056140350877193 0.640869140625 0.06385964912280702 0.04248046875
0 0.6094736842105263 0.6044921875 0.08280701754385965 0.0302734375
0 0.6101754385964913 0.57421875 0.07578947368421053 0.04296875
0 0.6126315789473684 0.52587890625 0.07368421052631578 0.0576171875
0 0.611578947368421 0.4833984375 0.07649122807017544 0.03515625
0 0.6056140350877193 0.448486328125 0.08070175438596491 0.0390625
0 0.6101754385964913 0.408447265625 0.07228070175438596 0.041015625
0 0.6066666666666667 0.370361328125 0.0687719298245614 0.041015625
0 0.5263157894736842 0.361572265625 0.06736842105263158 0.03076171875
0 0.5259649122807017 0.398681640625 0.07719298245614035 0.0390625
0 0.5196491228070176 0.434326171875 0.08280701754385965 0.05224609375
0 0.5196491228070176 0.490966796875 0.08140350877192983 0.05419921875
0 0.5178947368421053 0.531982421875 0.0856140350877193 0.03857421875
0 0.5168421052631579 0.565185546875 0.07789473684210527 0.0302734375
0 0.5231578947368422 0.598388671875 0.07298245614035087 0.03759765625
0 0.4435087719298246 0.637939453125 0.07508771929824562 0.0458984375
0 0.443859649122807 0.597900390625 0.06596491228070175 0.0263671875
0 0.44456140350877194 0.573974609375 0.07508771929824562 0.033203125
0 0.44280701754385965 0.533447265625 0.06807017543859649 0.04833984375
0 0.44105263157894736 0.486083984375 0.06666666666666667 0.03955078125
0 0.44 0.444091796875 0.07228070175438596 0.037109375
0 0.43964912280701757 0.403564453125 0.06947368421052631 0.03857421875
0 0.44070175438596493 0.364501953125 0.06947368421052631 0.0380859375
0 0.35964912280701755 0.370849609375 0.07438596491228071 0.04248046875
0 0.35719298245614034 0.410400390625 0.07508771929824562 0.041015625
0 0.36 0.449951171875 0.07228070175438596 0.03466796875
0 0.356140350877193 0.489501953125 0.07508771929824562 0.04443359375
0 0.35719298245614034 0.525634765625 0.07859649122807018 0.03271484375
0 0.3568421052631579 0.563232421875 0.08070175438596491 0.05224609375
0 0.35754385964912283 0.602783203125 0.07578947368421053 0.02685546875
0 0.35719298245614034 0.634033203125 0.07087719298245614 0.04638671875
0 0.2810526315789474 0.367919921875 0.06807017543859649 0.0380859375
0 0.2824561403508772 0.405029296875 0.07578947368421053 0.0390625
0 0.28210526315789475 0.440673828125 0.07228070175438596 0.029296875
0 0.2792982456140351 0.474853515625 0.07578947368421053 0.03857421875
0 0.28035087719298246 0.513916015625 0.07087719298245614 0.03564453125
0 0.2789473684210526 0.546142578125 0.07649122807017544 0.0302734375
0 0.28 0.581787109375 0.06947368421052631 0.03759765625
0 0.2785964912280702 0.609130859375 0.07228070175438596 0.02587890625
0 0.27789473684210525 0.640380859375 0.06807017543859649 0.03515625
1 0.7975438596491228 0.373291015625 0.030175438596491227 0.0361328125
1 0.7982456140350878 0.409912109375 0.02456140350877193 0.02587890625
1 0.8 0.444580078125 0.02456140350877193 0.03369140625
1 0.7975438596491228 0.486083984375 0.02526315789473684 0.02490234375
1 0.7982456140350878 0.514404296875 0.02526315789473684 0.0283203125
1 0.7996491228070175 0.550537109375 0.020350877192982456 0.02880859375
1 0.8017543859649123 0.577392578125 0.02175438596491228 0.0146484375
1 0.8052631578947368 0.602783203125 0.020350877192982456 0.02490234375
1 0.8031578947368421 0.632568359375 0.02666666666666667 0.03369140625
1 0.7112280701754385 0.629150390625 0.02175438596491228 0.01513671875
1 0.7147368421052631 0.599853515625 0.023859649122807018 0.021484375
1 0.7150877192982457 0.561767578125 0.021052631578947368 0.0234375
1 0.7171929824561404 0.524658203125 0.02526315789473684 0.0322265625
1 0.7154385964912281 0.482666015625 0.029473684210526315 0.0322265625
1 0.7175438596491228 0.437744140625 0.02736842105263158 0.04248046875
1 0.7164912280701754 0.395751953125 0.016842105263157894 0.017578125
1 0.7221052631578947 0.368408203125 0.028070175438596492 0.02783203125
1 0.6305263157894737 0.37109375 0.019649122807017545 0.03515625
1 0.6305263157894737 0.408203125 0.02456140350877193 0.03271484375
1 0.6294736842105263 0.44775390625 0.02526315789473684 0.03662109375
1 0.6291228070175439 0.48046875 0.021052631578947368 0.02294921875
1 0.6294736842105263 0.525390625 0.02666666666666667 0.05419921875
1 0.6291228070175439 0.57470703125 0.02175438596491228 0.0380859375
1 0.6305263157894737 0.605224609375 0.028771929824561403 0.0205078125
1 0.624561403508772 0.6357421875 0.016842105263157894 0.02880859375
1 0.5452631578947369 0.634765625 0.016842105263157894 0.029296875
1 0.5456140350877193 0.5966796875 0.02245614035087719 0.03466796875
1 0.547719298245614 0.56591796875 0.02456140350877193 0.02490234375
1 0.547719298245614 0.53662109375 0.02526315789473684 0.02783203125
1 0.5456140350877193 0.4921875 0.025964912280701753 0.05029296875
1 0.5470175438596491 0.4248046875 0.018245614035087718 0.03076171875
1 0.5459649122807018 0.39111328125 0.02175438596491228 0.0205078125
1 0.5487719298245614 0.36328125 0.019649122807017545 0.02490234375
1 0.4652631578947368 0.3662109375 0.017543859649122806 0.03125
1 0.46210526315789474 0.40185546875 0.015438596491228071 0.03125
1 0.4652631578947368 0.44140625 0.021052631578947368 0.01953125
1 0.46 0.47998046875 0.02175438596491228 0.0234375
1 0.46596491228070175 0.533203125 0.015438596491228071 0.04296875
1 0.46421052631578946 0.57568359375 0.017543859649122806 0.029296875
1 0.4649122807017544 0.6005859375 0.018947368421052633 0.01513671875
1 0.4610526315789474 0.63427734375 0.020350877192982456 0.03515625
1 0.3821052631578947 0.6318359375 0.016842105263157894 0.0400390625
1 0.3849122807017544 0.6015625 0.018245614035087718 0.01904296875
1 0.38280701754385965 0.56396484375 0.02175438596491228 0.0517578125
1 0.38105263157894737 0.5234375 0.023157894736842106 0.0224609375
1 0.3814035087719298 0.48193359375 0.018245614035087718 0.0263671875
1 0.3817543859649123 0.44384765625 0.021052631578947368 0.02099609375
1 0.38280701754385965 0.40771484375 0.017543859649122806 0.0302734375
1 0.38280701754385965 0.37060546875 0.02175438596491228 0.03564453125
1 0.3059649122807018 0.3642578125 0.02175438596491228 0.02197265625
1 0.30280701754385964 0.40478515625 0.028771929824561403 0.03515625
1 0.3017543859649123 0.439453125 0.017543859649122806 0.02685546875
1 0.3024561403508772 0.47509765625 0.02526315789473684 0.0380859375
1 0.30350877192982456 0.513671875 0.02175438596491228 0.03271484375
1 0.30350877192982456 0.546875 0.019649122807017545 0.02685546875
1 0.3003508771929825 0.58349609375 0.023157894736842106 0.03515625
1 0.3003508771929825 0.6142578125 0.021052631578947368 0.01513671875
1 0.29894736842105263 0.63330078125 0.015438596491228071 0.015625