0 0.8248456790123457 0.194091796875 0.06635802469135803 0.02734375
0 0.8240740740740741 0.22607421875 0.06172839506172839 0.03662109375
0 0.9077932098765432 0.25927734375 0.05709876543209876 0.03076171875
0 0.9077932098765432 0.2919921875 0.05555555555555555 0.03076171875
0 0.9008487654320988 0.40966796875 0.05632716049382716 0.03955078125
0 0.8973765432098766 0.44091796875 0.06018518518518518 0.01904296875
0 0.8981481481481481 0.470703125 0.06018518518518518 0.04052734375
0 0.8942901234567902 0.50537109375 0.06558641975308642 0.0380859375
0 0.8877314814814815 0.79052734375 0.0625 0.03759765625
0 0.8078703703703703 0.85986328125 0.06481481481481481 0.03564453125
0 0.8059413580246914 0.7890625 0.06558641975308642 0.037109375
0 0.8132716049382716 0.7197265625 0.07484567901234568 0.03564453125
0 0.8090277777777778 0.685546875 0.07098765432098765 0.0263671875
0 0.8148148148148148 0.6142578125 0.06404320987654322 0.033203125
0 0.8159722222222222 0.57666015625 0.06635802469135803 0.03857421875
0 0.8182870370370371 0.544921875 0.06095679012345679 0.029296875
0 0.8182870370370371 0.51123046875 0.06481481481481481 0.03125
0 0.8190586419753086 0.4375 0.06327160493827161 0.03271484375
0 0.8240740740740741 0.363037109375 0.06867283950617284 0.03125
0 0.8260030864197531 0.295166015625 0.07175925925925926 0.03369140625
0 0.753858024691358 0.227783203125 0.06635802469135803 0.041015625
0 0.6844135802469136 0.22314453125 0.06018518518518518 0.02392578125
0 0.683641975308642 0.19091796875 0.05787037037037037 0.02978515625
0 0.6809413580246914 0.25732421875 0.06635802469135803 0.029296875
0 0.6759259259259259 0.32861328125 0.06867283950617284 0.0322265625
0 0.6759259259259259 0.3662109375 0.06635802469135803 0.03857421875
0 0.6747685185185185 0.40673828125 0.06558641975308642 0.029296875
0 0.6705246913580247 0.43994140625 0.06404320987654322 0.0361328125
0 0.6705246913580247 0.47802734375 0.06712962962962964 0.037109375
0 0.6693672839506173 0.51123046875 0.06404320987654322 0.02587890625
0 0.6647376543209876 0.539794921875 0.05941358024691358 0.03173828125
0 0.7434413580246914 0.509033203125 0.05246913580246913 0.03271484375
0 0.7426697530864198 0.407470703125 0.0625 0.03759765625
0 0.7395833333333334 0.542724609375 0.05941358024691358 0.029296875
0 0.7341820987654321 0.574951171875 0.06558641975308642 0.03662109375
0 0.7337962962962963 0.613037109375 0.06095679012345679 0.03369140625
0 0.7318672839506173 0.649658203125 0.05864197530864197 0.0341796875
0 0.6643518518518519 0.6455078125 0.06018518518518518 0.0361328125
0 0.6682098765432098 0.61328125 0.06095679012345679 0.02783203125
0 0.7291666666666666 0.720947265625 0.06712962962962964 0.04736328125
0 0.6566358024691358 0.754150390625 0.06404320987654322 0.0361328125
0 0.6554783950617284 0.788818359375 0.06018518518518518 0.03564453125
0 0.7241512345679012 0.857421875 0.0625 0.03271484375
0 0.6570216049382716 0.850830078125 0.06481481481481481 0.04443359375
0 0.5856481481481481 0.7822265625 0.06018518518518518 0.03466796875
0 0.5848765432098766 0.7197265625 0.06327160493827161 0.02392578125
0 0.5852623456790124 0.68408203125 0.06018518518518518 0.05615234375
0 0.591820987654321 0.60986328125 0.06018518518518518 0.03662109375
0 0.5922067901234568 0.57421875 0.06095679012345679 0.03076171875
0 0.5945216049382716 0.541015625 0.06635802469135803 0.03271484375
0 0.5949074074074074 0.50732421875 0.06172839506172839 0.0302734375
0 0.5999228395061729 0.40234375 0.06327160493827161 0.037109375
0 0.6045524691358025 0.323974609375 0.05709876543209876 0.03515625
0 0.5239197530864198 0.470458984375 0.05632716049382716 0.03271484375
0 0.5270061728395061 0.505615234375 0.06018518518518518 0.03369140625
0 0.5135030864197531 0.712158203125 0.06481481481481481 0.0419921875
0 0.5108024691358025 0.751708984375 0.05941358024691358 0.03076171875
0 0.5108024691358025 0.782470703125 0.06635802469135803 0.033203125
0 0.5073302469135802 0.826416015625 0.06481481481481481 0.0302734375
0 0.4425154320987654 0.8173828125 0.05787037037037037 0.03759765625
0 0.4402006172839506 0.85302734375 0.05709876543209876 0.04150390625
0 0.44560185185185186 0.6796875 0.05941358024691358 0.03466796875
0 0.44058641975308643 0.746337890625 0.06558641975308642 0.03662109375
0 0.45177469135802467 0.5703125 0.05787037037037037 0.0322265625
0 0.4537037037037037 0.50439453125 0.06172839506172839 0.0322265625
0 0.44907407407407407 0.4697265625 0.06558641975308642 0.03564453125
0 0.4513888888888889 0.43701171875 0.0625 0.03173828125
0 0.4556327160493827 0.400390625 0.05941358024691358 0.0322265625
0 0.38155864197530864 0.435791015625 0.06095679012345679 0.0380859375
0 0.37808641975308643 0.47119140625 0.05709876543209876 0.03173828125
0 0.37885802469135804 0.503173828125 0.05864197530864197 0.03076171875
0 0.3746141975308642 0.6025390625 0.06172839506172839 0.04443359375
0 0.37191358024691357 0.640625 0.05941358024691358 0.03173828125
0 0.3722993827160494 0.71484375 0.05092592592592592 0.03173828125
0 0.23842592592592593 0.49951171875 0.06712962962962964 0.0322265625
0 0.2341820987654321 0.53515625 0.05709876543209876 0.03662109375
0 0.23148148148148148 0.60498046875 0.05941358024691358 0.03564453125
0 0.23109567901234568 0.67529296875 0.07021604938271606 0.0361328125
0 0.22530864197530864 0.7822265625 0.07021604938271606 0.041015625
0 0.3653549382716049 0.853515625 0.05401234567901234 0.029296875
0 0.22878086419753085 0.85205078125 0.06712962962962964 0.0341796875
0 0.30362654320987653 0.708251953125 0.06018518518518518 0.02490234375
0 0.29899691358024694 0.736572265625 0.06944444444444445 0.03466796875
0 0.3001543209876543 0.771728515625 0.05632716049382716 0.03515625
0 0.24189814814814814 0.4619140625 0.07253086419753087 0.0380859375
0 0.2465277777777778 0.43212890625 0.06481481481481481 0.02685546875
0 0.2465277777777778 0.3974609375 0.05555555555555555 0.0302734375
0 0.2511574074074074 0.317626953125 0.06404320987654322 0.03173828125
0 0.3950617283950617 0.218017578125 0.0625 0.0283203125
0 0.38927469135802467 0.320068359375 0.05941358024691358 0.02978515625
0 0.3236882716049383 0.28369140625 0.05555555555555555 0.02978515625
1 0.9050925925925926 0.783447265625 0.022376543209876542 0.0224609375
1 0.8302469135802469 0.786865234375 0.018518518518518517 0.0302734375
1 0.8248456790123457 0.859130859375 0.026234567901234566 0.03466796875
1 0.7472993827160493 0.854248046875 0.020833333333333332 0.01953125
1 0.6747685185185185 0.8505859375 0.023919753086419752 0.0439453125
1 0.6728395061728395 0.78369140625 0.015432098765432098 0.02001953125
1 0.6743827160493827 0.7548828125 0.018518518518518517 0.02880859375
1 0.7515432098765432 0.72216796875 0.018518518518518517 0.04638671875
1 0.8329475308641975 0.713134765625 0.02546296296296296 0.01953125
1 0.8314043209876543 0.684326171875 0.023919753086419752 0.0205078125
1 0.8364197530864198 0.614990234375 0.022376543209876542 0.03173828125
1 0.8368055555555556 0.576904296875 0.020061728395061727 0.033203125
1 0.8360339506172839 0.542236328125 0.020833333333333332 0.02197265625
1 0.8383487654320988 0.509521484375 0.016975308641975308 0.0283203125
1 0.9143518518518519 0.506591796875 0.016203703703703703 0.0302734375
1 0.9174382716049383 0.467529296875 0.023919753086419752 0.0302734375
1 0.9189814814814815 0.441162109375 0.015432098765432098 0.01416015625
1 0.9193672839506173 0.410888671875 0.023148148148148147 0.0390625
1 0.8414351851851852 0.436279296875 0.017746913580246913 0.0302734375
1 0.8433641975308642 0.362548828125 0.02546296296296296 0.02978515625
1 0.8460648148148148 0.29541015625 0.023919753086419752 0.033203125
1 0.9270833333333334 0.292724609375 0.013888888888888888 0.029296875
1 0.9263117283950617 0.259033203125 0.019290123456790122 0.0283203125
1 0.845679012345679 0.221923828125 0.016203703703703703 0.025390625
1 0.8503086419753086 0.1923828125 0.016975308641975308 0.017578125
1 0.7735339506172839 0.2314453125 0.023919753086419752 0.04736328125
1 0.7021604938271605 0.221435546875 0.021604938271604937 0.017578125
1 0.7013888888888888 0.187744140625 0.017746913580246913 0.01708984375
1 0.7017746913580247 0.256591796875 0.026234567901234566 0.0263671875
1 0.6956018518518519 0.320068359375 0.011574074074074073 0.01171875
1 0.6929012345679012 0.367919921875 0.021604938271604937 0.03564453125
1 0.7642746913580247 0.40234375 0.015432098765432098 0.01416015625
1 0.6917438271604939 0.406982421875 0.022376543209876542 0.0283203125
1 0.6921296296296297 0.441162109375 0.017746913580246913 0.03564453125
1 0.6921296296296297 0.477783203125 0.018518518518518517 0.03271484375
1 0.6878858024691358 0.510009765625 0.020833333333333332 0.0224609375
1 0.7604166666666666 0.5087890625 0.018518518518518517 0.03125
1 0.7596450617283951 0.5390625 0.020833333333333332 0.02294921875
1 0.6824845679012346 0.537109375 0.018518518518518517 0.0263671875
1 0.7557870370370371 0.5732421875 0.019290123456790122 0.03173828125
1 0.753858024691358 0.61083984375 0.016203703703703703 0.02978515625
1 0.7507716049382716 0.646728515625 0.021604938271604937 0.0234375
1 0.6790123456790124 0.642578125 0.02546296296296296 0.02978515625
1 0.6820987654320988 0.60693359375 0.017746913580246913 0.01611328125
1 0.6045524691358025 0.685302734375 0.019290123456790122 0.056640625
1 0.6026234567901234 0.724365234375 0.016975308641975308 0.017578125
1 0.6026234567901234 0.780517578125 0.023148148148148147 0.02880859375
1 0.5297067901234568 0.82568359375 0.017746913580246913 0.01708984375
1 0.5308641975308642 0.783203125 0.023919753086419752 0.0283203125
1 0.5297067901234568 0.744384765625 0.021604938271604937 0.01416015625
1 0.5320216049382716 0.7109375 0.022376543209876542 0.04052734375
1 0.46334876543209874 0.67626953125 0.020061728395061727 0.02197265625
1 0.46064814814814814 0.748046875 0.026234567901234566 0.0390625
1 0.46141975308641975 0.81298828125 0.026234567901234566 0.021484375
1 0.45717592592592593 0.84814453125 0.020061728395061727 0.03466796875
1 0.3861882716049383 0.852783203125 0.019290123456790122 0.025390625
1 0.24575617283950618 0.849853515625 0.024691358024691357 0.033203125
1 0.24845679012345678 0.781982421875 0.023919753086419752 0.04443359375
1 0.32060185185185186 0.7353515625 0.023148148148148147 0.03173828125
1 0.3175154320987654 0.7646484375 0.016975308641975308 0.0185546875
1 0.3236882716049383 0.7080078125 0.020061728395061727 0.015625
1 0.38850308641975306 0.712646484375 0.02546296296296296 0.0146484375
1 0.2523148148148148 0.670166015625 0.02700617283950617 0.0234375
1 0.251929012345679 0.601318359375 0.020061728395061727 0.02783203125
1 0.3942901234567901 0.605224609375 0.019290123456790122 0.044921875
1 0.3942901234567901 0.640869140625 0.016203703703703703 0.02197265625
1 0.470679012345679 0.562744140625 0.014660493827160493 0.01806640625
1 0.25925925925925924 0.526123046875 0.017746913580246913 0.01318359375
1 0.2623456790123457 0.494873046875 0.02546296296296296 0.0185546875
1 0.2658179012345679 0.456787109375 0.018518518518518517 0.0234375
1 0.2665895061728395 0.426513671875 0.02546296296296296 0.013671875
1 0.26350308641975306 0.396728515625 0.017746913580246913 0.0283203125
1 0.26967592592592593 0.314697265625 0.023148148148148147 0.02392578125
1 0.341820987654321 0.280029296875 0.013888888888888888 0.01513671875
1 0.4158950617283951 0.21484375 0.019290123456790122 0.0234375
1 0.41010802469135804 0.31787109375 0.016975308641975308 0.0234375
1 0.40046296296296297 0.436767578125 0.013888888888888888 0.03857421875
1 0.40046296296296297 0.469970703125 0.018518518518518517 0.02490234375
1 0.39814814814814814 0.502197265625 0.018518518518518517 0.03125
1 0.4691358024691358 0.496826171875 0.023148148148148147 0.015625
1 0.4756944444444444 0.464599609375 0.019290123456790122 0.0224609375
1 0.47260802469135804 0.432373046875 0.016203703703703703 0.01806640625
1 0.47530864197530864 0.394287109375 0.017746913580246913 0.017578125
1 0.5470679012345679 0.47119140625 0.018518518518518517 0.02587890625
1 0.5432098765432098 0.50146484375 0.019290123456790122 0.02685546875
1 0.6157407407407407 0.500244140625 0.017746913580246913 0.01953125
1 0.6157407407407407 0.533447265625 0.023919753086419752 0.01904296875
1 0.6114969135802469 0.565185546875 0.020061728395061727 0.0146484375
1 0.6130401234567902 0.605224609375 0.023919753086419752 0.0283203125
0 0.5192901234567902 0.607666015625 0.06635802469135803 0.033203125
1 0.5397376543209876 0.60400390625 0.020061728395061727 0.02490234375
1 0.6176697530864198 0.401123046875 0.019290123456790122 0.03369140625
1 0.6215277777777778 0.319091796875 0.016975308641975308 0.02197265625