0 0.9398862713241267 0.117431640625 0.0926076360682372 0.05615234375
0 0.942323314378554 0.246826171875 0.07636068237205523 0.05078125
0 0.42363931762794477 0.479736328125 0.11210398050365557 0.044921875
0 0.4264825345247766 0.526611328125 0.10235580828594638 0.0498046875
0 0.41186027619821286 0.71728515625 0.12347684809098294 0.05615234375
0 0.8322502030869212 0.45458984375 0.11454102355808286 0.03515625
0 0.8363119415109667 0.23486328125 0.12022745735174654 0.05224609375
0 0.8212835093419983 0.69775390625 0.11779041429731925 0.04541015625
0 0.8184402924451666 0.74169921875 0.11535337124289195 0.041015625
0 0.41429731925264013 0.77392578125 0.11535337124289195 0.0625
0 0.5337124289195776 0.80810546875 0.12185215272136475 0.05126953125
0 0.6917140536149472 0.40283203125 0.12103980503655565 0.0302734375
0 0.6917140536149472 0.43212890625 0.12428919577579203 0.03125
0 0.5821484045491471 0.16883267041015626 0.6197975207148659 0.17042068408203126 0.6309998269699432 0.09209772119140625 0.4965259788789602 0.08859342919921875 0.49157207229894395 0.14521515185546874 0.5797275174654752 0.14971909375 0.5821484045491471 0.16883267041015626
0 0.5159529943135662 0.19378789794921875 0.542451237205524 0.20361000732421874 0.5813887229894394 0.212071357421875 0.6152899195775792 0.22316414453125 0.627549177904143 0.17676532275390625 0.5745030121852153 0.17591051123046875 0.558815685621446 0.15248220166015625 0.5000018318440292 0.14826412158203126 0.5159529943135662 0.19378789794921875
0 0.4118746409423233 0.22520551220703125 0.4459403964256702 0.2306332119140625 0.4616883330625508 0.25197437841796877 0.4791725223395613 0.24768402685546875 0.4810947221770918 0.18149206298828124 0.38073102274573517 0.18130257861328125 0.38615159707554836 0.2228478525390625 0.4118746409423233 0.22520551220703125
0 0.37002675629569454 0.18032676123046876 0.48320801868399677 0.1770404423828125 0.48442021689683185 0.13529777197265624 0.35912529244516656 0.1309830712890625 0.37002675629569454 0.18032676123046876
0 0.43135662063363117 0.110595703125 0.10804224207961008 0.04345703125
0 0.42770105605199027 0.318603515625 0.11047928513403736 0.0439453125
0 0.5503655564581641 0.462890625 0.11291632818846466 0.05029296875
0 0.554021121039805 0.36328125 0.10641754670999187 0.0498046875
0 0.29406986190089357 0.437744140625 0.11454102355808286 0.0458984375
0 0.2952883834281072 0.200927734375 0.132412672623883 0.05908203125
1 0.9675060926076361 0.11669921875 0.021933387489845652 0.04052734375
1 0.9658813972380179 0.25 0.021933387489845652 0.03125
1 0.8679935012185215 0.2294921875 0.039805036555645816 0.02685546875
1 0.8647441104792851 0.453125 0.041429731925264016 0.03369140625
1 0.8614947197400488 0.7373046875 0.03411860276198213 0.03173828125
1 0.8586515028432169 0.701171875 0.034930950446791224 0.04052734375
1 0.7282696994313567 0.43017578125 0.039805036555645816 0.02587890625
1 0.7266450040617384 0.40234375 0.03574329813160033 0.02685546875
0 0.925264012997563 0.7548828125 0.07636068237205523 0.04541015625
0 0.9264825345247766 0.795166015625 0.07961007311129163 0.0390625
1 0.9516653127538587 0.7900390625 0.025182778229082048 0.02587890625
1 0.9496344435418359 0.755615234375 0.021933387489845652 0.037109375
1 0.5743298131600325 0.812744140625 0.03168155970755483 0.04052734375
1 0.4512591389114541 0.7666015625 0.034930950446791224 0.0419921875
1 0.4524776604386678 0.72119140625 0.03330625507717303 0.0400390625
1 0.46181965881397236 0.51708984375 0.026807473598700244 0.0322265625
1 0.46181965881397236 0.47998046875 0.025182778229082048 0.02685546875
1 0.5848903330625508 0.466796875 0.036555645816409424 0.0361328125
1 0.5836718115353371 0.36767578125 0.036555645816409424 0.03466796875
1 0.458570268074736 0.318359375 0.03899268887083672 0.0390625
1 0.46385052802599513 0.21533203125 0.030056864337936636 0.06494140625
1 0.46588139723801786 0.1533203125 0.025995125913891144 0.0263671875
1 0.4695369618196588 0.10888671875 0.026807473598700244 0.02978515625
1 0.6031681559707555 0.12939453125 0.030056864337936636 0.0732421875
1 0.6011372867587328 0.19677734375 0.02924451665312754 0.03759765625
1 0.330625507717303 0.439208984375 0.041429731925264016 0.044921875
1 0.3363119415109667 0.197509765625 0.04061738424045491 0.03515625