0 0.9436334144363342 0.098876953125 0.059205190592051905 0.03125
0 0.940389294403893 0.177001953125 0.06163828061638281 0.0322265625
0 0.943227899432279 0.227294921875 0.06974858069748581 0.029296875
0 0.943227899432279 0.309814453125 0.07380373073803731 0.04248046875
0 0.9387672343876723 0.347412109375 0.0827250608272506 0.03662109375
0 0.9412003244120033 0.398681640625 0.06731549067315491 0.0498046875
0 0.940389294403893 0.434814453125 0.0689375506893755 0.02392578125
0 0.9355231143552312 0.575927734375 0.062449310624493104 0.0419921875
0 0.9339010543390105 0.761474609375 0.0575831305758313 0.03369140625
0 0.8633414436334145 0.099853515625 0.08596918085969181 0.04052734375
0 0.8613138686131386 0.135498046875 0.0786699107866991 0.033203125
0 0.8617193836171938 0.266357421875 0.07948094079480941 0.0390625
0 0.7789943227899432 0.09716796875 0.08029197080291971 0.041015625
0 0.7818329278183292 0.4228515625 0.0746147607461476 0.05029296875
0 0.7814274128142741 0.67724609375 0.08029197080291971 0.0458984375
0 0.7733171127331712 0.87353515625 0.08434712084347121 0.0283203125
0 0.7741281427412814 0.90625 0.08759124087591241 0.04150390625
0 0.44606650446066504 0.33203125 0.0867802108678021 0.03857421875
0 0.45174371451743717 0.421875 0.09651257096512571 0.041015625
0 0.44322789943227897 0.59375 0.0786699107866991 0.041015625
0 0.44322789943227897 0.66015625 0.08353609083536091 0.0380859375
0 0.4424168694241687 0.87451171875 0.07948094079480941 0.03564453125
0 0.5223033252230332 0.885986328125 0.072992700729927 0.02001953125
0 0.5247364152473641 0.868896484375 0.07137064071370641 0.017578125
0 0.28386050283860503 0.860107421875 0.0746147607461476 0.03759765625
0 0.27939983779399835 0.825439453125 0.072992700729927 0.0302734375
0 0.36253041362530414 0.8310546875 0.08029197080291971 0.0400390625
0 0.36171938361719386 0.8681640625 0.07380373073803731 0.03515625
0 0.3637469586374696 0.91064453125 0.0827250608272506 0.033203125
0 0.4440389294403893 0.095947265625 0.09164639091646391 0.041015625
0 0.5300081103000811 0.176513671875 0.09570154095701541 0.044921875
0 0.6131386861313869 0.332275390625 0.0827250608272506 0.03955078125
0 0.6139497161394971 0.441162109375 0.08110300081103 0.037109375
0 0.5283860502838605 0.462646484375 0.08759124087591241 0.03759765625
0 0.5304136253041363 0.496337890625 0.08353609083536091 0.0322265625
0 0.2850770478507705 0.09326171875 0.09326845093268452 0.03955078125
0 0.723652300081103 0.5815277172851563 0.7490274971613949 0.5775860048828125 0.7315354614760746 0.5320816440429688 0.6500835855636659 0.5278852387695312 0.6480216277372263 0.5577489140625 0.6899124111922141 0.5588365639648437 0.723652300081103 0.5815277172851563
0 0.7289331865369019 0.45499612158203123 0.6432891573398215 0.484123787109375 0.6439249602595296 0.5136669448242187 0.7148675766423358 0.5137650424804687 0.7449728207623681 0.49498201953125 0.7289331865369019 0.45499612158203123
0 0.6090835360908353 0.586669921875 0.09245742092457421 0.03564453125
0 0.6180048661800487 0.615966796875 0.0867802108678021 0.025390625
0 0.6098945660989457 0.726806640625 0.07948094079480941 0.03662109375
0 0.5304136253041363 0.830078125 0.0851581508515815 0.03466796875
0 0.5300081103000811 0.797119140625 0.08759124087591241 0.033203125
0 0.451338199513382 0.23876953125 0.0867802108678021 0.0419921875
0 0.4464720194647202 0.181396484375 0.06974858069748581 0.03271484375
0 0.3653690186536902 0.1728515625 0.0867802108678021 0.037109375
0 0.3661800486618005 0.20849609375 0.08434712084347121 0.0322265625
0 0.3661800486618005 0.2578125 0.0908353609083536 0.03759765625
0 0.3661800486618005 0.29541015625 0.08596918085969181 0.0400390625
0 0.36658556366585565 0.4453125 0.07623682076236821 0.0185546875
0 0.3657745336577453 0.4677734375 0.0867802108678021 0.03271484375
0 0.36658556366585565 0.494140625 0.0786699107866991 0.0234375
0 0.3613138686131387 0.54638671875 0.0851581508515815 0.029296875
0 0.3609083536090835 0.58056640625 0.0827250608272506 0.041015625
0 0.3633414436334144 0.66015625 0.07380373073803731 0.0302734375
0 0.36496350364963503 0.69140625 0.09002433090024331 0.0380859375
0 0.3637469586374696 0.7421875 0.0827250608272506 0.0380859375
0 0.3657745336577453 0.77490234375 0.08434712084347121 0.033203125
0 0.2777777777777778 0.742431640625 0.0851581508515815 0.05126953125
0 0.2798053527980535 0.688720703125 0.08029197080291971 0.05224609375
0 0.1922141119221411 0.864013671875 0.08921330089213302 0.04052734375
0 0.19424168694241686 0.826416015625 0.08110300081103 0.0361328125
0 0.19910786699107866 0.790771484375 0.08191403081914031 0.04052734375
0 0.10948905109489052 0.716552734375 0.0948905109489051 0.03857421875
0 0.19667477696674776 0.594970703125 0.08029197080291971 0.0390625
0 0.20154095701540958 0.546142578125 0.08353609083536091 0.02880859375
0 0.19505271695052717 0.515380859375 0.0827250608272506 0.0341796875
0 0.19708029197080293 0.196044921875 0.0851581508515815 0.03173828125
0 0.20072992700729927 0.259033203125 0.08759124087591241 0.041015625
0 0.19991889699918897 0.290283203125 0.08596918085969181 0.02978515625
0 0.10624493106244931 0.805908203125 0.09326845093268452 0.0458984375
0 0.2916927096512571 0.2683394052734375 0.3178327210056772 0.26987579296875 0.31718145417680454 0.208046283203125 0.24884548580697485 0.21244863427734376 0.2433173511759935 0.251008548828125 0.2820830689375507 0.25057480029296875 0.2916927096512571 0.2683394052734375
0 0.2997248905109489 0.4729758374023437 0.3184684176804542 0.47674758349609375 0.31830952635847526 0.43405884130859373 0.23559510705596107 0.4346211396484375 0.24884702514193024 0.46970750830078123 0.27557373154906734 0.463049095703125 0.2997248905109489 0.4729758374023437
0 0.321734699918897 0.49654834521484376 0.31701743795620435 0.4786248657226562 0.27241425871857256 0.4636467373046875 0.24988189943227898 0.470138939453125 0.23931984590429844 0.473182162109375 0.2369591484184915 0.49439576611328123 0.2923803617193836 0.497501552734375 0.321734699918897 0.49654834521484376
0 0.07466103649635036 0.5189611567382812 0.08826571857258719 0.5228133603515625 0.10685246796431468 0.5189622705078125 0.11811939416058394 0.5165516630859375 0.14399795296025952 0.5218816357421875 0.15144352311435522 0.5064486108398437 0.154366400648824 0.4828752275390625 0.12495741524736416 0.47379895068359373 0.06371145417680454 0.47180651123046874 0.07466103649635036 0.5189611567382812
0 0.07483409407948094 0.561267962890625 0.10407431873479318 0.5568544208984375 0.12634068450932684 0.570913671875 0.15138460908353607 0.576066283203125 0.15292650689375506 0.5421937431640625 0.1484171419302514 0.5239374858398438 0.11609737550689377 0.5187084296875 0.0916290900243309 0.5226663017578125 0.07212420843471208 0.5203909614257812 0.07483409407948094 0.561267962890625
1 0.9606650446066505 0.099609375 0.0202757502027575 0.0283203125
1 0.9582319545823196 0.17724609375 0.0202757502027575 0.02783203125
1 0.9626926196269262 0.22802734375 0.0227088402270884 0.02734375
1 0.9598540145985401 0.31396484375 0.021897810218978103 0.02880859375
1 0.9610705596107056 0.3388671875 0.021897810218978103 0.01513671875
1 0.9590429845904298 0.3994140625 0.023519870235198703 0.04833984375
1 0.9606650446066505 0.431640625 0.021897810218978103 0.01513671875
1 0.9566098945660989 0.568359375 0.0202757502027575 0.02392578125
1 0.9529602595296026 0.7568359375 0.016220600162206 0.0205078125
1 0.7992700729927007 0.877197265625 0.030819140308191405 0.017578125
1 0.8033252230332523 0.903564453125 0.030008110300081103 0.02783203125
1 0.8037307380373074 0.663818359375 0.034874290348742905 0.017578125
1 0.8061638280616383 0.416259765625 0.027575020275750203 0.0361328125
1 0.8901054339010543 0.264404296875 0.0202757502027575 0.03466796875
1 0.8901054339010543 0.128173828125 0.0170316301703163 0.017578125
1 0.8917274939172749 0.090087890625 0.028386050283860504 0.01904296875
1 0.8008921330089214 0.096435546875 0.030819140308191405 0.0341796875
1 0.6390916463909164 0.33203125 0.028386050283860504 0.0390625
1 0.6394971613949716 0.4375 0.031630170316301706 0.0283203125
1 0.7250608272506083 0.47607421875 0.030008110300081103 0.0361328125
1 0.7234387672343877 0.55615234375 0.038118410381184104 0.0361328125
1 0.6382806163828062 0.58740234375 0.035685320356853206 0.03173828125
1 0.643146796431468 0.6162109375 0.029197080291970802 0.0244140625
1 0.635036496350365 0.72119140625 0.024330900243309004 0.02490234375
1 0.551094890510949 0.79736328125 0.0340632603406326 0.0302734375
1 0.5494728304947283 0.82666015625 0.0364963503649635 0.0244140625
1 0.5482562854825629 0.8681640625 0.025952960259529603 0.017578125
1 0.5466342254663422 0.88623046875 0.025952960259529603 0.0166015625
1 0.4683698296836983 0.872802734375 0.025141930251419302 0.029296875
1 0.467558799675588 0.656494140625 0.030819140308191405 0.0302734375
1 0.4716139497161395 0.592041015625 0.021086780210867802 0.01806640625
1 0.47850770478507704 0.420654296875 0.0340632603406326 0.0390625
1 0.47120843471208435 0.333251953125 0.030819140308191405 0.03662109375
1 0.4724249797242498 0.239990234375 0.039740470397404706 0.0341796875
1 0.4659367396593674 0.173828125 0.0332522303325223 0.017578125
1 0.4724249797242498 0.098388671875 0.0340632603406326 0.033203125
1 0.4002433090024331 0.173828125 0.0227088402270884 0.03515625
1 0.3126520681265207 0.08935546875 0.0332522303325223 0.0234375
1 0.3004866180048662 0.238525390625 0.0340632603406326 0.0576171875
1 0.2222222222222222 0.1953125 0.027575020275750203 0.02734375
1 0.22343876723438766 0.2568359375 0.032441200324412 0.033203125
1 0.22424979724249797 0.2880859375 0.0340632603406326 0.02490234375
1 0.305352798053528 0.455078125 0.025952960259529603 0.0380859375
1 0.305352798053528 0.48681640625 0.0340632603406326 0.01611328125
1 0.38564476885644766 0.545654296875 0.025952960259529603 0.02783203125
1 0.3880778588807786 0.571533203125 0.025141930251419302 0.025390625
1 0.38523925385239255 0.663330078125 0.021897810218978103 0.02099609375
1 0.3913219789132198 0.684814453125 0.028386050283860504 0.02099609375
1 0.38767234387672345 0.744384765625 0.029197080291970802 0.02978515625
1 0.3884833738848337 0.776611328125 0.030819140308191405 0.0283203125
1 0.3884833738848337 0.831787109375 0.028386050283860504 0.0419921875
1 0.38523925385239255 0.868896484375 0.025952960259529603 0.033203125
1 0.3905109489051095 0.90478515625 0.030008110300081103 0.02294921875
1 0.30251419302514193 0.8623046875 0.0332522303325223 0.033203125
1 0.30251419302514193 0.8291015625 0.021897810218978103 0.0205078125
1 0.30454176804541766 0.73486328125 0.029197080291970802 0.03369140625
1 0.3037307380373074 0.6875 0.025952960259529603 0.0400390625
1 0.22262773722627738 0.59228515625 0.030819140308191405 0.02734375
1 0.22424979724249797 0.5439453125 0.035685320356853206 0.02587890625
1 0.22262773722627738 0.513671875 0.0267639902676399 0.029296875
1 0.1354420113544201 0.49853515625 0.031630170316301706 0.0439453125
1 0.13422546634225466 0.5458984375 0.038929440389294405 0.05126953125
1 0.13949716139497162 0.717041015625 0.032441200324412 0.03515625
1 0.13138686131386862 0.806640625 0.024330900243309004 0.03466796875
1 0.2222222222222222 0.8310546875 0.024330900243309004 0.0302734375
1 0.22100567721005676 0.79150390625 0.025952960259529603 0.03466796875
1 0.2197891321978913 0.861328125 0.027575020275750203 0.03173828125
0 0.17493274047039742 0.7511775053710937 0.23266320275750205 0.750375103515625 0.23497612489862127 0.7109451235351563 0.21180624817518248 0.7031865185546875 0.19694822708840226 0.71806058984375 0.1605397704785077 0.7170227661132812 0.15239269261962693 0.7485921591796875 0.17493274047039742 0.7511775053710937
1 0.21897810218978103 0.7265625 0.0332522303325223 0.0361328125
1 0.38686131386861317 0.468994140625 0.025952960259529603 0.029296875
1 0.3884833738848337 0.495361328125 0.0267639902676399 0.01953125
1 0.39010543390105434 0.445556640625 0.030008110300081103 0.013671875
1 0.3913219789132198 0.295166015625 0.030819140308191405 0.0400390625
1 0.3921330089213301 0.259521484375 0.030819140308191405 0.03076171875
1 0.3961881589618816 0.206298828125 0.028386050283860504 0.0263671875
1 0.5592051905920519 0.1767578125 0.032441200324412 0.03515625
1 0.5543390105433901 0.46240234375 0.028386050283860504 0.0302734375
1 0.5539334955393349 0.49755859375 0.032441200324412 0.02490234375