0 0.240234375 0.22279635258358663 0.03076171875 0.02492401215805471
0 0.23974609375 0.24772036474164133 0.0302734375 0.026747720364741642
0 0.3955078125 0.25349544072948327 0.0224609375 0.019452887537993922
0 0.396240234375 0.27477203647416415 0.02490234375 0.026747720364741642
0 0.42041015625 0.24680851063829787 0.02783203125 0.02492401215805471
0 0.42041015625 0.22066869300911854 0.02734375 0.02127659574468085
0 0.420654296875 0.4844984802431611 0.02685546875 0.02066869300911854
0 0.398681640625 0.4860182370820669 0.02001953125 0.02492401215805471
0 0.377197265625 0.4835866261398176 0.02197265625 0.02188449848024316
0 0.352783203125 0.4835866261398176 0.02490234375 0.02735562310030395
0 0.078857421875 0.44680851063829785 0.0322265625 0.02735562310030395
0 0.079833984375 0.4723404255319149 0.02490234375 0.02066869300911854
0 0.07958984375 0.4990881458966565 0.03173828125 0.026747720364741642
0 0.098388671875 0.71580547112462 0.029296875 0.02370820668693009
0 0.0869140625 0.7480243161094224 0.033203125 0.02796352583586626
0 0.07275390625 0.774468085106383 0.03125 0.02796352583586626
0 0.9326171875 0.7778115501519757 0.02880859375 0.02796352583586626
0 0.885498046875 0.739209726443769 0.02294921875 0.04072948328267477
0 0.907470703125 0.7322188449848024 0.0205078125 0.02553191489361702
0 0.908203125 0.7541033434650456 0.01953125 0.01702127659574468
0 0.930908203125 0.7297872340425532 0.0263671875 0.02066869300911854
0 0.93310546875 0.7516717325227964 0.02978515625 0.0243161094224924
0 0.84375 0.6483282674772036 0.02978515625 0.030395136778115502
0 0.81982421875 0.6434650455927051 0.01806640625 0.02796352583586626
0 0.798828125 0.6410334346504559 0.0263671875 0.0243161094224924
0 0.6904296875 0.4948328267477204 0.02783203125 0.02006079027355623
0 0.691162109375 0.5161094224924012 0.02734375 0.02066869300911854
0 0.6923828125 0.539209726443769 0.03125 0.02492401215805471
0 0.66015625 0.5370820668693009 0.02685546875 0.022492401215805473
0 0.661376953125 0.5179331306990882 0.0283203125 0.01884498480243161
0 0.66064453125 0.49635258358662615 0.0263671875 0.022492401215805473
0 0.70361328125 0.23161094224924011 0.0283203125 0.02066869300911854
0 0.7041015625 0.2553191489361702 0.02685546875 0.02917933130699088
0 0.678955078125 0.27082066869300914 0.0244140625 0.023100303951367782
0 0.681640625 0.29635258358662614 0.02587890625 0.026747720364741642
0 0.658203125 0.2878419452887538 0.02197265625 0.02066869300911854
0 0.657958984375 0.3127659574468085 0.02783203125 0.029787234042553193
1 0.2490234375 0.22188449848024316 0.0087890625 0.019452887537993922
1 0.2490234375 0.2480243161094225 0.00927734375 0.02127659574468085
1 0.40234375 0.2550151975683891 0.00732421875 0.00911854103343465
1 0.403564453125 0.27386018237082066 0.00927734375 0.02127659574468085
1 0.429443359375 0.24164133738601823 0.00830078125 0.011550151975683891
1 0.4287109375 0.21914893617021278 0.0078125 0.01398176291793313
1 0.362060546875 0.4851063829787234 0.00732421875 0.01458966565349544
1 0.384033203125 0.4826747720364742 0.009765625 0.01398176291793313
1 0.403076171875 0.4835866261398176 0.0068359375 0.01398176291793313
1 0.425048828125 0.4860182370820669 0.009765625 0.01398176291793313
1 0.088623046875 0.44650455927051674 0.0078125 0.015197568389057751
1 0.08935546875 0.4683890577507599 0.0068359375 0.009726443768996961
1 0.0888671875 0.4927051671732523 0.00732421875 0.0121580547112462
1 0.107177734375 0.7148936170212766 0.005859375 0.01641337386018237
1 0.097412109375 0.7492401215805471 0.01123046875 0.02188449848024316
1 0.0810546875 0.7762917933130699 0.01220703125 0.02370820668693009
1 0.9404296875 0.7775075987841945 0.0107421875 0.023100303951367782
1 0.94091796875 0.7513677811550152 0.01025390625 0.02066869300911854
1 0.939697265625 0.7288753799392097 0.00634765625 0.015197568389057751
1 0.914306640625 0.731306990881459 0.0078125 0.022492401215805473
1 0.9140625 0.7550151975683891 0.00634765625 0.01398176291793313
1 0.892578125 0.7404255319148936 0.0087890625 0.038905775075987845
1 0.8515625 0.6471124620060791 0.00830078125 0.02735562310030395
1 0.82470703125 0.6410334346504559 0.00927734375 0.022492401215805473
1 0.80712890625 0.6419452887537994 0.00927734375 0.022492401215805473
1 0.699462890625 0.4930091185410334 0.00732421875 0.01641337386018237
1 0.699462890625 0.513677811550152 0.009765625 0.01702127659574468
1 0.7001953125 0.5367781155015198 0.01025390625 0.01702127659574468
1 0.66943359375 0.5373860182370821 0.0087890625 0.01762917933130699
1 0.667724609375 0.5173252279635259 0.01025390625 0.01702127659574468
1 0.66796875 0.4972644376899696 0.00927734375 0.023100303951367782
1 0.6884765625 0.2957446808510638 0.00927734375 0.02735562310030395
1 0.666748046875 0.3142857142857143 0.0087890625 0.02066869300911854
1 0.6650390625 0.2899696048632219 0.0068359375 0.01641337386018237
1 0.688232421875 0.27082066869300914 0.0078125 0.02188449848024316
1 0.713134765625 0.24893617021276596 0.00927734375 0.011550151975683891
1 0.7138671875 0.22826747720364743 0.00927734375 0.01094224924012158