0 0.8935331230283912 0.1923828125 0.0804416403785489 0.03369140625
0 0.8974763406940063 0.224609375 0.08123028391167192 0.029296875
0 0.8982649842271293 0.66259765625 0.0749211356466877 0.03076171875
0 0.9006309148264984 0.6943359375 0.07570977917981073 0.0302734375
0 0.5449526813880127 0.64306640625 0.06624605678233439 0.03271484375
0 0.5457413249211357 0.67724609375 0.07018927444794952 0.037109375
0 0.46608832807570977 0.83544921875 0.08675078864353312 0.05029296875
0 0.19794952681388012 0.34521484375 0.07176656151419558 0.03564453125
0 0.20189274447949526 0.380859375 0.07649842271293375 0.03369140625
0 0.19637223974763407 0.5166015625 0.09305993690851735 0.03369140625
0 0.20347003154574134 0.55078125 0.08753943217665615 0.0390625
0 0.28785488958990535 0.76611328125 0.07728706624605679 0.03662109375
0 0.2894321766561514 0.8046875 0.08201892744479496 0.0361328125
1 0.917981072555205 0.66357421875 0.02365930599369085 0.0302734375
1 0.9211356466876972 0.68896484375 0.030757097791798107 0.0146484375
1 0.5654574132492114 0.63916015625 0.02444794952681388 0.02880859375
1 0.5670347003154574 0.67529296875 0.027602523659305992 0.03173828125
1 0.49290220820189273 0.833984375 0.02917981072555205 0.048828125
1 0.30914826498422715 0.7685546875 0.02365930599369085 0.0283203125
1 0.31624605678233436 0.80419921875 0.02917981072555205 0.03662109375
1 0.2334384858044164 0.55224609375 0.033123028391167195 0.0341796875
1 0.22712933753943218 0.5166015625 0.030757097791798107 0.03125
1 0.2279179810725552 0.3818359375 0.027602523659305992 0.03173828125
1 0.22397476340694006 0.3447265625 0.02365930599369085 0.033203125
1 0.9235015772870663 0.2236328125 0.022082018927444796 0.02685546875
1 0.9219242902208202 0.1923828125 0.021293375394321766 0.02685546875