0 0.8909495548961425 0.26904296875 0.057863501483679525 0.0390625
0 0.8916913946587537 0.30078125 0.064540059347181 0.03125
0 0.8931750741839762 0.3291015625 0.06231454005934718 0.02880859375
0 0.8954005934718101 0.35986328125 0.04821958456973294 0.029296875
0 0.8234421364985163 0.27001953125 0.06008902077151335 0.03125
0 0.6988130563798219 0.26611328125 0.050445103857566766 0.0283203125
0 0.6973293768545994 0.2958984375 0.06899109792284866 0.02978515625
0 0.634272997032641 0.2685546875 0.06008902077151335 0.0302734375
0 0.6958456973293768 0.32763671875 0.05341246290801187 0.02880859375
0 0.6965875370919882 0.35986328125 0.052670623145400594 0.0341796875
0 0.7596439169139466 0.38916015625 0.0586053412462908 0.03125
0 0.7633531157270029 0.421875 0.06008902077151335 0.03125
0 0.7633531157270029 0.45361328125 0.06750741839762611 0.0244140625
0 0.7611275964391692 0.4794921875 0.05712166172106825 0.0244140625
0 0.7655786350148368 0.50439453125 0.06083086053412463 0.025390625
0 0.7640949554896143 0.533203125 0.06008902077151335 0.03076171875
0 0.7700296735905044 0.56103515625 0.05712166172106825 0.02978515625
0 0.7692878338278932 0.5908203125 0.057863501483679525 0.02880859375
0 0.7670623145400594 0.6201171875 0.06157270029673591 0.02734375
0 0.7648367952522255 0.6513671875 0.06157270029673591 0.03125
0 0.8916913946587537 0.396484375 0.05192878338278932 0.03271484375
0 0.8931750741839762 0.43017578125 0.06305637982195846 0.0322265625
0 0.8983679525222552 0.4599609375 0.05637982195845697 0.02783203125
0 0.8946587537091988 0.4892578125 0.04970326409495549 0.03271484375
0 0.8939169139465876 0.5205078125 0.06602373887240356 0.0283203125
0 0.8939169139465876 0.548828125 0.06379821958456973 0.02734375
0 0.8991097922848664 0.57177734375 0.057863501483679525 0.0146484375
0 0.8954005934718101 0.59228515625 0.06899109792284866 0.02685546875
0 0.8968842729970327 0.61669921875 0.0586053412462908 0.02392578125
0 0.8961424332344213 0.63916015625 0.05415430267062315 0.0224609375
0 0.8946587537091988 0.67529296875 0.07863501483679525 0.0234375
0 0.8991097922848664 0.70556640625 0.06305637982195846 0.03271484375
0 0.8916913946587537 0.822265625 0.06008902077151335 0.02685546875
0 0.8902077151335311 0.85009765625 0.05712166172106825 0.02783203125
0 0.8954005934718101 0.89453125 0.06379821958456973 0.02587890625
0 0.7047477744807121 0.8818359375 0.06899109792284866 0.03173828125
0 0.6988130563798219 0.85107421875 0.06379821958456973 0.02734375
0 0.6980712166172107 0.6923828125 0.055637982195845696 0.0263671875
0 0.6980712166172107 0.6650390625 0.052670623145400594 0.02490234375
0 0.6995548961424333 0.71728515625 0.05118694362017804 0.02490234375
0 0.6988130563798219 0.74755859375 0.05489614243323442 0.02978515625
0 0.827893175074184 0.35107421875 0.04970326409495549 0.03369140625
0 0.827893175074184 0.3798828125 0.05415430267062315 0.02099609375
0 0.8301186943620178 0.404296875 0.0586053412462908 0.02783203125
0 0.8264094955489614 0.43115234375 0.05489614243323442 0.029296875
0 0.8293768545994066 0.47802734375 0.052670623145400594 0.02099609375
0 0.827893175074184 0.5078125 0.05415430267062315 0.0361328125
0 0.6988130563798219 0.47021484375 0.052670623145400594 0.029296875
0 0.6980712166172107 0.5009765625 0.055637982195845696 0.02685546875
0 0.6965875370919882 0.548828125 0.05192878338278932 0.03955078125
0 0.6980712166172107 0.5986328125 0.04599406528189911 0.02734375
0 0.634272997032641 0.34326171875 0.04302670623145401 0.02392578125
0 0.637240356083086 0.3720703125 0.05415430267062315 0.04052734375
0 0.6357566765578635 0.408203125 0.06231454005934718 0.02880859375
0 0.6379821958456974 0.4384765625 0.052670623145400594 0.02880859375
0 0.6357566765578635 0.48486328125 0.06008902077151335 0.02490234375
0 0.634272997032641 0.54736328125 0.05934718100890208 0.03369140625
0 0.6357566765578635 0.5830078125 0.06231454005934718 0.03125
0 0.637240356083086 0.62255859375 0.05118694362017804 0.0322265625
0 0.6394658753709199 0.66748046875 0.04821958456973294 0.03173828125
0 0.6357566765578635 0.7509765625 0.04896142433234421 0.037109375
0 0.6394658753709199 0.8134765625 0.05712166172106825 0.033203125
0 0.6394658753709199 0.87548828125 0.04747774480712166 0.02685546875
0 0.6350148367952523 0.9189453125 0.06157270029673591 0.0322265625
0 0.5734421364985163 0.91064453125 0.04673590504451038 0.0380859375
0 0.56973293768546 0.85302734375 0.055637982195845696 0.03076171875
0 0.5727002967359051 0.80908203125 0.04896142433234421 0.0263671875
0 0.5727002967359051 0.755859375 0.055637982195845696 0.02880859375
0 0.5749258160237388 0.7080078125 0.0586053412462908 0.0263671875
0 0.5734421364985163 0.66162109375 0.04970326409495549 0.0322265625
0 0.56973293768546 0.61376953125 0.0586053412462908 0.02880859375
0 0.5741839762611276 0.57958984375 0.055637982195845696 0.03759765625
0 0.5719584569732937 0.52294921875 0.050445103857566766 0.02978515625
0 0.5675074183976261 0.47314453125 0.06083086053412463 0.03515625
0 0.5727002967359051 0.416015625 0.05637982195845697 0.0322265625
0 0.5712166172106825 0.3349609375 0.05489614243323442 0.0341796875
0 0.5741839762611276 0.267578125 0.05712166172106825 0.03076171875
0 0.5089020771513353 0.2724609375 0.0586053412462908 0.03662109375
0 0.5066765578635015 0.3076171875 0.04896142433234421 0.0302734375
0 0.5059347181008902 0.33837890625 0.05341246290801187 0.02783203125
0 0.5103857566765578 0.4638671875 0.050445103857566766 0.0361328125
0 0.5096439169139466 0.517578125 0.04599406528189911 0.03466796875
0 0.5081602373887241 0.58203125 0.057863501483679525 0.0439453125
0 0.18620178041543026 0.26953125 0.0586053412462908 0.03271484375
0 0.18768545994065283 0.2998046875 0.057863501483679525 0.02685546875
0 0.5133531157270029 0.91552734375 0.04376854599406528 0.02685546875
0 0.5096439169139466 0.83251953125 0.04821958456973294 0.02880859375
0 0.5089020771513353 0.619140625 0.05341246290801187 0.03173828125
0 0.4443620178041543 0.271484375 0.06750741839762611 0.03759765625
0 0.443620178041543 0.3232421875 0.06231454005934718 0.0341796875
0 0.44510385756676557 0.36669921875 0.0586053412462908 0.0341796875
0 0.443620178041543 0.39599609375 0.06305637982195846 0.0263671875
0 0.4465875370919881 0.4482421875 0.07640949554896143 0.029296875
0 0.44584569732937684 0.50048828125 0.06008902077151335 0.03369140625
0 0.4473293768545994 0.54345703125 0.06305637982195846 0.0263671875
0 0.37908011869436203 0.27978515625 0.0586053412462908 0.04541015625
0 0.37908011869436203 0.34130859375 0.06379821958456973 0.03125
0 0.3775964391691395 0.41455078125 0.04896142433234421 0.03369140625
0 0.3835311572700297 0.607421875 0.0586053412462908 0.029296875
0 0.3827893175074184 0.634765625 0.06083086053412463 0.0263671875
0 0.38427299703264095 0.6826171875 0.05489614243323442 0.0419921875
0 0.3857566765578635 0.732421875 0.0586053412462908 0.03564453125
0 0.3857566765578635 0.802734375 0.04970326409495549 0.0263671875
0 0.3850148367952522 0.83740234375 0.04821958456973294 0.0234375
0 0.3212166172106825 0.81982421875 0.04747774480712166 0.0400390625
0 0.314540059347181 0.7685546875 0.04673590504451038 0.021484375
0 0.3167655786350148 0.71435546875 0.0586053412462908 0.0302734375
0 0.3167655786350148 0.67431640625 0.04821958456973294 0.01513671875
0 0.31528189910979226 0.64990234375 0.05712166172106825 0.029296875
0 0.314540059347181 0.55078125 0.06231454005934718 0.03466796875
0 0.3167655786350148 0.47119140625 0.05192878338278932 0.0244140625
0 0.3212166172106825 0.39111328125 0.05118694362017804 0.0419921875
0 0.3137982195845697 0.3037109375 0.04673590504451038 0.02783203125
0 0.3115727002967359 0.27099609375 0.04896142433234421 0.02587890625
0 0.24629080118694363 0.27099609375 0.05192878338278932 0.02734375
0 0.25148367952522255 0.3017578125 0.04970326409495549 0.02783203125
0 0.24851632047477745 0.353515625 0.04896142433234421 0.02587890625
0 0.24777448071216618 0.42578125 0.06231454005934718 0.025390625
0 0.25 0.45361328125 0.05637982195845697 0.02783203125
0 0.2559347181008902 0.4775390625 0.05712166172106825 0.03076171875
0 0.2529673590504451 0.505859375 0.0586053412462908 0.02978515625
0 0.24925816023738873 0.55126953125 0.057863501483679525 0.0361328125
0 0.2522255192878338 0.5830078125 0.05934718100890208 0.03125
0 0.2529673590504451 0.6220703125 0.05415430267062315 0.02734375
0 0.2559347181008902 0.67578125 0.05712166172106825 0.02685546875
0 0.2559347181008902 0.70361328125 0.052670623145400594 0.0244140625
0 0.2603857566765579 0.7568359375 0.05341246290801187 0.02099609375
0 0.25667655786350146 0.78173828125 0.05934718100890208 0.02685546875
0 0.2596439169139466 0.8232421875 0.050445103857566766 0.0302734375
0 0.25741839762611274 0.8544921875 0.06231454005934718 0.0234375
0 0.25667655786350146 0.880859375 0.055637982195845696 0.02587890625
0 0.19584569732937684 0.85986328125 0.05637982195845697 0.041015625
0 0.19658753709198812 0.8095703125 0.050445103857566766 0.0341796875
0 0.18991097922848665 0.75439453125 0.05192878338278932 0.02099609375
0 0.1913946587537092 0.73193359375 0.05415430267062315 0.02294921875
0 0.19287833827893175 0.7060546875 0.05341246290801187 0.02490234375
0 0.19362017804154302 0.685546875 0.05118694362017804 0.025390625
0 0.19213649851632048 0.66064453125 0.050445103857566766 0.0263671875
0 0.18991097922848665 0.5888671875 0.06083086053412463 0.02978515625
0 0.19065281899109793 0.4775390625 0.0586053412462908 0.025390625
0 0.18916913946587538 0.4501953125 0.055637982195845696 0.02392578125
0 0.18694362017804153 0.42724609375 0.06083086053412463 0.02197265625
0 0.1884272997032641 0.40185546875 0.05934718100890208 0.0224609375
0 0.18916913946587538 0.3759765625 0.05934718100890208 0.02978515625
1 0.9080118694362018 0.26806640625 0.017062314540059347 0.02978515625
1 0.9117210682492581 0.3017578125 0.018545994065281898 0.02490234375
1 0.9132047477744807 0.32958984375 0.009643916913946587 0.025390625
1 0.9109792284866469 0.35546875 0.013353115727002967 0.02197265625
1 0.9102373887240356 0.39794921875 0.013353115727002967 0.02685546875
1 0.9124629080118695 0.4306640625 0.017804154302670624 0.02685546875
1 0.9124629080118695 0.4609375 0.024480712166172106 0.02001953125
1 0.9124629080118695 0.486328125 0.011869436201780416 0.01953125
1 0.9169139465875371 0.52001953125 0.016320474777448073 0.025390625
1 0.9132047477744807 0.5478515625 0.020029673590504452 0.025390625
1 0.913946587537092 0.5712890625 0.020029673590504452 0.01318359375
1 0.9154302670623146 0.591796875 0.02373887240356083 0.025390625
1 0.913946587537092 0.6171875 0.021513353115727003 0.0205078125
1 0.9117210682492581 0.63916015625 0.015578635014836795 0.015625
1 0.913946587537092 0.67626953125 0.022997032640949554 0.0244140625
1 0.9154302670623146 0.70556640625 0.024480712166172106 0.03271484375
1 0.9109792284866469 0.82177734375 0.017062314540059347 0.02490234375
1 0.9117210682492581 0.84814453125 0.01483679525222552 0.02392578125
1 0.9094955489614244 0.890625 0.017804154302670624 0.01708984375
1 0.7203264094955489 0.87890625 0.028189910979228485 0.02685546875
1 0.7173590504451038 0.85107421875 0.021513353115727003 0.02490234375
1 0.7151335311572701 0.7470703125 0.021513353115727003 0.02783203125
1 0.7158753709198813 0.7177734375 0.017062314540059347 0.02099609375
1 0.7151335311572701 0.69140625 0.017062314540059347 0.025390625
1 0.7129080118694362 0.6640625 0.016320474777448073 0.01953125
1 0.7129080118694362 0.5947265625 0.01483679525222552 0.021484375
1 0.7114243323442137 0.55078125 0.020029673590504452 0.0322265625
1 0.7158753709198813 0.5 0.017062314540059347 0.02099609375
1 0.7166172106824926 0.4716796875 0.017804154302670624 0.02685546875
1 0.7811572700296736 0.390625 0.014094955489614243 0.021484375
1 0.8405044510385756 0.35009765625 0.017804154302670624 0.02978515625
1 0.8419881305637982 0.3798828125 0.016320474777448073 0.01904296875
1 0.8427299703264095 0.404296875 0.020771513353115726 0.0234375
1 0.8427299703264095 0.42822265625 0.018545994065281898 0.01806640625
1 0.8449554896142433 0.47900390625 0.015578635014836795 0.01708984375
1 0.8427299703264095 0.50634765625 0.017804154302670624 0.03076171875
1 0.7826409495548962 0.421875 0.017062314540059347 0.02880859375
1 0.7818991097922848 0.45361328125 0.011869436201780416 0.0205078125
1 0.7789317507418397 0.4794921875 0.019287833827893175 0.02294921875
1 0.7811572700296736 0.50341796875 0.018545994065281898 0.0244140625
1 0.7818991097922848 0.5322265625 0.018545994065281898 0.0244140625
1 0.7826409495548962 0.56201171875 0.02225519287833828 0.025390625
1 0.7818991097922848 0.591796875 0.02225519287833828 0.0283203125
1 0.7856083086053413 0.619140625 0.019287833827893175 0.02294921875
1 0.7848664688427299 0.6494140625 0.014094955489614243 0.02783203125
1 0.6550445103857567 0.91845703125 0.017804154302670624 0.029296875
1 0.6528189910979229 0.87451171875 0.018545994065281898 0.02294921875
1 0.655786350148368 0.81298828125 0.021513353115727003 0.03173828125
1 0.6498516320474778 0.7509765625 0.016320474777448073 0.03369140625
1 0.6491097922848664 0.666015625 0.020029673590504452 0.029296875
1 0.650593471810089 0.62255859375 0.017062314540059347 0.0302734375
1 0.6535608308605341 0.58203125 0.019287833827893175 0.02880859375
1 0.6543026706231454 0.54736328125 0.017062314540059347 0.03076171875
1 0.6513353115727003 0.4833984375 0.020029673590504452 0.0224609375
1 0.6491097922848664 0.4375 0.015578635014836795 0.0244140625
1 0.6520771513353115 0.40869140625 0.016320474777448073 0.0263671875
1 0.6491097922848664 0.36669921875 0.024480712166172106 0.0263671875
1 0.6476261127596439 0.3408203125 0.011869436201780416 0.01171875
1 0.712166172106825 0.35791015625 0.016320474777448073 0.0283203125
1 0.7136498516320475 0.3271484375 0.017804154302670624 0.02685546875
1 0.7151335311572701 0.29541015625 0.021513353115727003 0.02734375
1 0.7136498516320475 0.2646484375 0.021513353115727003 0.025390625
1 0.6528189910979229 0.26806640625 0.019287833827893175 0.03076171875
1 0.5853115727002968 0.265625 0.02596439169139466 0.0234375
1 0.5867952522255193 0.3349609375 0.015578635014836795 0.03173828125
1 0.5897626112759644 0.41162109375 0.018545994065281898 0.0263671875
1 0.5890207715133531 0.47216796875 0.018545994065281898 0.0322265625
1 0.586053412462908 0.52392578125 0.016320474777448073 0.03125
1 0.591246290801187 0.5810546875 0.022997032640949554 0.03466796875
1 0.586053412462908 0.61376953125 0.020771513353115726 0.02734375
1 0.5875370919881305 0.66162109375 0.015578635014836795 0.03125
1 0.591246290801187 0.70849609375 0.017804154302670624 0.02685546875
1 0.5890207715133531 0.75634765625 0.017062314540059347 0.01953125
1 0.5890207715133531 0.80810546875 0.017062314540059347 0.02685546875
1 0.5890207715133531 0.8544921875 0.017062314540059347 0.02978515625
1 0.586053412462908 0.91064453125 0.012611275964391691 0.029296875
1 0.5244807121661721 0.9150390625 0.01483679525222552 0.0224609375
1 0.5252225519287834 0.83154296875 0.015578635014836795 0.02490234375
0 0.5111275964391692 0.87548828125 0.05489614243323442 0.03076171875
0 0.4465875370919881 0.693359375 0.057863501483679525 0.03125
0 0.44510385756676557 0.66259765625 0.05489614243323442 0.02734375
0 0.4465875370919881 0.595703125 0.052670623145400594 0.0322265625
0 0.443620178041543 0.80419921875 0.05489614243323442 0.02880859375
0 0.44510385756676557 0.88427734375 0.04970326409495549 0.03466796875
0 0.44510385756676557 0.8505859375 0.05415430267062315 0.03173828125
0 0.5126112759643917 0.78466796875 0.055637982195845696 0.03955078125
0 0.5103857566765578 0.740234375 0.05118694362017804 0.02978515625
1 0.5259643916913946 0.271484375 0.02225519287833828 0.0302734375
1 0.5192878338278932 0.306640625 0.017062314540059347 0.02685546875
1 0.5200296735905044 0.3359375 0.013353115727002967 0.02490234375
1 0.5244807121661721 0.4609375 0.018545994065281898 0.02880859375
1 0.5237388724035609 0.5146484375 0.014094955489614243 0.02197265625
1 0.5274480712166172 0.578125 0.014094955489614243 0.0322265625
1 0.5274480712166172 0.61865234375 0.020771513353115726 0.02490234375
1 0.5274480712166172 0.74169921875 0.01483679525222552 0.0263671875
1 0.5259643916913946 0.78564453125 0.020771513353115726 0.03759765625
1 0.526706231454006 0.873046875 0.020029673590504452 0.02294921875
1 0.46142433234421365 0.875 0.013353115727002967 0.0126953125
1 0.46142433234421365 0.8505859375 0.01483679525222552 0.03076171875
1 0.45845697329376855 0.80419921875 0.015578635014836795 0.0263671875
1 0.4629080118694362 0.69287109375 0.016320474777448073 0.02783203125
1 0.4606824925816024 0.6640625 0.020029673590504452 0.0244140625
1 0.4621661721068249 0.5947265625 0.017062314540059347 0.03076171875
1 0.4658753709198813 0.54345703125 0.019287833827893175 0.0244140625
1 0.46661721068249257 0.5009765625 0.016320474777448073 0.03173828125
1 0.4681008902077151 0.44775390625 0.021513353115727003 0.02587890625
1 0.46439169139465875 0.39599609375 0.020029673590504452 0.021484375
1 0.4599406528189911 0.365234375 0.021513353115727003 0.02685546875
1 0.46142433234421365 0.322265625 0.019287833827893175 0.03271484375
1 0.4658753709198813 0.27001953125 0.017062314540059347 0.0263671875
1 0.3939169139465875 0.2802734375 0.018545994065281898 0.03955078125
1 0.40059347181008903 0.3408203125 0.016320474777448073 0.02490234375
1 0.3916913946587537 0.4150390625 0.01483679525222552 0.03076171875
1 0.3991097922848665 0.60302734375 0.020771513353115726 0.0234375
1 0.39762611275964393 0.63134765625 0.019287833827893175 0.01708984375
1 0.4020771513353116 0.68408203125 0.020029673590504452 0.04248046875
1 0.4020771513353116 0.72998046875 0.024480712166172106 0.02978515625
1 0.3983679525222552 0.802734375 0.016320474777448073 0.02490234375
1 0.3983679525222552 0.8369140625 0.014094955489614243 0.02294921875
1 0.33086053412462907 0.8203125 0.020771513353115726 0.037109375
1 0.3323442136498516 0.76708984375 0.01112759643916914 0.0166015625
1 0.3330860534124629 0.71337890625 0.017804154302670624 0.02197265625
1 0.33086053412462907 0.67333984375 0.017062314540059347 0.01611328125
1 0.3323442136498516 0.64794921875 0.015578635014836795 0.0283203125
1 0.3323442136498516 0.5517578125 0.020029673590504452 0.0263671875
1 0.32863501483679525 0.4697265625 0.020771513353115726 0.02294921875
1 0.3330860534124629 0.390625 0.02225519287833828 0.041015625
1 0.327893175074184 0.2978515625 0.01112759643916914 0.01318359375
1 0.3249258160237389 0.27001953125 0.017062314540059347 0.025390625
1 0.26409495548961426 0.27490234375 0.015578635014836795 0.01513671875
1 0.2655786350148368 0.30078125 0.017062314540059347 0.02587890625
1 0.263353115727003 0.35546875 0.014094955489614243 0.01708984375
1 0.26706231454005935 0.4248046875 0.019287833827893175 0.021484375
1 0.2663204747774481 0.4501953125 0.020029673590504452 0.01953125
1 0.27225519287833827 0.4755859375 0.017062314540059347 0.02734375
1 0.27299703264094954 0.50341796875 0.02373887240356083 0.02978515625
1 0.2692878338278932 0.55126953125 0.019287833827893175 0.03662109375
1 0.2707715133531157 0.5830078125 0.01483679525222552 0.02392578125
1 0.271513353115727 0.62060546875 0.01483679525222552 0.02734375
1 0.2744807121661721 0.677734375 0.02225519287833828 0.02197265625
1 0.2737388724035608 0.7041015625 0.017062314540059347 0.0224609375
1 0.27522255192878337 0.75439453125 0.021513353115727003 0.0234375
1 0.27299703264094954 0.783203125 0.017062314540059347 0.02734375
1 0.27299703264094954 0.8232421875 0.020771513353115726 0.02783203125
1 0.2744807121661721 0.8544921875 0.019287833827893175 0.02587890625
1 0.27522255192878337 0.87939453125 0.017804154302670624 0.02001953125
1 0.20474777448071216 0.85888671875 0.022997032640949554 0.04052734375
1 0.20474777448071216 0.8076171875 0.022997032640949554 0.02880859375
1 0.206973293768546 0.75244140625 0.018545994065281898 0.01708984375
1 0.2062314540059347 0.73291015625 0.022997032640949554 0.02099609375
1 0.2062314540059347 0.7060546875 0.019287833827893175 0.01904296875
1 0.20771513353115728 0.6865234375 0.017062314540059347 0.02197265625
1 0.2062314540059347 0.65869140625 0.017804154302670624 0.02294921875
1 0.20919881305637983 0.58740234375 0.02373887240356083 0.0302734375
1 0.20771513353115728 0.47802734375 0.019287833827893175 0.0234375
1 0.20548961424332343 0.44970703125 0.020771513353115726 0.02197265625
1 0.20400593471810088 0.42529296875 0.019287833827893175 0.0205078125
1 0.2062314540059347 0.40185546875 0.017804154302670624 0.0205078125
1 0.206973293768546 0.37353515625 0.019287833827893175 0.02587890625
1 0.20474777448071216 0.30029296875 0.02225519287833828 0.0244140625
1 0.19881305637982197 0.27197265625 0.016320474777448073 0.0244140625
1 0.8427299703264095 0.26904296875 0.017804154302670624 0.02880859375