0 0.9318734793187348 0.09423828125 0.058394160583941604 0.03076171875
0 0.9310624493106245 0.17236328125 0.06082725060827251 0.03173828125
0 0.935117599351176 0.22265625 0.0689375506893755 0.02880859375
0 0.9375506893755069 0.30517578125 0.072992700729927 0.04150390625
0 0.9343065693430657 0.3427734375 0.08191403081914031 0.03564453125
0 0.9383617193836172 0.39404296875 0.06569343065693431 0.04931640625
0 0.9383617193836172 0.43017578125 0.0681265206812652 0.0234375
0 0.9375506893755069 0.5712890625 0.06163828061638281 0.04150390625
0 0.9416058394160584 0.7568359375 0.05677210056772101 0.033203125
0 0.851581508515815 0.09619140625 0.0851581508515815 0.03955078125
0 0.8507704785077048 0.1318359375 0.07785888077858881 0.0322265625
0 0.8548256285482563 0.2626953125 0.0786699107866991 0.0380859375
0 0.7672343876723439 0.09423828125 0.07948094079480941 0.0400390625
0 0.7793998377939984 0.419921875 0.072992700729927 0.04931640625
0 0.786699107866991 0.67431640625 0.0786699107866991 0.044921875
0 0.7842660178426601 0.87060546875 0.08353609083536091 0.02734375
0 0.7858880778588808 0.9033203125 0.0867802108678021 0.04052734375
0 0.44120032441200324 0.33251953125 0.08596918085969181 0.03759765625
0 0.44931062449310627 0.42236328125 0.09570154095701541 0.0400390625
0 0.44606650446066504 0.59423828125 0.07785888077858881 0.0400390625
0 0.44768856447688565 0.66064453125 0.0827250608272506 0.037109375
0 0.45336577453365773 0.875 0.0786699107866991 0.03466796875
0 0.5336577453365775 0.8857421875 0.07218167072181671 0.01904296875
0 0.5352798053527981 0.86865234375 0.0705596107055961 0.0166015625
0 0.2944038929440389 0.8623046875 0.07380373073803731 0.03662109375
0 0.28872668288726683 0.82763671875 0.07218167072181671 0.029296875
0 0.3722627737226277 0.83251953125 0.07948094079480941 0.0390625
0 0.3722627737226277 0.86962890625 0.072992700729927 0.0341796875
0 0.37550689375506896 0.912109375 0.08191403081914031 0.0322265625
0 0.43227899432278993 0.0966796875 0.0908353609083536 0.0400390625
0 0.5206812652068127 0.17626953125 0.09407948094079481 0.0439453125
0 0.6082725060827251 0.3310546875 0.08191403081914031 0.03857421875
0 0.6123276561232766 0.43994140625 0.08029197080291971 0.0361328125
0 0.527169505271695 0.46240234375 0.0867802108678021 0.03662109375
0 0.5304136253041363 0.49609375 0.0827250608272506 0.03125
0 0.2733171127331711 0.095703125 0.09245742092457421 0.03857421875
0 0.7259815839416058 0.5791653330078125 0.7512386528791565 0.57495759765625 0.7324301889699919 0.5296439604492188 0.6508690713706408 0.5263040283203125 0.6496731240875913 0.5561848208007812 0.6915890567721005 0.5568321484375 0.7259815839416058 0.5791653330078125
0 0.7275937347931873 0.45259752099609374 0.6428071094890512 0.48262063232421876 0.6442992206001622 0.5121526098632813 0.7152338759124087 0.5115052817382812 0.7447900478507705 0.492408796875 0.7275937347931873 0.45259752099609374
0 0.6115166261151662 0.58544921875 0.09164639091646391 0.03466796875
0 0.6212489862124899 0.61474609375 0.08596918085969181 0.0244140625
0 0.616382806163828 0.7255859375 0.0786699107866991 0.03564453125
0 0.5401459854014599 0.82958984375 0.08434712084347121 0.03369140625
0 0.5385239253852393 0.796875 0.0867802108678021 0.0322265625
0 0.44363341443633414 0.2392578125 0.08596918085969181 0.041015625
0 0.43714517437145173 0.18212890625 0.0689375506893755 0.0322265625
0 0.3560421735604217 0.17431640625 0.08596918085969181 0.0361328125
0 0.35766423357664234 0.2099609375 0.08353609083536091 0.03125
0 0.35928629359286296 0.25927734375 0.09002433090024331 0.03662109375
0 0.36009732360097324 0.296875 0.0851581508515815 0.0390625
0 0.36496350364963503 0.44677734375 0.07542579075425791 0.017578125
0 0.36496350364963503 0.46923828125 0.08596918085969181 0.03173828125
0 0.36658556366585565 0.49560546875 0.07785888077858881 0.0224609375
0 0.36253041362530414 0.5478515625 0.08434712084347121 0.0283203125
0 0.3633414436334144 0.58203125 0.08191403081914031 0.0400390625
0 0.3682076236820762 0.66162109375 0.072992700729927 0.029296875
0 0.3706407137064071 0.69287109375 0.08921330089213302 0.037109375
0 0.3706407137064071 0.74365234375 0.08191403081914031 0.037109375
0 0.37388483373884834 0.7763671875 0.08353609083536091 0.0322265625
0 0.2846715328467153 0.74462890625 0.08353609083536091 0.05029296875
0 0.28548256285482565 0.69091796875 0.0786699107866991 0.05126953125
0 0.20275750202757503 0.8671875 0.08840227088402271 0.03955078125
0 0.2035685320356853 0.82958984375 0.08029197080291971 0.03515625
0 0.20762368207623683 0.7939453125 0.08110300081103 0.03955078125
0 0.11597729115977291 0.720703125 0.09407948094079481 0.03759765625
0 0.19951338199513383 0.59814453125 0.07948094079480941 0.0380859375
0 0.20275750202757503 0.54931640625 0.0827250608272506 0.02783203125
0 0.1954582319545823 0.5185546875 0.08191403081914031 0.033203125
0 0.18815896188158962 0.19921875 0.08434712084347121 0.03076171875
0 0.19383617193836172 0.26220703125 0.0867802108678021 0.0400390625
0 0.19383617193836172 0.29345703125 0.0851581508515815 0.02880859375
0 0.1151662611516626 0.81005859375 0.09164639091646391 0.044921875
0 0.28500899756690995 0.270563421875 0.31118956528791564 0.2718249165039063 0.30874606731549065 0.21001166650390626 0.24054812327656125 0.215131369140625 0.23613861557177615 0.25374349609375 0.27488585563665857 0.2529024931640625 0.28500899756690995 0.270563421875
0 0.2989720097323601 0.475084291015625 0.3178220186536902 0.47865852001953124 0.3164256788321168 0.43597794873046875 0.2337401573398216 0.43740926171875 0.24800715004055152 0.47235104541015627 0.27453677047850766 0.4654128232421875 0.2989720097323601 0.475084291015625
0 0.32166179318734794 0.4984219462890625 0.3164256788321168 0.48055076220703125 0.27139510300081104 0.46604357080078124 0.24905437307380374 0.472771537109375 0.23858214598540145 0.4759252744140625 0.23683675344687755 0.49716045166015627 0.29233955717761556 0.49968344140625 0.32166179318734794 0.4984219462890625
0 0.07527546877534469 0.5234274052734375 0.08898974776966748 0.5271360747070313 0.1074620291970803 0.5230902758789062 0.11865736009732361 0.5205616513671875 0.14468648418491484 0.525618900390625 0.15168354420113545 0.5101099936523438 0.15392262530413625 0.4865094892578125 0.12425501297648013 0.4777436015625 0.06296062287104623 0.47639499169921873 0.07527546877534469 0.5234274052734375
0 0.07667490105433901 0.5657259497070313 0.1057827307380373 0.561005845703125 0.12845325871857258 0.5748289975585937 0.15364273398215736 0.579717681640625 0.1542024914841849 0.545834099609375 0.14916459610705596 0.52762800390625 0.11669817031630171 0.5227393354492188 0.09234834387672344 0.5269536987304687 0.07278047445255474 0.5248836474609375 0.07667490105433901 0.5657259497070313
1 0.948905109489051 0.0947265625 0.019464720194647202 0.0283203125
1 0.948905109489051 0.17236328125 0.019464720194647202 0.02783203125
1 0.9545823195458232 0.22314453125 0.021897810218978103 0.02734375
1 0.9545823195458232 0.30908203125 0.021086780210867802 0.02880859375
1 0.9562043795620438 0.333984375 0.021086780210867802 0.01513671875
1 0.9562043795620438 0.39453125 0.021897810218978103 0.04833984375
1 0.9586374695863747 0.4267578125 0.021086780210867802 0.01513671875
1 0.9586374695863747 0.5634765625 0.019464720194647202 0.02392578125
1 0.9602595296025953 0.751953125 0.015409570154095702 0.0205078125
1 0.8102189781021898 0.8740234375 0.030008110300081103 0.01708984375
1 0.8150851581508516 0.900390625 0.029197080291970802 0.02734375
1 0.8085969180859692 0.66064453125 0.0340632603406326 0.01708984375
1 0.8037307380373074 0.4130859375 0.0267639902676399 0.03564453125
1 0.8832116788321168 0.26025390625 0.019464720194647202 0.03466796875
1 0.8791565287915653 0.1240234375 0.016220600162206 0.017578125
1 0.8799675587996756 0.0859375 0.027575020275750203 0.0185546875
1 0.7891321978913219 0.09326171875 0.030008110300081103 0.03369140625
1 0.6342254663422546 0.33056640625 0.027575020275750203 0.03857421875
1 0.6374695863746959 0.43603515625 0.030819140308191405 0.02783203125
1 0.7242497972424979 0.4736328125 0.029197080291970802 0.03564453125
1 0.7250608272506083 0.5537109375 0.0373073803730738 0.03564453125
1 0.6407137064071371 0.5859375 0.034874290348742905 0.03125
1 0.6463909164639091 0.61474609375 0.028386050283860504 0.02392578125
1 0.6415247364152473 0.7197265625 0.023519870235198703 0.02490234375
1 0.559610705596107 0.796875 0.0332522303325223 0.02978515625
1 0.5587996755879967 0.826171875 0.035685320356853206 0.02392578125
1 0.5587996755879967 0.86767578125 0.025141930251419302 0.01708984375
1 0.5579886455798865 0.8857421875 0.025141930251419302 0.01611328125
1 0.4793187347931874 0.873046875 0.024330900243309004 0.02880859375
1 0.4720194647201946 0.65673828125 0.030008110300081103 0.02978515625
1 0.4744525547445255 0.59228515625 0.0202757502027575 0.01806640625
1 0.47607461476074614 0.4208984375 0.0332522303325223 0.03857421875
1 0.46634225466342255 0.33349609375 0.030008110300081103 0.0361328125
1 0.46472019464720193 0.240234375 0.038929440389294405 0.03369140625
1 0.45660989456609896 0.17431640625 0.032441200324412 0.01708984375
1 0.4606650446066504 0.0986328125 0.0332522303325223 0.03271484375
1 0.3909164639091646 0.1748046875 0.021897810218978103 0.03515625
1 0.3008921330089213 0.09130859375 0.032441200324412 0.02294921875
1 0.29278183292781834 0.24072265625 0.032441200324412 0.05712890625
1 0.21330089213300893 0.1982421875 0.0267639902676399 0.02685546875
1 0.21654501216545013 0.259765625 0.031630170316301706 0.03271484375
1 0.21816707218167072 0.291015625 0.0332522303325223 0.0244140625
1 0.30413625304136255 0.45703125 0.025141930251419302 0.03759765625
1 0.30494728304947283 0.48876953125 0.0332522303325223 0.015625
1 0.38686131386861317 0.546875 0.025141930251419302 0.02734375
1 0.39010543390105434 0.57275390625 0.024330900243309004 0.02490234375
1 0.39010543390105434 0.66455078125 0.021086780210867802 0.02099609375
1 0.39659367396593675 0.68603515625 0.027575020275750203 0.0205078125
1 0.39497161394971614 0.74560546875 0.028386050283860504 0.029296875
1 0.39659367396593675 0.77783203125 0.030008110300081103 0.02783203125
1 0.3982157339821573 0.8330078125 0.027575020275750203 0.04150390625
1 0.3957826439578264 0.8701171875 0.025141930251419302 0.03271484375
1 0.40227088402270883 0.90576171875 0.029197080291970802 0.0224609375
1 0.31305758313057586 0.8642578125 0.032441200324412 0.03271484375
1 0.3122465531224655 0.8310546875 0.021086780210867802 0.0205078125
1 0.31143552311435524 0.73681640625 0.028386050283860504 0.033203125
1 0.30900243309002434 0.689453125 0.025141930251419302 0.03955078125
1 0.22546634225466342 0.59521484375 0.030008110300081103 0.02685546875
1 0.22546634225466342 0.546875 0.034874290348742905 0.025390625
1 0.22303325223033252 0.5166015625 0.025952960259529603 0.02880859375
1 0.1354420113544201 0.50244140625 0.030008110300081103 0.04345703125
1 0.1354420113544201 0.5498046875 0.0373073803730738 0.05078125
1 0.145985401459854 0.720703125 0.031630170316301706 0.03466796875
1 0.14030819140308193 0.810546875 0.023519870235198703 0.03466796875
1 0.23195458231954583 0.833984375 0.023519870235198703 0.0302734375
1 0.22952149229521493 0.79443359375 0.025141930251419302 0.0341796875
1 0.2303325223033252 0.8642578125 0.0267639902676399 0.03125
0 0.1822634493106245 0.7545548081054687 0.2399618588807786 0.7531459409179687 0.24113142173560423 0.7136976635742187 0.21774016545012162 0.7061836918945312 0.2033155806974858 0.7212116142578125 0.16688258475263584 0.7205565009765625 0.1596518896999189 0.7522066889648438 0.1822634493106245 0.7545548081054687
1 0.22546634225466342 0.7294921875 0.032441200324412 0.03564453125
1 0.38605028386050283 0.47021484375 0.025141930251419302 0.02880859375
1 0.3884833738848337 0.49658203125 0.025952960259529603 0.01904296875
1 0.3884833738848337 0.44677734375 0.030008110300081103 0.01318359375
1 0.38523925385239255 0.29638671875 0.030008110300081103 0.03955078125
1 0.38523925385239255 0.2607421875 0.030008110300081103 0.0302734375
1 0.38767234387672345 0.20751953125 0.027575020275750203 0.02587890625
1 0.5498783454987834 0.17626953125 0.031630170316301706 0.03466796875
1 0.5531224655312247 0.4619140625 0.027575020275750203 0.02978515625
1 0.5539334955393349 0.4970703125 0.031630170316301706 0.0244140625