0 0.181640625 0.21124620060790272 0.01806640625 0.02370820668693009
0 0.181884765625 0.23738601823708208 0.0263671875 0.0243161094224924
0 0.181884765625 0.2623100303951368 0.02783203125 0.0243161094224924
0 0.18310546875 0.2896656534954407 0.02783203125 0.02917933130699088
0 0.158447265625 0.274468085106383 0.0234375 0.03100303951367781
0 0.156982421875 0.23617021276595745 0.02490234375 0.023100303951367782
0 0.1591796875 0.21367781155015197 0.0283203125 0.022492401215805473
0 0.659912109375 0.2452887537993921 0.03857421875 0.031610942249240125
0 0.66162109375 0.29088145896656536 0.03173828125 0.0243161094224924
0 0.661865234375 0.31519756838905777 0.03271484375 0.026139817629179333
0 0.632568359375 0.3182370820668693 0.02587890625 0.02917933130699088
0 0.603515625 0.31945288753799395 0.029296875 0.02917933130699088
0 0.60205078125 0.2872340425531915 0.03125 0.03100303951367781
0 0.63232421875 0.28541033434650454 0.02783203125 0.03404255319148936
0 0.11328125 0.7440729483282674 0.02783203125 0.01884498480243161
0 0.1142578125 0.7668693009118541 0.03076171875 0.0243161094224924
0 0.114013671875 0.7948328267477204 0.02587890625 0.03100303951367781
0 0.0748579326171875 0.7996020006079028 0.0747760546875 0.8255116972644377 0.09643469921875 0.8259823677811551 0.102716125 0.8194659203647418 0.1000260078125 0.8106535860182371 0.09979718359375 0.7868380613981762 0.09134402392578125 0.7877048389057751 0.09035293798828126 0.7981879519756838 0.0748579326171875 0.7996020006079028
0 0.087890625 0.7759878419452888 0.0234375 0.023100303951367782
0 0.086181640625 0.7504559270516717 0.025390625 0.026139817629179333
1 0.093994140625 0.7510638297872341 0.0078125 0.019452887537993922
1 0.1220703125 0.7425531914893617 0.01025390625 0.015197568389057751
1 0.12255859375 0.7674772036474165 0.0087890625 0.023100303951367782
1 0.121826171875 0.7936170212765957 0.00830078125 0.02553191489361702
1 0.09521484375 0.7699088145896656 0.00537109375 0.00851063829787234
1 0.095703125 0.8039513677811551 0.0087890625 0.02796352583586626
1 0.1884765625 0.28936170212765955 0.01123046875 0.0243161094224924
1 0.164306640625 0.27477203647416415 0.00732421875 0.02735562310030395
1 0.188720703125 0.26443768996960487 0.0107421875 0.02370820668693009
1 0.189208984375 0.23829787234042554 0.01123046875 0.02066869300911854
1 0.165771484375 0.23343465045592704 0.005859375 0.01702127659574468
1 0.166015625 0.21398176291793314 0.00830078125 0.019452887537993922
1 0.18701171875 0.21124620060790272 0.00634765625 0.02127659574468085
1 0.671630859375 0.24620060790273557 0.01220703125 0.02917933130699088
1 0.64111328125 0.286322188449848 0.009765625 0.02796352583586626
1 0.67236328125 0.2899696048632219 0.01025390625 0.0182370820668693
1 0.671630859375 0.3130699088145897 0.0087890625 0.026139817629179333
1 0.639892578125 0.31854103343465046 0.00732421875 0.01641337386018237
1 0.61279296875 0.3191489361702128 0.0078125 0.0182370820668693
1 0.61181640625 0.2844984802431611 0.00927734375 0.015197568389057751