0 0.311279296875 0.26986951364175565 0.0244140625 0.018979833926453145
0 0.339111328125 0.2722419928825623 0.0234375 0.019572953736654804
0 0.3408203125 0.29270462633451955 0.025390625 0.021352313167259787
0 0.341064453125 0.3099051008303677 0.02587890625 0.01542111506524318
0 0.341796875 0.32829181494661924 0.02587890625 0.021945432977461446
0 0.311767578125 0.3125741399762752 0.02392578125 0.020166073546856466
0 0.31298828125 0.29092526690391457 0.025390625 0.021945432977461446
0 0.31103515625 0.3262158956109134 0.02197265625 0.012455516014234875
0 0.311279296875 0.3428232502965599 0.0224609375 0.021352313167259787
0 0.27880859375 0.33155397390272834 0.029296875 0.02372479240806643
0 0.279052734375 0.31020166073546857 0.03125 0.021352313167259787
0 0.27978515625 0.28825622775800713 0.03076171875 0.02431791221826809
0 0.28125 0.26453143534994067 0.029296875 0.02431791221826809
0 0.279052734375 0.23784104389086597 0.02490234375 0.027283511269276393
0 0.279541015625 0.21055753262158955 0.02685546875 0.02609727164887307
0 0.24853515625 0.23072360616844603 0.02880859375 0.022538552787663108
0 0.2490234375 0.2538552787663108 0.0283203125 0.029062870699881376
1 0.257568359375 0.24940688018979834 0.01220703125 0.020166073546856466
1 0.25634765625 0.22479240806642942 0.0078125 0.011269276393831554
1 0.287353515625 0.21085409252669038 0.01123046875 0.02491103202846975
1 0.285888671875 0.23695136417556345 0.0078125 0.02372479240806643
1 0.28759765625 0.2654211150652432 0.01318359375 0.022538552787663108
1 0.28759765625 0.28855278766310793 0.009765625 0.013048635824436536
1 0.287353515625 0.3057532621589561 0.01171875 0.010676156583629894
1 0.287109375 0.32473309608540923 0.0087890625 0.013048635824436536
1 0.319091796875 0.34489916963226575 0.00927734375 0.022538552787663108
1 0.31884765625 0.32591933570581255 0.0048828125 0.008896797153024912
1 0.319091796875 0.3104982206405694 0.00634765625 0.01482799525504152
1 0.3203125 0.2861803084223013 0.01025390625 0.012455516014234875
1 0.320556640625 0.27016607354685646 0.0078125 0.013048635824436536
1 0.34814453125 0.2677935943060498 0.00537109375 0.010676156583629894
1 0.348876953125 0.284994068801898 0.0087890625 0.011269276393831554
1 0.348388671875 0.30516014234875444 0.0107421875 0.011269276393831554
1 0.34912109375 0.3265124555160142 0.0107421875 0.022538552787663108
0 0.076904296875 0.4377224199288256 0.01904296875 0.02372479240806643
0 0.0751953125 0.45492289442467376 0.01611328125 0.01482799525504152
0 0.076416015625 0.4739027283511269 0.0205078125 0.022538552787663108
0 0.056640625 0.48813760379596677 0.021484375 0.02491103202846975
0 0.055419921875 0.4395017793594306 0.02099609375 0.022538552787663108
0 0.0556640625 0.45729537366548045 0.02001953125 0.013641755634638196
1 0.062255859375 0.4386120996441281 0.0048828125 0.0166073546856465
1 0.080322265625 0.4389086595492289 0.0087890625 0.02491103202846975
1 0.08056640625 0.45670225385527874 0.0029296875 0.00830367734282325
1 0.08203125 0.4697508896797153 0.005859375 0.014234875444839857
1 0.06201171875 0.48784104389086597 0.0087890625 0.021945432977461446
1 0.0625 0.4552194543297746 0.0078125 0.008896797153024912