0 0.7312703583061889 0.16845703125 0.09283387622149837 0.0439453125
0 0.7312703583061889 0.2158203125 0.0985342019543974 0.04638671875
0 0.6083061889250815 0.1689453125 0.10504885993485343 0.048828125
0 0.6091205211726385 0.21533203125 0.10749185667752444 0.04052734375
0 0.1278501628664495 0.16796875 0.09527687296416938 0.0390625
0 0.13192182410423453 0.2109375 0.10830618892508144 0.04833984375
0 0.6017915309446255 0.5673828125 0.10423452768729642 0.04248046875
0 0.6034201954397395 0.6083984375 0.11482084690553745 0.04296875
1 0.6392508143322475 0.56884765625 0.023615635179153095 0.04150390625
1 0.6433224755700325 0.60986328125 0.030944625407166124 0.02783203125
1 0.16612377850162866 0.2099609375 0.03501628664495114 0.04736328125
1 0.15879478827361562 0.166015625 0.03175895765472313 0.03857421875
1 0.6441368078175895 0.171875 0.026058631921824105 0.0400390625
1 0.6441368078175895 0.21044921875 0.03013029315960912 0.017578125
1 0.761400651465798 0.21142578125 0.02687296416938111 0.03564453125
1 0.758957654723127 0.16943359375 0.02280130293159609 0.0380859375