0 0.7587327376116978 0.50390625 0.06580016246953696 0.04052734375
0 0.8229082047116165 0.728515625 0.06823720552396426 0.0283203125
0 0.8204711616571893 0.75830078125 0.06823720552396426 0.029296875
0 0.8277822908204712 0.830078125 0.07392363931762795 0.03515625
0 0.6685621445978879 0.8583984375 0.06336311941510966 0.033203125
0 0.6019496344435419 0.6298828125 0.06823720552396426 0.03955078125
0 0.6003249390739236 0.59765625 0.07148659626320066 0.02783203125
0 0.6043866774979691 0.5048828125 0.059301380991064176 0.03662109375
0 0.2835093419983753 0.78857421875 0.060926076360682375 0.0263671875
0 0.2826969943135662 0.7587890625 0.06904955320877336 0.03173828125
0 0.29894394800974816 0.59619140625 0.07311129163281885 0.03076171875
0 0.29894394800974816 0.564453125 0.06661251015434606 0.03125
1 0.6214459788789602 0.59814453125 0.021933387489845652 0.02587890625
1 0.6214459788789602 0.626953125 0.021933387489845652 0.0341796875
1 0.6214459788789602 0.505859375 0.021933387489845652 0.0361328125
1 0.7774167343623071 0.5029296875 0.022745735174654752 0.0400390625
1 0.8472786352558895 0.728515625 0.021933387489845652 0.0244140625
1 0.8456539398862714 0.75830078125 0.016246953696181964 0.025390625
1 0.8472786352558895 0.82958984375 0.021121039805036556 0.03466796875
1 0.6888708367181153 0.8662109375 0.01868399675060926 0.0322265625
1 0.30544272948822093 0.76025390625 0.020308692120227456 0.0322265625
1 0.30381803411860275 0.7861328125 0.023558082859463852 0.0107421875
1 0.3151909017059301 0.59423828125 0.034930950446791224 0.03125
1 0.314378554021121 0.56396484375 0.025995125913891144 0.029296875