0 0.92138671875 0.8351278600269179 0.03564453125 0.04979811574697174
0 0.76123046875 0.8681022880215343 0.03125 0.039030955585464336
0 0.7587890625 0.8277254374158816 0.03271484375 0.0423956931359354
0 0.716796875 0.7274562584118439 0.03759765625 0.04172274562584118
0 0.7158203125 0.6830417227456258 0.03515625 0.04441453566621804
0 0.876953125 0.5450874831763123 0.0361328125 0.0423956931359354
0 0.79150390625 0.20995962314939434 0.037109375 0.05114401076716016
0 0.7890625 0.26244952893674295 0.04345703125 0.06864064602960969
0 0.7900390625 0.32368775235531627 0.033203125 0.04845222072678331
0 0.79052734375 0.38627187079407804 0.03173828125 0.059219380888290714
0 0.7109375 0.36877523553162855 0.0361328125 0.040376850605652756
0 0.7099609375 0.423956931359354 0.033203125 0.04576043068640646
0 0.63134765625 0.7462987886944819 0.04150390625 0.039030955585464336
0 0.6318359375 0.7099596231493943 0.04296875 0.04374158815612382
0 0.556640625 0.7900403768506057 0.03955078125 0.04845222072678331
0 0.5478515625 0.360699865410498 0.03955078125 0.04979811574697174
0 0.54931640625 0.3183041722745626 0.037109375 0.04912516823687752
0 0.29345703125 0.8283983849259757 0.03759765625 0.04979811574697174
0 0.169921875 0.4246298788694482 0.04150390625 0.04441453566621804
0 0.171875 0.6177658142664872 0.03857421875 0.06594885598923284
0 0.13037109375 0.6386271870794078 0.0361328125 0.05114401076716016
0 0.130859375 0.5908479138627187 0.03466796875 0.046433378196500674
0 0.12841796875 0.5410497981157469 0.0361328125 0.0531628532974428
0 0.13037109375 0.4858681022880215 0.0400390625 0.05585464333781965
0 0.13623046875 0.2570659488559892 0.0380859375 0.05787348586810229
0 0.13525390625 0.20457604306864063 0.04052734375 0.04306864064602961
0 0.1259765625 0.6938088829071333 0.04150390625 0.052489905787348586
0 0.12939453125 0.746971736204576 0.0390625 0.051816958277254375
1 0.8046875 0.20255720053835802 0.01171875 0.03297442799461642
1 0.802734375 0.2631224764468372 0.01025390625 0.059219380888290714
1 0.8017578125 0.3183041722745626 0.0146484375 0.03028263795423957
1 0.8017578125 0.3775235531628533 0.01171875 0.03768506056527591
1 0.89111328125 0.5397039030955586 0.0126953125 0.03768506056527591
1 0.93359375 0.82907133243607 0.0126953125 0.03835800807537012
1 0.76953125 0.8236877523553163 0.01123046875 0.04172274562584118
1 0.7705078125 0.8627187079407806 0.01123046875 0.028936742934051143
1 0.72802734375 0.7261103633916555 0.0146484375 0.034320323014804845
1 0.72802734375 0.6850605652759085 0.01171875 0.047106325706594884
1 0.7236328125 0.4158815612382234 0.00830078125 0.020188425302826378
1 0.72314453125 0.36810228802153433 0.0107421875 0.039703903095558546
1 0.5615234375 0.3135935397039031 0.0146484375 0.04104979811574697
1 0.56298828125 0.35262449528936746 0.0126953125 0.034320323014804845
1 0.14892578125 0.20121130551816957 0.0107421875 0.04104979811574697
1 0.1474609375 0.2496635262449529 0.0126953125 0.0423956931359354
1 0.1845703125 0.4266487213997308 0.01318359375 0.034320323014804845
1 0.1416015625 0.48115746971736206 0.01123046875 0.039030955585464336
1 0.14111328125 0.5376850605652759 0.01220703125 0.02557200538358008
1 0.13916015625 0.5841184387617766 0.0126953125 0.026917900403768506
1 0.18017578125 0.6103633916554508 0.017578125 0.04576043068640646
1 0.13916015625 0.6406460296096904 0.0087890625 0.04508748317631225
1 0.138671875 0.6897711978465679 0.0146484375 0.04172274562584118
1 0.140625 0.7409152086137282 0.01416015625 0.03230148048452221
1 0.306640625 0.8304172274562585 0.0126953125 0.05047106325706595
1 0.6455078125 0.7039030955585465 0.013671875 0.03297442799461642
1 0.64697265625 0.7402422611036339 0.015625 0.02826379542395693
1 0.56884765625 0.7934051144010767 0.01318359375 0.0370121130551817