0 0.901571546732837 0.193359375 0.09925558312655088 0.04296875
0 0.9007444168734491 0.25537109375 0.09511993382961124 0.02685546875
0 0.8999172870140613 0.287109375 0.09429280397022333 0.03369140625
0 0.9048800661703887 0.3779296875 0.0967741935483871 0.04248046875
0 0.8891645988420182 0.7900390625 0.10173697270471464 0.02685546875
0 0.8899917287014061 0.82763671875 0.10504549214226634 0.04541015625
0 0.8014888337468983 0.7451171875 0.08933002481389578 0.04443359375
0 0.8031430934656741 0.6162109375 0.08767576509511993 0.04150390625
0 0.8072787427626137 0.373046875 0.08188585607940446 0.04150390625
0 0.8097601323407775 0.330078125 0.0794044665012407 0.04150390625
0 0.8056244830438379 0.2099609375 0.08436724565756824 0.0419921875
0 0.728701406120761 0.0771484375 0.06865177832919768 0.03662109375
0 0.6426799007444168 0.0751953125 0.08188585607940446 0.03564453125
0 0.6435070306038048 0.1142578125 0.07775020678246485 0.0400390625
0 0.6476426799007444 0.205078125 0.08188585607940446 0.0341796875
0 0.6476426799007444 0.23828125 0.07196029776674938 0.03076171875
0 0.7253928866832092 0.42333984375 0.08354011579818031 0.03466796875
0 0.7121588089330024 0.77587890625 0.08105872622001654 0.04296875
0 0.6368899917287014 0.666015625 0.08684863523573201 0.02587890625
0 0.6360628618693135 0.630859375 0.0934656741108354 0.041015625
0 0.6360628618693135 0.50244140625 0.08188585607940446 0.0341796875
0 0.6377171215880894 0.41162109375 0.09015715467328371 0.046875
0 0.5566583953680728 0.17626953125 0.08767576509511993 0.041015625
0 0.5632754342431762 0.2412109375 0.08933002481389578 0.0263671875
0 0.554177005789909 0.32763671875 0.09263854425144748 0.03759765625
0 0.5417700578990902 0.69384765625 0.09760132340777503 0.03466796875
0 0.5409429280397022 0.7880859375 0.08354011579818031 0.03955078125
0 0.45492142266335817 0.87939453125 0.09181141439205956 0.03955078125
0 0.45905707196029777 0.62841796875 0.08519437551695616 0.03466796875
0 0.46071133167907363 0.66259765625 0.08188585607940446 0.029296875
0 0.46236559139784944 0.57421875 0.07775020678246485 0.0361328125
0 0.46732837055417703 0.412109375 0.08023159636062861 0.033203125
0 0.4665012406947891 0.3837890625 0.08023159636062861 0.02099609375
0 0.46980976013234077 0.2548828125 0.08767576509511993 0.03564453125
0 0.38875103391232424 0.17041015625 0.08023159636062861 0.033203125
0 0.3870967741935484 0.20458984375 0.09098428453267163 0.03271484375
0 0.3837882547559967 0.29296875 0.08354011579818031 0.033203125
0 0.3829611248966088 0.25927734375 0.07444168734491315 0.029296875
0 0.37965260545905705 0.3828125 0.08767576509511993 0.04150390625
0 0.28866832092638545 0.7822265625 0.08105872622001654 0.037109375
0 0.29280397022332505 0.6845703125 0.08436724565756824 0.04150390625
0 0.2919768403639371 0.64990234375 0.08602150537634409 0.0302734375
0 0.3002481389578164 0.478515625 0.08436724565756824 0.04248046875
0 0.2977667493796526 0.37744140625 0.07692307692307693 0.0380859375
0 0.29942100909842845 0.2763671875 0.0827129859387924 0.03466796875
0 0.3052109181141439 0.10302734375 0.0967741935483871 0.04296875
0 0.3052109181141439 0.0673828125 0.0827129859387924 0.02880859375
0 0.21588089330024815 0.0751953125 0.07775020678246485 0.0390625
0 0.13234077750206782 0.0703125 0.0827129859387924 0.02978515625
0 0.21670802315963605 0.14697265625 0.0794044665012407 0.029296875
0 0.21257237386269645 0.1865234375 0.08519437551695616 0.03662109375
0 0.21753515301902399 0.404296875 0.08933002481389578 0.033203125
0 0.21918941273779982 0.4404296875 0.09429280397022333 0.03662109375
0 0.21174524400330852 0.52197265625 0.08188585607940446 0.03271484375
0 0.21257237386269645 0.55517578125 0.08188585607940446 0.02734375
0 0.20264681555004135 0.740234375 0.08105872622001654 0.03173828125
0 0.2001654259718776 0.8427734375 0.0827129859387924 0.03173828125
0 0.12241521918941274 0.86474609375 0.07775020678246485 0.03759765625
0 0.12324234904880066 0.81494140625 0.08023159636062861 0.03515625
0 0.1273779983457403 0.78466796875 0.07444168734491315 0.02685546875
0 0.12241521918941274 0.72900390625 0.07775020678246485 0.0419921875
0 0.12324234904880066 0.66796875 0.08767576509511993 0.04150390625
0 0.12903225806451613 0.60498046875 0.07278742762613731 0.0380859375
0 0.1282051282051282 0.4931640625 0.08436724565756824 0.03955078125
0 0.13564929693961952 0.20361328125 0.08436724565756824 0.02880859375
0 0.13316790736145576 0.10693359375 0.08023159636062861 0.0419921875
0 0.0806309553349876 0.1696118642578125 0.10026230521091811 0.1656264658203125 0.10148924731182796 0.1402647578125 0.09719492307692308 0.11743923046875 0.03159894127377998 0.11916749462890625 0.03339293796526054 0.150047126953125 0.07081525310173697 0.14896019677734376 0.0806309553349876 0.1696118642578125
0 0.0996488064516129 0.171061115234375 0.07695007444168735 0.1696118642578125 0.06713437138130686 0.151134056640625 0.02975822580645161 0.15122318896484374 0.030325555831265512 0.19171278271484374 0.07142875186104218 0.193886642578125 0.09719492307692308 0.1899012109375 0.0996488064516129 0.171061115234375
0 0.05955334987593052 0.32421875 0.062034739454094295 0.0322265625
0 0.05293631100082713 0.6279296875 0.058726220016542596 0.0419921875
0 0.62944582299421 0.7177734375 0.08023159636062861 0.03271484375
0 0.6277915632754343 0.751953125 0.07857733664185278 0.03564453125
1 0.9280397022332506 0.19189453125 0.03970223325062035 0.03759765625
1 0.9296939619520265 0.25390625 0.028949545078577336 0.025390625
1 0.9280397022332506 0.27978515625 0.02977667493796526 0.0205078125
1 0.9321753515301903 0.3759765625 0.03556658395368073 0.03515625
1 0.8312655086848635 0.3720703125 0.030603804797353185 0.0361328125
1 0.8312655086848635 0.333984375 0.028949545078577336 0.03369140625
1 0.8345740281224152 0.2060546875 0.022332506203473945 0.0263671875
1 0.7468982630272953 0.07421875 0.03225806451612903 0.02734375
1 0.6650124069478908 0.0771484375 0.02977667493796526 0.03271484375
1 0.664185277088503 0.10693359375 0.02315963606286187 0.0205078125
1 0.6716294458229942 0.20361328125 0.02977667493796526 0.02880859375
1 0.6674937965260546 0.2353515625 0.03143093465674111 0.02294921875
1 0.7460711331679074 0.42333984375 0.036393713813068655 0.0322265625
1 0.663358147229115 0.41162109375 0.03722084367245657 0.046875
1 0.6617038875103392 0.50244140625 0.022332506203473945 0.02197265625
1 0.8246484698097601 0.61669921875 0.036393713813068655 0.03076171875
1 0.8271298593879239 0.74365234375 0.03722084367245657 0.0341796875
1 0.738626964433416 0.77294921875 0.02977667493796526 0.03271484375
1 0.913151364764268 0.79052734375 0.04052936311000827 0.025390625
1 0.9164598842018197 0.82666015625 0.03143093465674111 0.04345703125
1 0.5665839536807279 0.78515625 0.026468155500413565 0.0341796875
1 0.6534325889164598 0.74609375 0.023986765922249794 0.02099609375
1 0.652605459057072 0.71728515625 0.02729528535980149 0.0283203125
1 0.664185277088503 0.66357421875 0.03225806451612903 0.02001953125
1 0.664185277088503 0.6318359375 0.028949545078577336 0.0341796875
1 0.5822994210090985 0.17626953125 0.028949545078577336 0.03369140625
1 0.5831265508684863 0.23779296875 0.03556658395368073 0.01904296875
1 0.5822994210090985 0.32763671875 0.028949545078577336 0.0322265625
1 0.49379652605459057 0.384765625 0.028122415219189414 0.02001953125
1 0.49545078577336643 0.408203125 0.02564102564102564 0.0234375
1 0.48469809760132343 0.576171875 0.02977667493796526 0.03125
1 0.48966087675765096 0.62939453125 0.02564102564102564 0.0322265625
1 0.4855252274607113 0.66259765625 0.02564102564102564 0.0283203125
1 0.5674110835401158 0.689453125 0.033085194375516956 0.0263671875
1 0.48304383788254757 0.87744140625 0.034739454094292806 0.033203125
1 0.3143093465674111 0.78125 0.030603804797353185 0.0361328125
1 0.22663358147229115 0.73681640625 0.028949545078577336 0.0224609375
1 0.32092638544251445 0.67724609375 0.03143093465674111 0.0263671875
1 0.32092638544251445 0.6455078125 0.02977667493796526 0.01904296875
1 0.32340777502067825 0.4765625 0.03143093465674111 0.0380859375
1 0.3242349048800662 0.37841796875 0.0206782464846981 0.03515625
1 0.40694789081885857 0.38134765625 0.030603804797353185 0.03515625
1 0.4119106699751861 0.29296875 0.03225806451612903 0.0322265625
1 0.40694789081885857 0.259765625 0.028949545078577336 0.01806640625
1 0.41025641025641024 0.20751953125 0.03143093465674111 0.02978515625
1 0.4119106699751861 0.1689453125 0.02729528535980149 0.0302734375
1 0.3333333333333333 0.10107421875 0.03722084367245657 0.0400390625
1 0.3325062034739454 0.06787109375 0.0206782464846981 0.02587890625
1 0.24234904880066171 0.07080078125 0.02315963606286187 0.02490234375
1 0.24069478908188585 0.146484375 0.028122415219189414 0.02392578125
1 0.23904052936311002 0.1865234375 0.03225806451612903 0.03271484375
1 0.1588089330024814 0.20556640625 0.030603804797353185 0.02001953125
1 0.08519437551695616 0.18017578125 0.02564102564102564 0.01806640625
1 0.08519437551695616 0.142578125 0.026468155500413565 0.04638671875
1 0.15467328370554176 0.10400390625 0.03225806451612903 0.0322265625
1 0.15798180314309346 0.06982421875 0.02977667493796526 0.029296875
1 0.07361455748552523 0.32177734375 0.023986765922249794 0.0205078125
1 0.24317617866004962 0.404296875 0.03225806451612903 0.03076171875
1 0.24483043837882548 0.4326171875 0.0380479735318445 0.017578125
1 0.15301902398676592 0.4970703125 0.028949545078577336 0.02783203125
1 0.23738626964433415 0.521484375 0.028122415219189414 0.0302734375
1 0.23573200992555832 0.5556640625 0.02729528535980149 0.02880859375
1 0.14722911497105046 0.6044921875 0.02564102564102564 0.03369140625
1 0.15053763440860216 0.67041015625 0.028122415219189414 0.03515625
1 0.14722911497105046 0.7275390625 0.028122415219189414 0.03662109375
1 0.14971050454921422 0.7841796875 0.02729528535980149 0.0234375
1 0.1480562448304384 0.8154296875 0.02564102564102564 0.02978515625
1 0.228287841191067 0.8427734375 0.026468155500413565 0.02783203125
1 0.14557485525227462 0.86279296875 0.02977667493796526 0.03515625
1 0.07030603804797353 0.630859375 0.019851116625310174 0.03564453125
1 0.49710504549214224 0.25244140625 0.02564102564102564 0.025390625
1 0.32588916459884204 0.2783203125 0.02564102564102564 0.02880859375