0 0.7694736842105263 0.366943359375 0.08070175438596491 0.04296875
0 0.7705263157894737 0.40771484375 0.07719298245614035 0.03662109375
0 0.7726315789473684 0.44384765625 0.07929824561403509 0.04150390625
0 0.772280701754386 0.47900390625 0.08280701754385965 0.033203125
0 0.7736842105263158 0.51318359375 0.0863157894736842 0.03955078125
0 0.7750877192982456 0.54541015625 0.08701754385964912 0.0341796875
0 0.7789473684210526 0.57666015625 0.09543859649122807 0.0322265625
0 0.7817543859649123 0.60546875 0.0912280701754386 0.03662109375
0 0.783859649122807 0.6318359375 0.0912280701754386 0.03564453125
0 0.6898245614035088 0.36279296875 0.07859649122807018 0.03271484375
0 0.6894736842105263 0.399658203125 0.07438596491228071 0.037109375
0 0.6887719298245614 0.435302734375 0.07228070175438596 0.04931640625
0 0.6915789473684211 0.48095703125 0.06947368421052631 0.04638671875
0 0.6982456140350877 0.52294921875 0.07017543859649122 0.0419921875
0 0.6943859649122807 0.56201171875 0.06736842105263158 0.033203125
0 0.6978947368421052 0.59619140625 0.07017543859649122 0.03369140625
0 0.6989473684210527 0.6328125 0.06666666666666667 0.04296875
0 0.5263157894736842 0.636962890625 0.07649122807017544 0.0439453125
0 0.6126315789473684 0.63818359375 0.06385964912280702 0.04248046875
0 0.6143859649122807 0.6015625 0.08280701754385965 0.0302734375
0 0.6136842105263158 0.5712890625 0.07578947368421053 0.04296875
0 0.6140350877192983 0.52294921875 0.07368421052631578 0.0576171875
0 0.6108771929824561 0.48046875 0.07649122807017544 0.03515625
0 0.6028070175438597 0.446044921875 0.08070175438596491 0.0390625
0 0.6052631578947368 0.406005859375 0.07228070175438596 0.041015625
0 0.6003508771929824 0.367919921875 0.0687719298245614 0.041015625
0 0.519298245614035 0.361083984375 0.06736842105263158 0.03076171875
0 0.5210526315789473 0.398193359375 0.07719298245614035 0.0390625
0 0.516140350877193 0.433837890625 0.08280701754385965 0.05224609375
0 0.5189473684210526 0.490478515625 0.08140350877192983 0.05419921875
0 0.519298245614035 0.531494140625 0.0856140350877193 0.03857421875
0 0.5203508771929825 0.564697265625 0.07789473684210527 0.0302734375
0 0.5280701754385965 0.597900390625 0.07298245614035087 0.03759765625
0 0.45052631578947366 0.639404296875 0.07508771929824562 0.0458984375
0 0.4487719298245614 0.599365234375 0.06596491228070175 0.0263671875
0 0.4480701754385965 0.575439453125 0.07508771929824562 0.033203125
0 0.4442105263157895 0.534912109375 0.06807017543859649 0.04833984375
0 0.44035087719298244 0.487548828125 0.06666666666666667 0.03955078125
0 0.43719298245614036 0.445556640625 0.07228070175438596 0.037109375
0 0.43473684210526314 0.405029296875 0.06947368421052631 0.03857421875
0 0.4336842105263158 0.365966796875 0.06947368421052631 0.0380859375
0 0.35333333333333333 0.374267578125 0.07438596491228071 0.04248046875
0 0.3529824561403509 0.413818359375 0.07508771929824562 0.041015625
0 0.35754385964912283 0.453369140625 0.07228070175438596 0.03466796875
0 0.35543859649122805 0.492919921875 0.07508771929824562 0.04443359375
0 0.3585964912280702 0.529052734375 0.07859649122807018 0.03271484375
0 0.3603508771929825 0.566650390625 0.08070175438596491 0.05224609375
0 0.36280701754385963 0.606201171875 0.07578947368421053 0.02685546875
0 0.3642105263157895 0.637451171875 0.07087719298245614 0.04638671875
0 0.27473684210526317 0.373291015625 0.06807017543859649 0.0380859375
0 0.2775438596491228 0.410400390625 0.07578947368421053 0.0390625
0 0.2792982456140351 0.446044921875 0.07228070175438596 0.029296875
0 0.27789473684210525 0.480224609375 0.07578947368421053 0.03857421875
0 0.2810526315789474 0.519287109375 0.07087719298245614 0.03564453125
0 0.2814035087719298 0.551513671875 0.07649122807017544 0.0302734375
0 0.28421052631578947 0.587158203125 0.06947368421052631 0.03759765625
0 0.28421052631578947 0.614501953125 0.07228070175438596 0.02587890625
0 0.2849122807017544 0.645751953125 0.06807017543859649 0.03515625
1 0.7912280701754386 0.365966796875 0.030175438596491227 0.0361328125
1 0.7933333333333333 0.402587890625 0.02456140350877193 0.02587890625
1 0.7971929824561403 0.437255859375 0.02456140350877193 0.03369140625
1 0.7968421052631579 0.478759765625 0.02526315789473684 0.02490234375
1 0.7989473684210526 0.507080078125 0.02526315789473684 0.0283203125
1 0.8017543859649123 0.543212890625 0.020350877192982456 0.02880859375
1 0.8052631578947368 0.570068359375 0.02175438596491228 0.0146484375
1 0.8101754385964912 0.595458984375 0.020350877192982456 0.02490234375
1 0.8094736842105263 0.625244140625 0.02666666666666667 0.03369140625
1 0.7175438596491228 0.623779296875 0.02175438596491228 0.01513671875
1 0.7196491228070175 0.594482421875 0.023859649122807018 0.021484375
1 0.7178947368421053 0.556396484375 0.021052631578947368 0.0234375
1 0.7182456140350877 0.519287109375 0.02526315789473684 0.0322265625
1 0.7143859649122807 0.477294921875 0.029473684210526315 0.0322265625
1 0.7140350877192982 0.432373046875 0.02736842105263158 0.04248046875
1 0.7108771929824561 0.390380859375 0.016842105263157894 0.017578125
1 0.7150877192982457 0.363037109375 0.028070175438596492 0.02783203125
1 0.6242105263157894 0.3681640625 0.019649122807017545 0.03515625
1 0.6256140350877193 0.4052734375 0.02456140350877193 0.03271484375
1 0.6266666666666667 0.44482421875 0.02526315789473684 0.03662109375
1 0.6280701754385964 0.4775390625 0.021052631578947368 0.02294921875
1 0.6308771929824561 0.5224609375 0.02666666666666667 0.05419921875
1 0.6326315789473684 0.571533203125 0.02175438596491228 0.0380859375
1 0.635438596491228 0.601806640625 0.028771929824561403 0.0205078125
1 0.631578947368421 0.6328125 0.016842105263157894 0.02880859375
1 0.5522807017543859 0.633544921875 0.016842105263157894 0.029296875
1 0.5505263157894736 0.595703125 0.02245614035087719 0.03466796875
1 0.5512280701754386 0.564697265625 0.02456140350877193 0.02490234375
1 0.5498245614035088 0.53564453125 0.02526315789473684 0.02783203125
1 0.5449122807017543 0.4912109375 0.025964912280701753 0.05029296875
1 0.5435087719298246 0.423828125 0.018245614035087718 0.03076171875
1 0.5403508771929825 0.39013671875 0.02175438596491228 0.0205078125
1 0.5417543859649123 0.3623046875 0.019649122807017545 0.02490234375
1 0.45824561403508773 0.3671875 0.017543859649122806 0.03125
1 0.4571929824561404 0.40283203125 0.015438596491228071 0.03125
1 0.4624561403508772 0.4423828125 0.021052631578947368 0.01953125
1 0.4592982456140351 0.48095703125 0.02175438596491228 0.0234375
1 0.4673684210526316 0.5341796875 0.015438596491228071 0.04296875
1 0.46771929824561403 0.57666015625 0.017543859649122806 0.029296875
1 0.46982456140350876 0.6015625 0.018947368421052633 0.01513671875
1 0.46807017543859647 0.63525390625 0.020350877192982456 0.03515625
1 0.3887719298245614 0.634765625 0.016842105263157894 0.0400390625
1 0.3898245614035088 0.6044921875 0.018245614035087718 0.01904296875
1 0.3863157894736842 0.56689453125 0.02175438596491228 0.0517578125
1 0.3824561403508772 0.5263671875 0.023157894736842106 0.0224609375
1 0.38070175438596493 0.48486328125 0.018245614035087718 0.0263671875
1 0.37894736842105264 0.44677734375 0.021052631578947368 0.02099609375
1 0.3782456140350877 0.41064453125 0.017543859649122806 0.0302734375
1 0.37649122807017543 0.37353515625 0.02175438596491228 0.03564453125
1 0.29929824561403506 0.369140625 0.02175438596491228 0.02197265625
1 0.29789473684210527 0.40966796875 0.028771929824561403 0.03515625
1 0.29894736842105263 0.4443359375 0.017543859649122806 0.02685546875
1 0.30105263157894735 0.47998046875 0.02526315789473684 0.0380859375
1 0.3042105263157895 0.5185546875 0.02175438596491228 0.03271484375
1 0.3059649122807018 0.5517578125 0.019649122807017545 0.02685546875
1 0.3045614035087719 0.58837890625 0.023157894736842106 0.03515625
1 0.3059649122807018 0.619140625 0.021052631578947368 0.01513671875
1 0.3059649122807018 0.63818359375 0.015438596491228071 0.015625