0 0.8385542168674699 0.1630859375 0.08995983935742972 0.0419921875
0 0.8409638554216867 0.20458984375 0.10200803212851406 0.0439453125
0 0.6 0.1630859375 0.10361445783132531 0.04541015625
0 0.6008032128514056 0.2041015625 0.09718875502008033 0.03564453125
0 0.12449799196787148 0.15625 0.09718875502008033 0.04150390625
0 0.12449799196787148 0.20166015625 0.09558232931726908 0.0419921875
0 0.7188755020080321 0.56396484375 0.09236947791164658 0.05224609375
0 0.7172690763052209 0.6083984375 0.09397590361445783 0.03857421875
0 0.12690763052208837 0.55615234375 0.10763052208835341 0.03857421875
0 0.12610441767068273 0.599609375 0.10281124497991968 0.0478515625
1 0.8690763052208835 0.2060546875 0.024096385542168676 0.03369140625
1 0.8674698795180723 0.16259765625 0.02891566265060241 0.04052734375
1 0.6313253012048192 0.16259765625 0.035341365461847386 0.0419921875
1 0.6321285140562249 0.20703125 0.027309236947791166 0.03271484375
1 0.1566265060240964 0.15869140625 0.024096385542168676 0.037109375
1 0.15903614457831325 0.20263671875 0.023293172690763052 0.0390625
1 0.7502008032128514 0.56689453125 0.024096385542168676 0.04541015625
1 0.7502008032128514 0.607421875 0.020080321285140562 0.0185546875
1 0.1598393574297189 0.55615234375 0.03132530120481928 0.03662109375
1 0.15582329317269075 0.59912109375 0.030522088353413655 0.04345703125