0 0.9104247104247104 0.23095703125 0.06486486486486487 0.03125
0 0.9127413127413128 0.26806640625 0.06563706563706563 0.041015625
0 0.8980694980694981 0.7197265625 0.06872586872586872 0.03466796875
0 0.7505791505791506 0.548828125 0.06872586872586872 0.0361328125
0 0.7513513513513513 0.51416015625 0.07258687258687259 0.0341796875
0 0.6756756756756757 0.5478515625 0.06023166023166023 0.02783203125
0 0.6054054054054054 0.580078125 0.06409266409266409 0.03076171875
0 0.5281853281853282 0.61474609375 0.05405405405405406 0.03125
0 0.528957528957529 0.68798828125 0.06718146718146718 0.0380859375
0 0.5297297297297298 0.720703125 0.0694980694980695 0.03759765625
0 0.5305019305019305 0.75732421875 0.05945945945945946 0.03369140625
0 0.5961389961389961 0.76123046875 0.06332046332046332 0.03173828125
0 0.6 0.796875 0.07104247104247104 0.03076171875
0 0.5969111969111969 0.8271484375 0.06795366795366796 0.03466796875
0 0.5961389961389961 0.8603515625 0.06254826254826255 0.02783203125
0 0.5976833976833977 0.89599609375 0.06872586872586872 0.03759765625
0 0.6756756756756757 0.86376953125 0.06409266409266409 0.0390625
0 0.6733590733590734 0.82763671875 0.06177606177606178 0.02734375
0 0.6710424710424711 0.79345703125 0.06332046332046332 0.0283203125
0 0.6733590733590734 0.75927734375 0.06332046332046332 0.03564453125
0 0.7428571428571429 0.76025390625 0.06023166023166023 0.02978515625
0 0.8200772200772201 0.82861328125 0.06718146718146718 0.03125
0 0.8223938223938224 0.86376953125 0.06795366795366796 0.03466796875
0 0.901930501930502 0.79541015625 0.07027027027027027 0.0322265625
0 0.8988416988416988 0.759765625 0.06563706563706563 0.03759765625
0 0.905019305019305 0.86572265625 0.05945945945945946 0.02978515625
0 0.38764478764478766 0.8974609375 0.07258687258687259 0.0322265625
0 0.3104247104247104 0.8623046875 0.0694980694980695 0.03857421875
0 0.3150579150579151 0.79541015625 0.06332046332046332 0.04638671875
0 0.3853281853281853 0.79150390625 0.05328185328185328 0.037109375
0 0.3806949806949807 0.75537109375 0.055598455598455596 0.0322265625
0 0.38764478764478766 0.68896484375 0.07258687258687259 0.03662109375
0 0.38996138996138996 0.64990234375 0.07027027027027027 0.03759765625
0 0.45714285714285713 0.6494140625 0.054826254826254826 0.0322265625
0 0.3196911196911197 0.64453125 0.06254826254826255 0.03662109375
0 0.24247104247104248 0.57763671875 0.06486486486486487 0.04052734375
0 0.38996138996138996 0.5478515625 0.06563706563706563 0.0400390625
0 0.2525096525096525 0.54345703125 0.06254826254826255 0.0341796875
0 0.24478764478764478 0.4794921875 0.06795366795366796 0.03759765625
0 0.24247104247104248 0.44140625 0.08030888030888031 0.03076171875
0 0.3173745173745174 0.44189453125 0.05714285714285714 0.03857421875
0 0.3915057915057915 0.44189453125 0.05637065637065637 0.04150390625
0 0.3861003861003861 0.47802734375 0.05637065637065637 0.02734375
0 0.4594594594594595 0.44384765625 0.054826254826254826 0.02783203125
0 0.6038610038610038 0.4814453125 0.061003861003861 0.03662109375
0 0.5992277992277992 0.5205078125 0.05637065637065637 0.033203125
0 0.25096525096525096 0.32861328125 0.06254826254826255 0.03271484375
0 0.25096525096525096 0.29638671875 0.06486486486486487 0.0263671875
0 0.25328185328185326 0.26513671875 0.06486486486486487 0.03173828125
0 0.25328185328185326 0.2314453125 0.06177606177606178 0.03369140625
0 0.3227799227799228 0.23095703125 0.06563706563706563 0.03466796875
0 0.32355212355212354 0.29296875 0.054826254826254826 0.0302734375
0 0.32432432432432434 0.3642578125 0.06640926640926641 0.0341796875
0 0.3891891891891892 0.330078125 0.06254826254826255 0.033203125
0 0.3915057915057915 0.3642578125 0.06023166023166023 0.03271484375
0 0.38764478764478766 0.40087890625 0.06023166023166023 0.03125
0 0.4664092664092664 0.2734375 0.06486486486486487 0.03662109375
0 0.39536679536679536 0.294921875 0.05714285714285714 0.03076171875
0 0.4671814671814672 0.23486328125 0.05637065637065637 0.03759765625
0 0.538996138996139 0.23095703125 0.05791505791505792 0.03125
0 0.6061776061776062 0.2353515625 0.06332046332046332 0.03125
0 0.7498069498069498 0.33154296875 0.05791505791505792 0.04150390625
0 0.752895752895753 0.40869140625 0.07027027027027027 0.03369140625
0 0.7513513513513513 0.447265625 0.06563706563706563 0.0361328125
0 0.749034749034749 0.65283203125 0.07027027027027027 0.03173828125
0 0.6 0.693359375 0.06486486486486487 0.03662109375
0 0.6015444015444016 0.724609375 0.05868725868725869 0.02587890625
0 0.46254826254826253 0.7939453125 0.04942084942084942 0.03515625
0 0.45791505791505793 0.75830078125 0.05714285714285714 0.03466796875
0 0.8316602316602316 0.4765625 0.07181467181467181 0.03515625
1 0.932046332046332 0.2314453125 0.01698841698841699 0.029296875
1 0.9305019305019305 0.25634765625 0.023166023166023165 0.01513671875
1 0.7698841698841699 0.32666015625 0.01776061776061776 0.02392578125
1 0.6285714285714286 0.23193359375 0.015444015444015444 0.0244140625
1 0.5598455598455598 0.23193359375 0.013899613899613899 0.0283203125
1 0.48494208494208496 0.23388671875 0.022393822393822392 0.03515625
1 0.4864864864864865 0.27490234375 0.02471042471042471 0.03369140625
1 0.4138996138996139 0.291015625 0.018532818532818532 0.02392578125
1 0.41621621621621624 0.3212890625 0.018532818532818532 0.01513671875
1 0.27104247104247103 0.32470703125 0.01776061776061776 0.02685546875
1 0.2725868725868726 0.291015625 0.016216216216216217 0.01708984375
1 0.3413127413127413 0.28955078125 0.018532818532818532 0.01806640625
1 0.27335907335907333 0.259765625 0.01698841698841699 0.01953125
1 0.27413127413127414 0.23046875 0.016216216216216217 0.033203125
1 0.3467181467181467 0.22802734375 0.022393822393822392 0.0185546875
1 0.2694980694980695 0.44189453125 0.026254826254826256 0.025390625
1 0.33745173745173745 0.4404296875 0.019305019305019305 0.03125
1 0.3420849420849421 0.36376953125 0.025482625482625483 0.03466796875
1 0.4115830115830116 0.36767578125 0.022393822393822392 0.0322265625
1 0.4084942084942085 0.40234375 0.02084942084942085 0.03125
1 0.48416988416988416 0.4453125 0.026254826254826256 0.02197265625
1 0.41003861003861003 0.44189453125 0.02084942084942085 0.04248046875
1 0.41003861003861003 0.478515625 0.020077220077220077 0.02294921875
1 0.6231660231660232 0.48291015625 0.020077220077220077 0.03125
1 0.6223938223938223 0.515625 0.019305019305019305 0.0244140625
1 0.6926640926640927 0.5458984375 0.02471042471042471 0.02783203125
1 0.7760617760617761 0.546875 0.026254826254826256 0.03173828125
1 0.7683397683397684 0.51123046875 0.02471042471042471 0.02783203125
1 0.7683397683397684 0.4462890625 0.025482625482625483 0.03466796875
1 0.772972972972973 0.40478515625 0.030115830115830116 0.02734375
1 0.8494208494208494 0.47607421875 0.027799227799227798 0.02978515625
1 0.623938223938224 0.5791015625 0.023166023166023165 0.02978515625
1 0.5498069498069498 0.6162109375 0.021621621621621623 0.0263671875
1 0.4146718146718147 0.54638671875 0.02857142857142857 0.03662109375
1 0.2671814671814672 0.5419921875 0.02471042471042471 0.02587890625
1 0.2648648648648649 0.57275390625 0.019305019305019305 0.0283203125
1 0.33745173745173745 0.6435546875 0.022393822393822392 0.0361328125
1 0.41003861003861003 0.6494140625 0.019305019305019305 0.0302734375
1 0.4756756756756757 0.6494140625 0.016216216216216217 0.03076171875
1 0.41081081081081083 0.6884765625 0.026254826254826256 0.0390625
1 0.549034749034749 0.68408203125 0.019305019305019305 0.02978515625
1 0.5536679536679536 0.71630859375 0.021621621621621623 0.029296875
1 0.6223938223938223 0.6943359375 0.025482625482625483 0.03955078125
1 0.6185328185328185 0.7314453125 0.023938223938223938 0.01904296875
1 0.6200772200772201 0.75634765625 0.01698841698841699 0.01953125
1 0.6957528957528958 0.75439453125 0.023166023166023165 0.01806640625
1 0.7667953667953668 0.7587890625 0.022393822393822392 0.0263671875
1 0.9235521235521236 0.7158203125 0.022393822393822392 0.01416015625
1 0.922007722007722 0.7578125 0.016216216216216217 0.0341796875
1 0.922007722007722 0.7880859375 0.019305019305019305 0.01953125
1 0.8447876447876448 0.82861328125 0.018532818532818532 0.0322265625
1 0.8463320463320463 0.859375 0.014671814671814672 0.02392578125
1 0.9212355212355212 0.85986328125 0.019305019305019305 0.01611328125
1 0.6200772200772201 0.8583984375 0.020077220077220077 0.017578125
1 0.6926640926640927 0.85986328125 0.02084942084942085 0.03125
1 0.6934362934362934 0.82080078125 0.019305019305019305 0.01708984375
1 0.6918918918918919 0.78759765625 0.019305019305019305 0.013671875
1 0.6208494208494209 0.7900390625 0.025482625482625483 0.0146484375
1 0.6208494208494209 0.82666015625 0.021621621621621623 0.03369140625
1 0.6193050193050194 0.89697265625 0.016216216216216217 0.03564453125
1 0.40772200772200773 0.89501953125 0.019305019305019305 0.02685546875
1 0.33436293436293435 0.86083984375 0.022393822393822392 0.0400390625
1 0.33436293436293435 0.7978515625 0.019305019305019305 0.046875
1 0.4015444015444015 0.7880859375 0.016216216216216217 0.0263671875
1 0.4772200772200772 0.79296875 0.01776061776061776 0.033203125
1 0.47413127413127415 0.75146484375 0.021621621621621623 0.01708984375
1 0.40308880308880307 0.7548828125 0.01698841698841699 0.0322265625
1 0.2671814671814672 0.4775390625 0.01776061776061776 0.033203125
1 0.7667953667953668 0.65087890625 0.026254826254826256 0.03125
1 0.549034749034749 0.75927734375 0.016216216216216217 0.03759765625