0 0.88881069669247 0.15771484375 0.0633356790992259 0.0400390625
0 0.8902181562280085 0.197265625 0.0633356790992259 0.03662109375
0 0.8916256157635468 0.23291015625 0.06403940886699508 0.03759765625
0 0.8909218859957776 0.26611328125 0.06263194933145672 0.0234375
0 0.8916256157635468 0.29052734375 0.0633356790992259 0.02490234375
0 0.8916256157635468 0.314453125 0.05840957072484166 0.02001953125
0 0.8916256157635468 0.3427734375 0.059113300492610835 0.04345703125
0 0.7797325826882477 0.27783203125 0.03729767769176636 0.02001953125
0 0.7783251231527094 0.26025390625 0.03870513722730472 0.01513671875
0 0.7776213933849402 0.248046875 0.03729767769176636 0.00927734375
0 0.7762139338494018 0.23583984375 0.038001407459535536 0.01513671875
0 0.7783251231527094 0.21728515625 0.03870513722730472 0.01904296875
0 0.7790288529204785 0.19873046875 0.03589021815622801 0.0166015625
0 0.7818437719915552 0.181640625 0.036593947923997186 0.015625
0 0.7389162561576355 0.1826171875 0.036593947923997186 0.0185546875
0 0.7375087966220971 0.20263671875 0.036593947923997186 0.01953125
0 0.7375087966220971 0.24267578125 0.034482758620689655 0.01904296875
0 0.6952850105559465 0.25830078125 0.03729767769176636 0.02490234375
0 0.7002111189303307 0.224609375 0.03166783954961295 0.01904296875
0 0.6980999296270233 0.20458984375 0.03166783954961295 0.021484375
1 0.9134412385643913 0.15478515625 0.011259676284306826 0.0263671875
1 0.9127375087966221 0.19189453125 0.013370865587614356 0.02099609375
1 0.9148486980999296 0.23095703125 0.012667135819845179 0.02294921875
1 0.9134412385643913 0.2607421875 0.012667135819845179 0.01171875
1 0.9134412385643913 0.28662109375 0.01688951442646024 0.021484375
1 0.9134412385643913 0.31103515625 0.01055594651653765 0.01171875
1 0.912033779028853 0.333984375 0.01688951442646024 0.02734375
1 0.7909922589725545 0.2353515625 0.011259676284306826 0.015625
1 0.7902885292047853 0.248046875 0.009852216748768473 0.00732421875
1 0.7923997185080929 0.25927734375 0.009852216748768473 0.01171875
1 0.7895847994370162 0.2763671875 0.012667135819845179 0.0166015625
1 0.7072484166080225 0.2587890625 0.011259676284306826 0.02734375
1 0.7086558761435608 0.224609375 0.013370865587614356 0.01806640625
1 0.7086558761435608 0.20458984375 0.011963406052076003 0.02099609375
1 0.7494722026741731 0.2021484375 0.011259676284306826 0.0166015625
1 0.7508796622097115 0.18310546875 0.009852216748768473 0.01708984375
1 0.7945109078114004 0.1826171875 0.013370865587614356 0.0146484375
1 0.7916959887403238 0.19775390625 0.009852216748768473 0.013671875
1 0.7916959887403238 0.21533203125 0.013370865587614356 0.01416015625
1 0.7480647431386348 0.24072265625 0.011259676284306826 0.01025390625