0 0.8125960061443932 0.44677734375 0.08218125960061444 0.0498046875
0 0.9147465437788018 0.828125 0.08448540706605223 0.05810546875
0 0.8172043010752689 0.81689453125 0.10215053763440861 0.0380859375
0 0.8225806451612904 0.86669921875 0.08986175115207373 0.0576171875
0 0.7104454685099847 0.8173828125 0.10522273425499232 0.0615234375
0 0.7227342549923195 0.87255859375 0.08832565284178187 0.04638671875
0 0.5614439324116743 0.5869140625 0.1251920122887865 0.08447265625
0 0.7043010752688172 0.55224609375 0.11597542242703533 0.056640625
0 0.8072196620583717 0.5712890625 0.09523809523809523 0.05712890625
0 0.8164362519201229 0.7080078125 0.09523809523809523 0.0595703125
0 0.7073732718894009 0.66650390625 0.08986175115207373 0.06005859375
1 0.6006144393241167 0.5791015625 0.04377880184331797 0.064453125
1 0.7380952380952381 0.669921875 0.0314900153609831 0.05419921875
1 0.7396313364055299 0.81591796875 0.0314900153609831 0.06396484375
1 0.8494623655913979 0.81298828125 0.03533026113671275 0.02392578125
1 0.847926267281106 0.85009765625 0.03225806451612903 0.02587890625
1 0.7519201228878648 0.86865234375 0.040706605222734255 0.02685546875
1 0.9377880184331797 0.82568359375 0.03917050691244239 0.04931640625
1 0.8456221198156681 0.7001953125 0.03456221198156682 0.04736328125
1 0.8348694316436251 0.57275390625 0.03609831029185868 0.0595703125
1 0.7434715821812596 0.54638671875 0.03302611367127496 0.044921875
1 0.836405529953917 0.44287109375 0.029953917050691243 0.04150390625