0 0.905019305019305 0.20458984375 0.06486486486486487 0.037109375
0 0.8988416988416988 0.265625 0.07027027027027027 0.04296875
0 0.8957528957528957 0.4169921875 0.06254826254826255 0.03857421875
0 0.8934362934362934 0.45263671875 0.06177606177606178 0.025390625
0 0.8942084942084942 0.52197265625 0.06563706563706563 0.0341796875
0 0.894980694980695 0.5888671875 0.06409266409266409 0.03759765625
0 0.8957528957528957 0.62255859375 0.07181467181467181 0.02783203125
0 0.8926640926640926 0.654296875 0.06486486486486487 0.03125
0 0.8934362934362934 0.68994140625 0.07027027027027027 0.0380859375
0 0.8895752895752895 0.72705078125 0.07027027027027027 0.03369140625
0 0.8888030888030888 0.763671875 0.06563706563706563 0.03076171875
0 0.8895752895752895 0.8251953125 0.06486486486486487 0.03466796875
0 0.8108108108108109 0.69091796875 0.05791505791505792 0.02783203125
0 0.8146718146718147 0.6572265625 0.06795366795366796 0.03955078125
0 0.8131274131274131 0.5869140625 0.07181467181467181 0.0380859375
0 0.8108108108108109 0.55224609375 0.07722007722007722 0.0302734375
0 0.8146718146718147 0.51806640625 0.08108108108108109 0.03759765625
0 0.8108108108108109 0.48095703125 0.07027027027027027 0.02783203125
0 0.8146718146718147 0.37646484375 0.05868725868725869 0.03662109375
0 0.8193050193050193 0.302734375 0.0749034749034749 0.03662109375
0 0.7405405405405405 0.23095703125 0.06023166023166023 0.0283203125
0 0.7436293436293436 0.26220703125 0.06486486486486487 0.02880859375
0 0.7359073359073359 0.33447265625 0.06409266409266409 0.0361328125
0 0.738996138996139 0.3779296875 0.05714285714285714 0.03564453125
0 0.7359073359073359 0.416015625 0.061003861003861 0.03662109375
0 0.6687258687258687 0.20166015625 0.05791505791505792 0.0322265625
0 0.6702702702702703 0.2646484375 0.06718146718146718 0.03857421875
0 0.6694980694980694 0.33935546875 0.055598455598455596 0.04248046875
0 0.6656370656370656 0.375 0.05637065637065637 0.02734375
0 0.5961389961389961 0.37744140625 0.06872586872586872 0.033203125
0 0.5907335907335908 0.41162109375 0.07644787644787644 0.0458984375
0 0.5899613899613899 0.44970703125 0.06177606177606178 0.0322265625
0 0.5945945945945946 0.5517578125 0.05791505791505792 0.03125
0 0.5899613899613899 0.5849609375 0.06023166023166023 0.03173828125
0 0.5907335907335908 0.62060546875 0.06254826254826255 0.03125
0 0.5922779922779923 0.6533203125 0.06563706563706563 0.033203125
0 0.5135135135135135 0.69189453125 0.06023166023166023 0.03125
0 0.511969111969112 0.72705078125 0.06795366795366796 0.03515625
0 0.5166023166023166 0.76025390625 0.06409266409266409 0.02783203125
0 0.6594594594594595 0.7958984375 0.07027027027027027 0.03857421875
0 0.6579150579150579 0.83349609375 0.06718146718146718 0.03369140625
0 0.6571428571428571 0.86572265625 0.06563706563706563 0.0302734375
0 0.7351351351351352 0.796875 0.06640926640926641 0.03466796875
0 0.6571428571428571 0.7607421875 0.07104247104247104 0.0302734375
0 0.6594594594594595 0.7294921875 0.06486486486486487 0.03466796875
0 0.7397683397683398 0.65771484375 0.054826254826254826 0.03466796875
0 0.7328185328185328 0.6220703125 0.06254826254826255 0.02734375
0 0.3799227799227799 0.1982421875 0.05405405405405406 0.0263671875
0 0.38455598455598455 0.23388671875 0.04942084942084942 0.0322265625
0 0.4540540540540541 0.26513671875 0.061003861003861 0.03271484375
0 0.4525096525096525 0.30078125 0.05791505791505792 0.03369140625
0 0.5111969111969112 0.34228515625 0.05328185328185328 0.03125
0 0.450965250965251 0.373046875 0.06254826254826255 0.03515625
0 0.37683397683397685 0.3681640625 0.06409266409266409 0.033203125
0 0.37915057915057915 0.29931640625 0.06332046332046332 0.03515625
0 0.23783783783783785 0.23291015625 0.05791505791505792 0.02783203125
0 0.24015444015444015 0.201171875 0.05791505791505792 0.033203125
0 0.23938223938223938 0.25830078125 0.055598455598455596 0.037109375
0 0.23783783783783785 0.41552734375 0.05714285714285714 0.02978515625
0 0.24092664092664093 0.45361328125 0.05868725868725869 0.03857421875
0 0.2308880308880309 0.48193359375 0.06177606177606178 0.03173828125
0 0.23397683397683397 0.58349609375 0.06254826254826255 0.03466796875
0 0.2308880308880309 0.65478515625 0.06795366795366796 0.0400390625
0 0.23706563706563707 0.72412109375 0.06332046332046332 0.0390625
0 0.22934362934362934 0.82763671875 0.05868725868725869 0.03759765625
0 0.30424710424710427 0.8310546875 0.06486486486486487 0.03466796875
0 0.30347490347490347 0.86474609375 0.06254826254826255 0.03076171875
0 0.30579150579150577 0.55126953125 0.06177606177606178 0.03759765625
0 0.37915057915057915 0.52001953125 0.06332046332046332 0.03857421875
0 0.4471042471042471 0.48046875 0.05791505791505792 0.03955078125
0 0.5227799227799228 0.4853515625 0.07104247104247104 0.04248046875
0 0.44478764478764476 0.41259765625 0.06332046332046332 0.03271484375
0 0.37915057915057915 0.48193359375 0.061003861003861 0.02978515625
1 0.922007722007722 0.2060546875 0.02702702702702703 0.03125
1 0.9166023166023166 0.2646484375 0.02857142857142857 0.04150390625
1 0.8401544401544402 0.2998046875 0.016216216216216217 0.0302734375
1 0.9135135135135135 0.41357421875 0.02084942084942085 0.03076171875
1 0.9158301158301159 0.451171875 0.016216216216216217 0.02587890625
1 0.915057915057915 0.52099609375 0.023938223938223938 0.0322265625
1 0.8409266409266409 0.51123046875 0.02857142857142857 0.0205078125
1 0.8355212355212355 0.4775390625 0.019305019305019305 0.0205078125
1 0.8355212355212355 0.36474609375 0.022393822393822392 0.02294921875
1 0.7575289575289575 0.3779296875 0.020077220077220077 0.0380859375
1 0.7583011583011583 0.333984375 0.016216216216216217 0.03564453125
1 0.7637065637065638 0.2587890625 0.02857142857142857 0.02490234375
1 0.7621621621621621 0.2275390625 0.02084942084942085 0.0224609375
1 0.6888030888030888 0.20166015625 0.023166023166023165 0.033203125
1 0.6918918918918919 0.2626953125 0.02084942084942085 0.037109375
1 0.6872586872586872 0.34130859375 0.02084942084942085 0.046875
1 0.6872586872586872 0.369140625 0.02471042471042471 0.0126953125
1 0.7598455598455598 0.41552734375 0.014671814671814672 0.0322265625
1 0.8362934362934363 0.54736328125 0.02702702702702703 0.01806640625
1 0.915057915057915 0.5908203125 0.020077220077220077 0.0380859375
1 0.9158301158301159 0.6220703125 0.022393822393822392 0.0244140625
1 0.8308880308880309 0.58154296875 0.03088803088803089 0.02490234375
1 0.7552123552123552 0.62060546875 0.014671814671814672 0.02587890625
1 0.7513513513513513 0.65478515625 0.020077220077220077 0.0263671875
1 0.833976833976834 0.6572265625 0.018532818532818532 0.04052734375
1 0.915057915057915 0.6513671875 0.018532818532818532 0.0244140625
1 0.9127413127413128 0.6904296875 0.021621621621621623 0.0390625
1 0.8332046332046332 0.6884765625 0.02084942084942085 0.0224609375
1 0.911969111969112 0.728515625 0.013899613899613899 0.0322265625
1 0.915057915057915 0.76025390625 0.02702702702702703 0.01953125
1 0.9142857142857143 0.82470703125 0.025482625482625483 0.03564453125
1 0.7606177606177607 0.796875 0.023938223938223938 0.02783203125
1 0.6818532818532819 0.79443359375 0.026254826254826256 0.03515625
1 0.6803088803088803 0.83447265625 0.022393822393822392 0.03515625
1 0.6818532818532819 0.86376953125 0.023938223938223938 0.013671875
1 0.6841698841698842 0.75634765625 0.02084942084942085 0.01513671875
1 0.6826254826254826 0.72314453125 0.014671814671814672 0.01708984375
1 0.61003861003861 0.64404296875 0.023938223938223938 0.01513671875
1 0.6115830115830115 0.62060546875 0.027799227799227798 0.03369140625
1 0.6115830115830115 0.58447265625 0.020077220077220077 0.0302734375
1 0.6108108108108108 0.5517578125 0.018532818532818532 0.03125
1 0.5374517374517375 0.69189453125 0.020077220077220077 0.02685546875
1 0.5382239382239382 0.72021484375 0.012355212355212355 0.01513671875
1 0.5374517374517375 0.75927734375 0.02471042471042471 0.02783203125
1 0.322007722007722 0.83154296875 0.02702702702702703 0.03369140625
1 0.32432432432432434 0.8642578125 0.02702702702702703 0.02880859375
1 0.2501930501930502 0.82421875 0.02471042471042471 0.03125
1 0.2517374517374517 0.72216796875 0.020077220077220077 0.03759765625
1 0.25405405405405407 0.6533203125 0.01776061776061776 0.03564453125
1 0.25637065637065637 0.58203125 0.021621621621621623 0.03515625
1 0.3258687258687259 0.54296875 0.016216216216216217 0.0185546875
1 0.3961389961389961 0.51220703125 0.021621621621621623 0.02490234375
1 0.3969111969111969 0.48095703125 0.018532818532818532 0.02294921875
1 0.46872586872586874 0.47705078125 0.01698841698841699 0.03271484375
1 0.5420849420849421 0.48486328125 0.026254826254826256 0.04248046875
1 0.6123552123552124 0.44482421875 0.018532818532818532 0.01611328125
1 0.6162162162162163 0.4140625 0.020077220077220077 0.041015625
1 0.6177606177606177 0.37060546875 0.023166023166023165 0.01904296875
1 0.5351351351351351 0.33935546875 0.006177606177606178 0.02685546875
1 0.47104247104247104 0.37353515625 0.020077220077220077 0.03125
1 0.4 0.3671875 0.018532818532818532 0.03466796875
1 0.4671814671814672 0.404296875 0.014671814671814672 0.0166015625
1 0.2571428571428571 0.41455078125 0.01776061776061776 0.029296875
1 0.2571428571428571 0.45556640625 0.019305019305019305 0.037109375
1 0.2555984555984556 0.48583984375 0.01698841698841699 0.01904296875
1 0.2579150579150579 0.2578125 0.018532818532818532 0.03466796875
1 0.2579150579150579 0.22802734375 0.015444015444015444 0.01904296875
1 0.25637065637065637 0.201171875 0.019305019305019305 0.0283203125
1 0.4023166023166023 0.19921875 0.015444015444015444 0.0244140625
1 0.39768339768339767 0.23193359375 0.01776061776061776 0.03076171875
1 0.4718146718146718 0.26318359375 0.023166023166023165 0.02294921875
1 0.47104247104247104 0.30078125 0.021621621621621623 0.03515625
1 0.3992277992277992 0.296875 0.02084942084942085 0.03369140625