0 0.12841796875 0.26034793041391724 0.03271484375 0.028194361127774445
0 0.1298828125 0.2939412117576485 0.033203125 0.032993401319736056
0 0.12939453125 0.3245350929814037 0.03369140625 0.022795440911817635
0 0.131591796875 0.35332933413317336 0.0380859375 0.026994601079784044
0 0.130615234375 0.3767246550689862 0.03564453125 0.01979604079184163
0 0.097412109375 0.392621475704859 0.0322265625 0.027594481103779243
0 0.098388671875 0.34823035392921414 0.02880859375 0.035992801439712056
0 0.0986328125 0.29724055188962206 0.02685546875 0.03479304139172166
0 0.0986328125 0.26304739052189563 0.025390625 0.03059388122375525
0 0.593017578125 0.5227954409118176 0.03173828125 0.020395920815836834
0 0.593994140625 0.5437912417516497 0.0283203125 0.01739652069586083
0 0.5947265625 0.5653869226154769 0.02685546875 0.021595680863827234
0 0.565185546875 0.5563887222555489 0.0244140625 0.02579484103179364
0 0.565673828125 0.5833833233353329 0.02880859375 0.028194361127774445
0 0.5654296875 0.610377924415117 0.0263671875 0.022795440911817635
0 0.56640625 0.6349730053989202 0.02978515625 0.026994601079784044
0 0.56591796875 0.6745650869826035 0.02734375 0.02459508098380324
0 0.847900390625 0.3734253149370126 0.02685546875 0.02519496100779844
0 0.850341796875 0.40221955608878224 0.02734375 0.029394121175764846
0 0.83492216015625 0.4337577384523096 0.8498072534179687 0.43206534613077385 0.85334283203125 0.44480600539892023 0.86229209765625 0.44507181703659265 0.8665164130859375 0.42758745950809834 0.8540966118164063 0.41915693761247746 0.8487889775390625 0.41286248350329935 0.8319529287109375 0.4119835308938213 0.83492216015625 0.4337577384523096
0 0.8203125 0.4256148770245951 0.02490234375 0.03119376124775045
0 0.82421875 0.46040791841631673 0.03173828125 0.02399520095980804
1 0.138671875 0.2561487702459508 0.00927734375 0.016796640671865627
1 0.10498046875 0.2633473305338932 0.01025390625 0.02579484103179364
1 0.10546875 0.2969406118776245 0.00927734375 0.03059388122375525
1 0.140625 0.2927414517096581 0.01220703125 0.03059388122375525
1 0.138916015625 0.3233353329334133 0.0107421875 0.017996400719856028
1 0.141845703125 0.35392921415716855 0.01123046875 0.027594481103779243
1 0.141357421875 0.3779244151169766 0.009765625 0.015596880623875225
1 0.1103515625 0.3935212957408518 0.0126953125 0.016796640671865627
1 0.106689453125 0.3473305338932214 0.01171875 0.032993401319736056
1 0.602294921875 0.5233953209358129 0.00927734375 0.016196760647870425
1 0.602294921875 0.5437912417516497 0.00732421875 0.015596880623875225
1 0.60205078125 0.5641871625674865 0.0078125 0.01859628074385123
1 0.573486328125 0.5563887222555489 0.00830078125 0.02519496100779844
1 0.573486328125 0.5821835632873426 0.0107421875 0.02519496100779844
1 0.5703125 0.6073785242951409 0.0087890625 0.014997000599880024
1 0.57421875 0.6325734853029394 0.00927734375 0.015596880623875225
1 0.572265625 0.673365326934613 0.0087890625 0.023395320935812838
1 0.85791015625 0.4349130173965207 0.0087890625 0.026394721055788842
1 0.83251953125 0.46070785842831435 0.01318359375 0.021595680863827234
1 0.82958984375 0.42651469706058787 0.0068359375 0.028194361127774445
1 0.858642578125 0.40191961607678467 0.0107421875 0.029994001199760048
1 0.858154296875 0.3737252549490102 0.00927734375 0.022195560887822437