0 0.212158203125 0.48839340256566893 0.037109375 0.02504581551618815
0 0.2109375 0.5073304825901038 0.03466796875 0.01710445937690898
0 0.211669921875 0.5250458155161881 0.03857421875 0.019547953573610263
0 0.212158203125 0.547648136835675 0.03662109375 0.028100183262064753
0 0.21337890625 0.578191814294441 0.03369140625 0.03481979230299328
0 0.613525390625 0.5589492974954184 0.03662109375 0.020769700671960906
0 0.614013671875 0.58094074526573 0.033203125 0.019547953573610263
0 0.61376953125 0.6065974343310935 0.04052734375 0.029932803909590716
0 0.6142578125 0.6395846059865608 0.03564453125 0.03420891875381796
0 0.91259765625 0.21502748930971288 0.03369140625 0.032376298106292
0 0.9130859375 0.25534514355528404 0.0341796875 0.033598045204642636
0 0.89599609375 0.2840562003665241 0.0361328125 0.02443494196701283
0 0.894775390625 0.31093463653023823 0.0400390625 0.029321930360415395
0 0.87646484375 0.21594379963347587 0.033203125 0.02626756261453879
0 0.877685546875 0.2403787416004887 0.029296875 0.021380574221136223
0 0.87744140625 0.25870494807574834 0.0341796875 0.01588271227855834
1 0.222412109375 0.4862553451435553 0.01220703125 0.019547953573610263
1 0.22265625 0.5076359193646915 0.00732421875 0.010995723885155772
1 0.222900390625 0.5222968845448992 0.009765625 0.014660965180207697
1 0.223876953125 0.5473427000610873 0.01123046875 0.02626756261453879
1 0.2216796875 0.5778863775198534 0.013671875 0.03176542455711668
1 0.623779296875 0.5580329871716555 0.01123046875 0.014660965180207697
1 0.624755859375 0.580024434941967 0.009765625 0.01832620647525962
1 0.62548828125 0.6075137446548564 0.01220703125 0.02687843616371411
1 0.625 0.6392791692119731 0.00830078125 0.028711056811240074
1 0.92431640625 0.21747098350641417 0.0087890625 0.018937080024434942
1 0.92431640625 0.24923640806353084 0.00830078125 0.0177153329260843
1 0.88720703125 0.21747098350641417 0.01025390625 0.018937080024434942
1 0.886474609375 0.2388515577275504 0.009765625 0.012217470983506415
1 0.88720703125 0.25595601710445937 0.00927734375 0.010384850335980453
1 0.908203125 0.29108124618204034 0.01025390625 0.010995723885155772
1 0.90673828125 0.3118509468540012 0.009765625 0.02687843616371411