0 0.96923828125 0.3287788215200683 0.02197265625 0.029035012809564473
0 0.9462890625 0.35012809564474806 0.0234375 0.029035012809564473
0 0.94580078125 0.3774551665243382 0.0244140625 0.030742954739538857
0 0.96875 0.3825789923142613 0.01904296875 0.030742954739538857
0 0.96923828125 0.43296327924850553 0.0224609375 0.032450896669513236
0 0.96875 0.4637062339880444 0.021484375 0.033304867634500426
0 0.96826171875 0.5260461144321094 0.021484375 0.04013663535439795
0 0.9443359375 0.5106746370623398 0.0205078125 0.033304867634500426
0 0.94384765625 0.5362937660119556 0.02001953125 0.02220324508966695
0 0.943359375 0.5926558497011102 0.02490234375 0.033304867634500426
0 0.96875 0.5841161400512382 0.02294921875 0.04013663535439795
0 0.9443359375 0.6575576430401366 0.0234375 0.029888983774551667
0 0.94384765625 0.6840307429547395 0.0234375 0.02220324508966695
0 0.96630859375 0.7421007685738685 0.0205078125 0.030742954739538857
0 0.943359375 0.7301451750640479 0.0224609375 0.028181041844577284
0 0.94091796875 0.762596071733561 0.02294921875 0.036720751494449186
0 0.962890625 0.8274978650725875 0.01806640625 0.035866780529461996
0 0.94189453125 0.8403074295473953 0.0205078125 0.026473099914602904
0 0.9423828125 0.8659265584970111 0.0244140625 0.02305721605465414
0 0.89306640625 0.7736976942783945 0.0263671875 0.04526046114432109
0 0.8935546875 0.5499573014517506 0.02294921875 0.033304867634500426
0 0.916015625 0.5311699402220325 0.02392578125 0.04526046114432109
0 0.91650390625 0.4824935952177626 0.02099609375 0.03928266438941076
0 0.8935546875 0.4850555081127242 0.01904296875 0.04269854824935952
0 0.9150390625 0.43381725021349277 0.01904296875 0.032450896669513236
0 0.89404296875 0.4372331340734415 0.02001953125 0.036720751494449186
0 0.89501953125 0.37916310845431256 0.02001953125 0.035866780529461996
0 0.91748046875 0.38770281810418444 0.0234375 0.04269854824935952
0 0.9189453125 0.33219470538001705 0.02392578125 0.035012809564474806
0 0.8955078125 0.3492741246797609 0.0224609375 0.026473099914602904
0 0.837890625 0.7959009393680615 0.0234375 0.036720751494449186
0 0.8642578125 0.7378309137489325 0.0224609375 0.033304867634500426
0 0.83984375 0.703672075149445 0.02099609375 0.034158838599487616
0 0.8388671875 0.6763450042698548 0.021484375 0.02220324508966695
0 0.86474609375 0.6046114432109309 0.02197265625 0.028181041844577284
0 0.86474609375 0.5721605465414176 0.02392578125 0.03159692570452605
0 0.86328125 0.5106746370623398 0.025390625 0.03928266438941076
0 0.86572265625 0.45089666951323654 0.0234375 0.033304867634500426
0 0.86474609375 0.4175918018787361 0.02685546875 0.032450896669513236
0 0.86474609375 0.3595217762596072 0.02099609375 0.035012809564474806
0 0.8642578125 0.32792485055508114 0.0234375 0.029888983774551667
0 0.8427734375 0.3561058923996584 0.02001953125 0.04269854824935952
0 0.78662109375 0.8599487617421008 0.02099609375 0.030742954739538857
0 0.7915732329101562 0.803123684884714 0.8004828818359375 0.803123684884714 0.800690080078125 0.7589190111016225 0.7747899091796875 0.7600060076857387 0.7752043217773438 0.7893550196413323 0.78867241015625 0.7875433526900085 0.7915732329101562 0.803123684884714
0 0.7880859375 0.6908625106746371 0.02392578125 0.04099060631938514
0 0.79052734375 0.6268146883005978 0.0234375 0.04099060631938514
0 0.81298828125 0.5883859948761742 0.01953125 0.03159692570452605
0 0.79052734375 0.5687446626814688 0.0234375 0.035012809564474806
0 0.8134765625 0.4816396242527754 0.0205078125 0.026473099914602904
0 0.81396484375 0.4568744662681469 0.021484375 0.027327070879590094
0 0.79150390625 0.426131511528608 0.01953125 0.03159692570452605
0 0.81396484375 0.40563620836891545 0.021484375 0.04184457728437233
0 0.79052734375 0.3552519214346712 0.02197265625 0.033304867634500426
0 0.76318359375 0.32792485055508114 0.0205078125 0.036720751494449186
0 0.7373046875 0.3552519214346712 0.02197265625 0.03842869342442357
0 0.73779296875 0.4227156276686593 0.02294921875 0.02305721605465414
0 0.73779296875 0.4560204953031597 0.02197265625 0.037574722459436376
0 0.7607421875 0.45858240819812124 0.02294921875 0.035866780529461996
0 0.76171875 0.4961571306575576 0.02099609375 0.04013663535439795
0 0.76220703125 0.5354397950469684 0.01953125 0.036720751494449186
0 0.73779296875 0.5362937660119556 0.0224609375 0.04184457728437233
0 0.73388671875 0.6857386848847139 0.0224609375 0.037574722459436376
0 0.7333984375 0.7856532877882152 0.02587890625 0.04269854824935952
0 0.73486328125 0.8283518360375747 0.02783203125 0.04355251921434671
0 0.68408203125 0.8411614005123825 0.021484375 0.029888983774551667
0 0.68359375 0.8112724167378309 0.02294921875 0.029888983774551667
0 0.7080078125 0.5900939368061486 0.0224609375 0.037574722459436376
0 0.685546875 0.5567890691716482 0.0224609375 0.033304867634500426
0 0.68603515625 0.4449188727583262 0.0244140625 0.034158838599487616
0 0.685546875 0.39026473099914605 0.0234375 0.04013663535439795
0 0.685546875 0.35269000853970967 0.0205078125 0.03928266438941076
0 0.708984375 0.36976942783945344 0.02490234375 0.0444064901793339
0 0.708984375 0.32707087959009395 0.0224609375 0.04013663535439795
0 0.6259765625 0.31682322801024765 0.02294921875 0.030742954739538857
0 0.62353515625 0.3492741246797609 0.02294921875 0.030742954739538857
0 0.62353515625 0.39880444064901793 0.025390625 0.03842869342442357
0 0.623046875 0.46883005977796754 0.02392578125 0.04013663535439795
0 0.60009765625 0.47651579846285225 0.021484375 0.0444064901793339
0 0.6240234375 0.533731853116994 0.02294921875 0.033304867634500426
0 0.62255859375 0.5986336464560205 0.02685546875 0.04013663535439795
0 0.62353515625 0.6293766011955594 0.02197265625 0.02220324508966695
0 0.625 0.7566182749786508 0.02392578125 0.04269854824935952
0 0.62548828125 0.7941929974380871 0.0234375 0.03842869342442357
0 0.62548828125 0.8650725875320239 0.0224609375 0.03159692570452605
0 0.6005859375 0.8155422715627668 0.02197265625 0.06831767719897523
0 0.60009765625 0.7566182749786508 0.0224609375 0.035866780529461996
0 0.56982421875 0.3210930828351836 0.01806640625 0.04184457728437233
0 0.54736328125 0.3492741246797609 0.02294921875 0.036720751494449186
0 0.57275390625 0.37147736976942786 0.02099609375 0.026473099914602904
0 0.56982421875 0.4210076857386849 0.02490234375 0.030742954739538857
0 0.57080078125 0.44918872758326217 0.02197265625 0.024765157984628524
0 0.54638671875 0.4645602049530316 0.0205078125 0.036720751494449186
0 0.57080078125 0.47993168232280103 0.02001953125 0.026473099914602904
0 0.54736328125 0.4987190435525192 0.0205078125 0.026473099914602904
0 0.56982421875 0.5098206660973527 0.0205078125 0.029035012809564473
0 0.5478515625 0.5294619982920581 0.021484375 0.03159692570452605
0 0.57177734375 0.5602049530315969 0.021484375 0.032450896669513236
0 0.5712890625 0.5883859948761742 0.02392578125 0.027327070879590094
0 0.5712890625 0.6122971818958155 0.02392578125 0.02305721605465414
0 0.5732421875 0.6396242527754057 0.02490234375 0.03159692570452605
0 0.54736328125 0.6131511528608027 0.02197265625 0.037574722459436376
0 0.572265625 0.6865926558497011 0.02001953125 0.035012809564474806
0 0.57177734375 0.7463706233988044 0.02099609375 0.033304867634500426
0 0.54541015625 0.7549103330486764 0.02392578125 0.034158838599487616
0 0.546875 0.7890691716481639 0.02294921875 0.034158838599487616
0 0.5712890625 0.829205807002562 0.02001953125 0.03159692570452605
0 0.5712890625 0.856532877882152 0.0234375 0.027327070879590094
0 0.54736328125 0.8582408198121264 0.0224609375 0.029035012809564473
0 0.49560546875 0.8249359521776259 0.02099609375 0.03928266438941076
0 0.49658203125 0.7890691716481639 0.02294921875 0.028181041844577284
0 0.51904296875 0.7685738684884714 0.0234375 0.03159692570452605
0 0.51953125 0.7395388556789069 0.02197265625 0.032450896669513236
0 0.5185546875 0.7096498719043552 0.02392578125 0.02220324508966695
0 0.49560546875 0.6336464560204953 0.0263671875 0.035866780529461996
0 0.49658203125 0.5986336464560205 0.02294921875 0.033304867634500426
0 0.4970703125 0.5038428693424424 0.02392578125 0.036720751494449186
0 0.51904296875 0.4884713919726729 0.02685546875 0.029035012809564473
0 0.49560546875 0.4594363791631085 0.0185546875 0.037574722459436376
0 0.517578125 0.4192997438087105 0.02392578125 0.037574722459436376
0 0.4970703125 0.3552519214346712 0.02294921875 0.036720751494449186
0 0.52001953125 0.3569598633646456 0.02099609375 0.034158838599487616
0 0.51904296875 0.32365499573014517 0.02099609375 0.03159692570452605
0 0.4658203125 0.32450896669513235 0.02490234375 0.04269854824935952
0 0.46923828125 0.3962425277540564 0.0244140625 0.03842869342442357
0 0.443359375 0.4594363791631085 0.02294921875 0.036720751494449186
0 0.46435546875 0.5986336464560205 0.02294921875 0.04013663535439795
0 0.44384765625 0.6199829205807003 0.0283203125 0.03928266438941076
0 0.46337890625 0.6660973526900086 0.02587890625 0.04611443210930828
0 0.44091796875 0.71733561058924 0.02099609375 0.03842869342442357
0 0.44140625 0.6797608881298036 0.017578125 0.036720751494449186
0 0.4658203125 0.7053800170794193 0.0244140625 0.027327070879590094
0 0.466796875 0.735269000853971 0.02197265625 0.028181041844577284
0 0.43994140625 0.852263023057216 0.02392578125 0.04696840307429547
0 0.46337890625 0.7882152006831767 0.021484375 0.028181041844577284
0 0.31591796875 0.11528608027327071 0.02294921875 0.04269854824935952
0 0.31591796875 0.1596925704526046 0.0244140625 0.03842869342442357
0 0.31591796875 0.19982920580700256 0.0234375 0.035012809564474806
0 0.31787109375 0.23996584116140052 0.0234375 0.04269854824935952
0 0.31787109375 0.2852263023057216 0.0234375 0.037574722459436376
0 0.31884765625 0.3339026473099915 0.025390625 0.04696840307429547
0 0.291015625 0.21776259607173357 0.02392578125 0.034158838599487616
0 0.29150390625 0.24679760888129804 0.02392578125 0.04269854824935952
0 0.29248046875 0.3996584116140051 0.0283203125 0.033304867634500426
0 0.29296875 0.43894107600341586 0.02685546875 0.04013663535439795
0 0.2666015625 0.43552519214346713 0.02587890625 0.04099060631938514
0 0.26611328125 0.39538855678906915 0.0244140625 0.03159692570452605
0 0.26611328125 0.3287788215200683 0.02783203125 0.05294619982920581
0 0.26611328125 0.2604611443210931 0.02734375 0.0444064901793339
0 0.26513671875 0.21861656703672075 0.0263671875 0.03842869342442357
0 0.2373046875 0.22459436379163109 0.0263671875 0.035012809564474806
0 0.23681640625 0.15883859948761742 0.03271484375 0.04099060631938514
0 0.2373046875 0.11784799316823227 0.029296875 0.036720751494449186
0 0.20751953125 0.11443210930828351 0.02685546875 0.033304867634500426
0 0.2060546875 0.15542271562766866 0.0263671875 0.04526046114432109
0 0.20751953125 0.19470538001707943 0.0283203125 0.027327070879590094
0 0.20947265625 0.22032450896669514 0.02734375 0.029888983774551667
0 0.21044921875 0.28949615713065757 0.02685546875 0.04953031596925705
0 0.236328125 0.3390264730999146 0.02587890625 0.035012809564474806
0 0.20849609375 0.33561058923996584 0.0302734375 0.035012809564474806
0 0.20947265625 0.3783091374893254 0.03076171875 0.04099060631938514
0 0.2392578125 0.4039282664389411 0.0244140625 0.034158838599487616
0 0.2373046875 0.4380871050384287 0.02880859375 0.030742954739538857
0 0.23828125 0.4739538855678907 0.0283203125 0.04953031596925705
0 0.23876953125 0.5397096498719044 0.0263671875 0.035012809564474806
0 0.208984375 0.5371477369769427 0.0263671875 0.035012809564474806
0 0.23974609375 0.7011101622544833 0.0234375 0.026473099914602904
0 0.23876953125 0.7284372331340735 0.02490234375 0.024765157984628524
0 0.267578125 0.6643894107600341 0.0283203125 0.035866780529461996
0 0.26708984375 0.7070879590093937 0.02685546875 0.04782237403928266
0 0.29541015625 0.667805294619983 0.021484375 0.02220324508966695
0 0.29736328125 0.695132365499573 0.02392578125 0.028181041844577284
0 0.29541015625 0.7216054654141759 0.0224609375 0.018787361229718188
0 0.2939453125 0.47822374039282667 0.0205078125 0.04355251921434671
0 0.26708984375 0.47993168232280103 0.02783203125 0.03928266438941076
0 0.26904296875 0.5977796754910333 0.02587890625 0.04611443210930828
0 0.15234375 0.29035012809564475 0.0283203125 0.033304867634500426
0 0.1796875 0.2143467122117848 0.0283203125 0.04099060631938514
0 0.18017578125 0.17335610589239966 0.02587890625 0.026473099914602904
0 0.2392578125 0.7899231426131511 0.03125 0.04269854824935952
0 0.2412109375 0.8676345004269855 0.02685546875 0.037574722459436376
0 0.23974609375 0.8992314261315115 0.02490234375 0.02305721605465414
0 0.2421875 0.9197267292912041 0.029296875 0.026473099914602904
0 0.21044921875 0.8667805294619982 0.0263671875 0.032450896669513236
0 0.2119140625 0.6643894107600341 0.02685546875 0.029035012809564473
0 0.18017578125 0.43467122117847995 0.0283203125 0.034158838599487616
0 0.18115234375 0.46883005977796754 0.0302734375 0.027327070879590094
0 0.1787109375 0.5277540563620837 0.0283203125 0.036720751494449186
0 0.1826171875 0.7677198975234842 0.0302734375 0.04099060631938514
0 0.18359375 0.8317677198975235 0.029296875 0.029035012809564473
0 0.18359375 0.8676345004269855 0.02783203125 0.03842869342442357
0 0.1552734375 0.9111870196413322 0.0244140625 0.036720751494449186
0 0.154296875 0.8770281810418445 0.02734375 0.029035012809564473
0 0.15380859375 0.8326216908625107 0.02978515625 0.03928266438941076
0 0.15380859375 0.7378309137489325 0.03076171875 0.04782237403928266
0 0.15283203125 0.6660973526900086 0.02978515625 0.03842869342442357
0 0.15185546875 0.623398804440649 0.0283203125 0.04013663535439795
0 0.15087890625 0.5747224594363791 0.025390625 0.05123825789923143
0 0.15087890625 0.5277540563620837 0.025390625 0.04013663535439795
0 0.15283203125 0.48590947907771137 0.02392578125 0.04526046114432109
0 0.1220703125 0.14175918018787362 0.029296875 0.037574722459436376
0 0.1220703125 0.18018787361229718 0.0283203125 0.034158838599487616
0 0.12255859375 0.26216908625106744 0.02734375 0.035012809564474806
0 0.12451171875 0.318531169940222 0.033203125 0.037574722459436376
0 0.12353515625 0.38684884713919726 0.02880859375 0.04099060631938514
0 0.125 0.45004269854824935 0.02880859375 0.035012809564474806
0 0.12353515625 0.5132365499573015 0.02880859375 0.04184457728437233
0 0.1240234375 0.5704526046114432 0.02978515625 0.03842869342442357
0 0.12353515625 0.6251067463706234 0.025390625 0.034158838599487616
0 0.123046875 0.6541417591801879 0.02734375 0.029035012809564473
0 0.12646484375 0.8232280102476516 0.02294921875 0.036720751494449186
0 0.125 0.8736122971818958 0.02587890625 0.035012809564474806
0 0.0380859375 0.8198121263877028 0.02880859375 0.033304867634500426
0 0.06884765625 0.7207514944491887 0.0283203125 0.034158838599487616
0 0.0390625 0.5977796754910333 0.02880859375 0.03928266438941076
0 0.06787109375 0.5465414175918019 0.03271484375 0.03159692570452605
0 0.0703125 0.5892399658411615 0.02978515625 0.04953031596925705
0 0.03515625 0.3373185311699402 0.02734375 0.04099060631938514
0 0.06591796875 0.3210930828351836 0.03076171875 0.032450896669513236
0 0.06787109375 0.3561058923996584 0.02978515625 0.036720751494449186
0 0.0361328125 0.23825789923142612 0.03173828125 0.03842869342442357
0 0.03662109375 0.17506404782237403 0.02685546875 0.04013663535439795
0 0.09228515625 0.18958155422715628 0.02783203125 0.029888983774551667
0 0.09326171875 0.40563620836891545 0.02392578125 0.03928266438941076
0 0.09228515625 0.44150298889837747 0.02587890625 0.0444064901793339
0 0.09521484375 0.5226302305721605 0.02685546875 0.05294619982920581
0 0.0986328125 0.7258753202391118 0.0263671875 0.026473099914602904
0 0.099609375 0.7574722459436379 0.02880859375 0.037574722459436376
0 0.06689453125 0.5089666951323655 0.0302734375 0.04184457728437233
0 0.06591796875 0.4671221178479932 0.025390625 0.035866780529461996
0 0.0673828125 0.430401366353544 0.0234375 0.03159692570452605
0 0.06689453125 0.2553373185311699 0.02685546875 0.04355251921434671
1 0.97607421875 0.32621690862510677 0.0078125 0.02305721605465414
1 0.953125 0.3484201537147737 0.00732421875 0.02305721605465414
1 0.95263671875 0.3783091374893254 0.0078125 0.024765157984628524
1 0.9755859375 0.38343296327924853 0.00732421875 0.02049530315969257
1 0.97705078125 0.430401366353544 0.00634765625 0.025619128949615714
1 0.9755859375 0.4637062339880444 0.00634765625 0.029035012809564473
1 0.974609375 0.5192143467122118 0.00830078125 0.02305721605465414
1 0.951171875 0.5132365499573015 0.0068359375 0.029888983774551667
1 0.95068359375 0.5371477369769427 0.00634765625 0.011101622544833475
1 0.95068359375 0.5909479077711358 0.00830078125 0.029888983774551667
1 0.9755859375 0.5849701110162254 0.00634765625 0.029888983774551667
1 0.951171875 0.6549957301451751 0.0068359375 0.026473099914602904
1 0.95068359375 0.681468830059778 0.009765625 0.015371477369769428
1 0.97119140625 0.7386848847139197 0.0087890625 0.025619128949615714
1 0.94970703125 0.730999146029035 0.0078125 0.02391118701964133
1 0.94921875 0.7608881298035867 0.0068359375 0.028181041844577284
1 0.97021484375 0.8274978650725875 0.0048828125 0.03159692570452605
1 0.9482421875 0.838599487617421 0.00634765625 0.02391118701964133
1 0.94775390625 0.8642186165670367 0.00732421875 0.018787361229718188
1 0.89990234375 0.7736976942783945 0.009765625 0.036720751494449186
1 0.900390625 0.5499573014517506 0.00732421875 0.029888983774551667
1 0.92236328125 0.5303159692570453 0.0078125 0.04269854824935952
1 0.921875 0.4850555081127242 0.00732421875 0.029035012809564473
1 0.89892578125 0.484201537147737 0.0078125 0.035012809564474806
1 0.8994140625 0.4372331340734415 0.0078125 0.032450896669513236
1 0.9228515625 0.430401366353544 0.0078125 0.018787361229718188
1 0.92431640625 0.38770281810418444 0.0068359375 0.04184457728437233
1 0.90087890625 0.376601195559351 0.0068359375 0.02134927412467976
1 0.90185546875 0.3492741246797609 0.0078125 0.027327070879590094
1 0.9248046875 0.33134073441502987 0.01025390625 0.033304867634500426
1 0.87255859375 0.33134073441502987 0.00634765625 0.018787361229718188
1 0.87109375 0.3578138343296328 0.00634765625 0.02305721605465414
1 0.87158203125 0.4150298889837746 0.0087890625 0.015371477369769428
1 0.87060546875 0.4466268146883006 0.0068359375 0.017933390264730998
1 0.87060546875 0.5098206660973527 0.00927734375 0.037574722459436376
1 0.87060546875 0.5721605465414176 0.0087890625 0.029035012809564473
1 0.87060546875 0.6046114432109309 0.009765625 0.02305721605465414
1 0.845703125 0.6746370623398804 0.00732421875 0.02049530315969257
1 0.84423828125 0.7053800170794193 0.0078125 0.028181041844577284
1 0.87060546875 0.7378309137489325 0.0078125 0.030742954739538857
1 0.845703125 0.7967549103330487 0.00732421875 0.034158838599487616
1 0.84814453125 0.3561058923996584 0.0078125 0.030742954739538857
1 0.8203125 0.40563620836891545 0.005859375 0.0444064901793339
1 0.79833984375 0.35439795046968403 0.00634765625 0.032450896669513236
1 0.7978515625 0.4269854824935952 0.0068359375 0.030742954739538857
1 0.8193359375 0.45772843723313406 0.00634765625 0.029035012809564473
1 0.8203125 0.4824935952177626 0.005859375 0.015371477369769428
1 0.79833984375 0.5670367207514945 0.00830078125 0.025619128949615714
1 0.818359375 0.5900939368061486 0.00830078125 0.029035012809564473
1 0.796875 0.6259607173356105 0.00830078125 0.037574722459436376
1 0.796875 0.6823228010247652 0.00732421875 0.02391118701964133
1 0.79541015625 0.7796754910333049 0.00732421875 0.04184457728437233
1 0.7939453125 0.8582408198121264 0.00537109375 0.028181041844577284
1 0.7421875 0.8283518360375747 0.0107421875 0.035866780529461996
1 0.74072265625 0.7873612297181896 0.00830078125 0.036720751494449186
1 0.7421875 0.6840307429547395 0.005859375 0.030742954739538857
1 0.744140625 0.5371477369769427 0.0078125 0.036720751494449186
1 0.7685546875 0.5345858240819812 0.0078125 0.034158838599487616
1 0.76708984375 0.4961571306575576 0.009765625 0.03842869342442357
1 0.767578125 0.45858240819812124 0.00830078125 0.024765157984628524
1 0.74462890625 0.4560204953031597 0.00634765625 0.033304867634500426
1 0.74609375 0.42356959863364646 0.0068359375 0.013663535439795047
1 0.744140625 0.3552519214346712 0.005859375 0.033304867634500426
1 0.7685546875 0.32707087959009395 0.00927734375 0.034158838599487616
1 0.71484375 0.587532023911187 0.0078125 0.030742954739538857
1 0.6923828125 0.5550811272416738 0.00830078125 0.027327070879590094
1 0.6923828125 0.44321093082835183 0.00927734375 0.025619128949615714
1 0.69287109375 0.3936806148590948 0.0068359375 0.027327070879590094
1 0.69140625 0.35098206660973524 0.0068359375 0.033304867634500426
1 0.71728515625 0.36464560204953034 0.0078125 0.029035012809564473
1 0.71630859375 0.32707087959009395 0.0078125 0.036720751494449186
1 0.6904296875 0.8095644748078565 0.00634765625 0.024765157984628524
1 0.68994140625 0.8377455166524338 0.005859375 0.026473099914602904
1 0.630859375 0.8633646456020495 0.00732421875 0.025619128949615714
1 0.60595703125 0.8044406490179334 0.0107421875 0.04355251921434671
1 0.63232421875 0.7959009393680615 0.0078125 0.025619128949615714
1 0.6318359375 0.7566182749786508 0.00830078125 0.03842869342442357
1 0.60693359375 0.7557643040136636 0.00732421875 0.02391118701964133
1 0.630859375 0.6293766011955594 0.00634765625 0.018787361229718188
1 0.6318359375 0.6003415883859948 0.00927734375 0.034158838599487616
1 0.63134765625 0.5354397950469684 0.00634765625 0.01964133219470538
1 0.60791015625 0.48334756618274977 0.00732421875 0.029035012809564473
1 0.63037109375 0.46883005977796754 0.0078125 0.03842869342442357
1 0.63134765625 0.39709649871904357 0.005859375 0.03928266438941076
1 0.63134765625 0.35098206660973524 0.00634765625 0.032450896669513236
1 0.6318359375 0.3193851409052092 0.009765625 0.028181041844577284
1 0.578125 0.3116994022203245 0.0068359375 0.017933390264730998
1 0.5556640625 0.35354397950469685 0.0107421875 0.035866780529461996
1 0.57958984375 0.3706233988044407 0.00830078125 0.02049530315969257
1 0.5791015625 0.4184457728437233 0.0087890625 0.029035012809564473
1 0.5537109375 0.466268146883006 0.00732421875 0.033304867634500426
1 0.5791015625 0.45089666951323654 0.0078125 0.01964133219470538
1 0.578125 0.47822374039282667 0.00634765625 0.02134927412467976
1 0.5556640625 0.4935952177625961 0.00830078125 0.018787361229718188
1 0.578125 0.5149444918872759 0.00830078125 0.017933390264730998
1 0.5556640625 0.5226302305721605 0.009765625 0.018787361229718188
1 0.57861328125 0.5584970111016225 0.0087890625 0.029035012809564473
1 0.578125 0.587532023911187 0.0068359375 0.02391118701964133
1 0.55419921875 0.609735269000854 0.00830078125 0.034158838599487616
1 0.57958984375 0.6131511528608027 0.00830078125 0.02049530315969257
1 0.57861328125 0.6336464560204953 0.00732421875 0.016225448334756618
1 0.57763671875 0.6857386848847139 0.00927734375 0.032450896669513236
1 0.57861328125 0.7455166524338173 0.00537109375 0.029888983774551667
1 0.552734375 0.7549103330486764 0.00830078125 0.03159692570452605
1 0.55322265625 0.7882152006831767 0.009765625 0.033304867634500426
1 0.578125 0.8274978650725875 0.00634765625 0.030742954739538857
1 0.57666015625 0.8573868488471392 0.00537109375 0.02049530315969257
1 0.5537109375 0.856532877882152 0.0078125 0.02391118701964133
1 0.50244140625 0.8155422715627668 0.0087890625 0.016225448334756618
1 0.5029296875 0.7856532877882152 0.0068359375 0.017079419299743808
1 0.52685546875 0.7685738684884714 0.00830078125 0.029888983774551667
1 0.525390625 0.7361229718189581 0.0087890625 0.026473099914602904
1 0.52587890625 0.7096498719043552 0.0087890625 0.01964133219470538
1 0.5029296875 0.6285226302305722 0.009765625 0.02391118701964133
1 0.501953125 0.5994876174210076 0.0078125 0.024765157984628524
1 0.52685546875 0.48761742100768574 0.0078125 0.02220324508966695
1 0.50439453125 0.5046968403074296 0.0087890625 0.029035012809564473
1 0.5009765625 0.466268146883006 0.0078125 0.02134927412467976
1 0.52587890625 0.41417591801878734 0.0078125 0.02391118701964133
1 0.50390625 0.35866780529462 0.00830078125 0.027327070879590094
1 0.525390625 0.3492741246797609 0.0078125 0.016225448334756618
1 0.525390625 0.3210930828351836 0.00634765625 0.029035012809564473
1 0.47314453125 0.322801024765158 0.00732421875 0.03842869342442357
1 0.47412109375 0.39538855678906915 0.00732421875 0.034158838599487616
1 0.4501953125 0.4560204953031597 0.00927734375 0.029035012809564473
1 0.47216796875 0.601195559350982 0.00634765625 0.033304867634500426
1 0.44970703125 0.6199829205807003 0.00927734375 0.035012809564474806
1 0.47265625 0.6584116140051238 0.0078125 0.029035012809564473
1 0.4462890625 0.6797608881298036 0.005859375 0.035012809564474806
1 0.44775390625 0.7087959009393681 0.0078125 0.02134927412467976
1 0.47314453125 0.7087959009393681 0.00927734375 0.018787361229718188
1 0.47216796875 0.7275832621690862 0.00830078125 0.013663535439795047
1 0.47119140625 0.7873612297181896 0.00439453125 0.02049530315969257
1 0.44775390625 0.8514090520922288 0.0078125 0.0444064901793339
1 0.3232421875 0.11955593509820667 0.00732421875 0.03159692570452605
1 0.3232421875 0.1605465414175918 0.0087890625 0.034158838599487616
1 0.32470703125 0.20324508966695132 0.00537109375 0.014517506404782237
1 0.3251953125 0.23484201537147736 0.00830078125 0.02134927412467976
1 0.32568359375 0.2852263023057216 0.00537109375 0.032450896669513236
1 0.32568359375 0.3339026473099915 0.0068359375 0.04269854824935952
1 0.30078125 0.47651579846285225 0.00732421875 0.036720751494449186
1 0.3017578125 0.43210930828351835 0.0087890625 0.026473099914602904
1 0.30126953125 0.39880444064901793 0.00830078125 0.030742954739538857
1 0.27392578125 0.39453458582408196 0.0078125 0.027327070879590094
1 0.27490234375 0.43467122117847995 0.0107421875 0.032450896669513236
1 0.2744140625 0.47907771135781385 0.00830078125 0.037574722459436376
1 0.27587890625 0.5977796754910333 0.0078125 0.04696840307429547
1 0.30224609375 0.667805294619983 0.00732421875 0.02220324508966695
1 0.30224609375 0.6934244235695987 0.0078125 0.026473099914602904
1 0.30224609375 0.7198975234842016 0.00732421875 0.015371477369769428
1 0.2783203125 0.6959863364645602 0.00927734375 0.029888983774551667
1 0.27734375 0.6643894107600341 0.009765625 0.030742954739538857
1 0.2744140625 0.32023911187019644 0.00830078125 0.036720751494449186
1 0.27490234375 0.24850555081127243 0.01025390625 0.02220324508966695
1 0.2734375 0.215200683176772 0.00927734375 0.030742954739538857
1 0.29833984375 0.22032450896669514 0.0078125 0.025619128949615714
1 0.2978515625 0.24338172502134928 0.00732421875 0.017079419299743808
1 0.24462890625 0.3398804440649018 0.0068359375 0.02305721605465414
1 0.244140625 0.22459436379163109 0.01025390625 0.034158838599487616
1 0.2451171875 0.15798462852263023 0.00830078125 0.03928266438941076
1 0.24560546875 0.11955593509820667 0.0107421875 0.035866780529461996
1 0.2158203125 0.11272416737830913 0.0078125 0.01964133219470538
1 0.21533203125 0.14005123825789922 0.00927734375 0.013663535439795047
1 0.2158203125 0.19128949615713065 0.00732421875 0.01964133219470538
1 0.21826171875 0.21861656703672075 0.0068359375 0.025619128949615714
1 0.21826171875 0.28693424423569597 0.009765625 0.04867634500426986
1 0.21826171875 0.33561058923996584 0.009765625 0.028181041844577284
1 0.21826171875 0.36806148590947907 0.01025390625 0.02049530315969257
1 0.24560546875 0.4030742954739539 0.009765625 0.029888983774551667
1 0.24658203125 0.43296327924850553 0.0078125 0.01964133219470538
1 0.24755859375 0.4748078565328779 0.00927734375 0.04953031596925705
1 0.24609375 0.5388556789069172 0.00927734375 0.030742954739538857
1 0.24658203125 0.6994022203245089 0.0078125 0.024765157984628524
1 0.2470703125 0.7258753202391118 0.00830078125 0.016225448334756618
1 0.24951171875 0.7907771135781383 0.0078125 0.035866780529461996
1 0.19140625 0.771135781383433 0.01025390625 0.029035012809564473
1 0.22021484375 0.6584116140051238 0.01025390625 0.016225448334756618
1 0.21826171875 0.5354397950469684 0.01025390625 0.034158838599487616
1 0.1875 0.1776259607173356 0.0078125 0.018787361229718188
1 0.18798828125 0.21605465414175917 0.009765625 0.030742954739538857
1 0.162109375 0.28693424423569597 0.00634765625 0.01964133219470538
1 0.1318359375 0.1426131511528608 0.0087890625 0.033304867634500426
1 0.13232421875 0.18018787361229718 0.00927734375 0.033304867634500426
1 0.13037109375 0.26131511528608026 0.0087890625 0.032450896669513236
1 0.1328125 0.32023911187019644 0.009765625 0.032450896669513236
1 0.13330078125 0.3783091374893254 0.01123046875 0.027327070879590094
1 0.13427734375 0.44918872758326217 0.00927734375 0.030742954739538857
1 0.15869140625 0.4824935952177626 0.0068359375 0.030742954739538857
1 0.19091796875 0.4654141759180188 0.009765625 0.02134927412467976
1 0.18994140625 0.43381725021349277 0.0078125 0.033304867634500426
1 0.1875 0.5277540563620837 0.00830078125 0.03159692570452605
1 0.158203125 0.5243381725021349 0.009765625 0.035012809564474806
1 0.15869140625 0.5627668659265584 0.0068359375 0.02134927412467976
1 0.1611328125 0.6216908625106746 0.0068359375 0.032450896669513236
1 0.16259765625 0.6524338172502135 0.0087890625 0.015371477369769428
1 0.16259765625 0.7335610589239966 0.00830078125 0.037574722459436376
1 0.16357421875 0.8283518360375747 0.009765625 0.030742954739538857
1 0.19189453125 0.8300597779675492 0.00830078125 0.025619128949615714
1 0.19189453125 0.8676345004269855 0.0087890625 0.034158838599487616
1 0.22021484375 0.8684884713919727 0.00732421875 0.027327070879590094
1 0.24951171875 0.8676345004269855 0.00830078125 0.033304867634500426
1 0.24755859375 0.8983774551665243 0.00634765625 0.017079419299743808
1 0.2490234375 0.9146029035012809 0.01171875 0.01964133219470538
1 0.162109375 0.9111870196413322 0.00927734375 0.03159692570452605
1 0.16259765625 0.8753202391118702 0.0107421875 0.026473099914602904
1 0.1328125 0.8223740392826644 0.0078125 0.034158838599487616
1 0.1318359375 0.8710503842869343 0.0078125 0.028181041844577284
1 0.1318359375 0.6558497011101623 0.00634765625 0.02305721605465414
1 0.1318359375 0.6216908625106746 0.0078125 0.02305721605465414
1 0.1328125 0.5670367207514945 0.0107421875 0.032450896669513236
1 0.1328125 0.5072587532023911 0.0078125 0.030742954739538857
1 0.10205078125 0.18787361229718189 0.0078125 0.027327070879590094
1 0.07470703125 0.2561912894961571 0.0068359375 0.04269854824935952
1 0.0458984375 0.23654995730145176 0.00927734375 0.03159692570452605
1 0.0439453125 0.1776259607173356 0.0078125 0.036720751494449186
1 0.04541015625 0.3390264730999146 0.00732421875 0.037574722459436376
1 0.07666015625 0.3552519214346712 0.01220703125 0.033304867634500426
1 0.07666015625 0.3193851409052092 0.0087890625 0.028181041844577284
1 0.1015625 0.39880444064901793 0.00830078125 0.024765157984628524
1 0.1005859375 0.44150298889837747 0.01123046875 0.04269854824935952
1 0.07470703125 0.426131511528608 0.0087890625 0.016225448334756618
1 0.07373046875 0.4628522630230572 0.00927734375 0.03159692570452605
1 0.07470703125 0.5106746370623398 0.0078125 0.03842869342442357
1 0.07666015625 0.5431255337318531 0.00927734375 0.025619128949615714
1 0.0771484375 0.5883859948761742 0.0107421875 0.05123825789923143
1 0.0458984375 0.5926558497011102 0.00830078125 0.035866780529461996
1 0.10302734375 0.5226302305721605 0.009765625 0.04867634500426986
1 0.07763671875 0.7190435525192144 0.009765625 0.032450896669513236
1 0.10693359375 0.7250213492741246 0.0087890625 0.015371477369769428
1 0.107421875 0.7506404782237404 0.00927734375 0.029035012809564473
1 0.04736328125 0.8215200683176772 0.009765625 0.030742954739538857