0 0.890527950310559 0.19140625 0.06521739130434782 0.03076171875
0 0.8893633540372671 0.25830078125 0.06832298136645963 0.02978515625
0 0.890139751552795 0.29052734375 0.06677018633540373 0.03271484375
0 0.889751552795031 0.32763671875 0.07065217391304347 0.03759765625
0 0.8979037267080745 0.3662109375 0.06599378881987578 0.0380859375
0 0.8998447204968945 0.44140625 0.06444099378881987 0.03369140625
0 0.9033385093167702 0.47900390625 0.059782608695652176 0.041015625
0 0.8167701863354038 0.44189453125 0.05745341614906832 0.0458984375
0 0.8148291925465838 0.36572265625 0.07298136645962733 0.04248046875
0 0.8152173913043478 0.32861328125 0.062111801242236024 0.03515625
0 0.9006211180124224 0.6103515625 0.06987577639751552 0.0380859375
0 0.90722049689441 0.67822265625 0.059782608695652176 0.03662109375
0 0.8233695652173914 0.68408203125 0.06521739130434782 0.02587890625
0 0.8260869565217391 0.718017578125 0.07142857142857142 0.0380859375
0 0.90527950310559 0.75048828125 0.07453416149068323 0.03515625
0 0.827251552795031 0.788330078125 0.06677018633540373 0.0380859375
0 0.8295807453416149 0.823974609375 0.06288819875776397 0.03076171875
0 0.9103260869565217 0.8544921875 0.06987577639751552 0.03955078125
0 0.7523291925465838 0.859619140625 0.07142857142857142 0.03662109375
0 0.7457298136645962 0.790283203125 0.07142857142857142 0.0390625
0 0.7453416149068323 0.719482421875 0.06133540372670807 0.03271484375
0 0.7488354037267081 0.683349609375 0.07375776397515528 0.03662109375
0 0.8225931677018633 0.65185546875 0.06599378881987578 0.03173828125
0 0.8206521739130435 0.61669921875 0.07608695652173914 0.03466796875
0 0.7406832298136646 0.614990234375 0.07453416149068323 0.03564453125
0 0.6692546583850931 0.615234375 0.06677018633540373 0.03857421875
0 0.7402950310559007 0.513916015625 0.059782608695652176 0.03466796875
0 0.6673136645962733 0.51416015625 0.06599378881987578 0.0390625
0 0.6661490683229814 0.549072265625 0.06599378881987578 0.02880859375
0 0.6692546583850931 0.57763671875 0.06055900621118013 0.0263671875
0 0.593944099378882 0.58251953125 0.06521739130434782 0.029296875
0 0.5993788819875776 0.61474609375 0.06521739130434782 0.04443359375
0 0.5989906832298136 0.65283203125 0.07298136645962733 0.033203125
0 0.5993788819875776 0.7265625 0.06987577639751552 0.03759765625
0 0.5993788819875776 0.7578125 0.06599378881987578 0.02685546875
0 0.6044254658385093 0.792724609375 0.06288819875776397 0.03125
0 0.5283385093167702 0.825927734375 0.06055900621118013 0.0390625
0 0.6044254658385093 0.82763671875 0.062111801242236024 0.02685546875
0 0.6079192546583851 0.864990234375 0.059006211180124224 0.03173828125
0 0.4607919254658385 0.82666015625 0.05822981366459627 0.02978515625
0 0.4592391304347826 0.79248046875 0.07298136645962733 0.03466796875
0 0.4580745341614907 0.7568359375 0.05512422360248447 0.02783203125
0 0.530667701863354 0.761474609375 0.05434782608695652 0.03515625
0 0.5256211180124224 0.722412109375 0.05357142857142857 0.03564453125
0 0.5271739130434783 0.689208984375 0.05822981366459627 0.0234375
0 0.5225155279503105 0.614990234375 0.07298136645962733 0.03466796875
0 0.5225155279503105 0.583251953125 0.05745341614906832 0.0283203125
0 0.5205745341614907 0.548583984375 0.06677018633540373 0.03564453125
0 0.593555900621118 0.51806640625 0.06055900621118013 0.04248046875
0 0.5244565217391305 0.514892578125 0.059006211180124224 0.0341796875
0 0.5186335403726708 0.478759765625 0.05434782608695652 0.03173828125
0 0.734472049689441 0.447998046875 0.06366459627329192 0.03466796875
0 0.593167701863354 0.44775390625 0.06599378881987578 0.03271484375
0 0.5912267080745341 0.37353515625 0.06677018633540373 0.04248046875
0 0.5885093167701864 0.33203125 0.06133540372670807 0.0341796875
0 0.734472049689441 0.225830078125 0.059782608695652176 0.03466796875
0 0.7298136645962733 0.195556640625 0.06055900621118013 0.0302734375
0 0.5166925465838509 0.200439453125 0.06288819875776397 0.03466796875
0 0.5197981366459627 0.231201171875 0.062111801242236024 0.02734375
0 0.515139751552795 0.294677734375 0.06133540372670807 0.03955078125
0 0.44448757763975155 0.263671875 0.06521739130434782 0.03662109375
0 0.4440993788819876 0.32958984375 0.06987577639751552 0.03515625
0 0.3718944099378882 0.33154296875 0.059782608695652176 0.0302734375
0 0.30124223602484473 0.335693359375 0.06444099378881987 0.03857421875
0 0.22748447204968944 0.3349609375 0.06677018633540373 0.03759765625
0 0.296972049689441 0.265380859375 0.06677018633540373 0.03271484375
0 0.3676242236024845 0.23486328125 0.05357142857142857 0.03125
0 0.3707298136645963 0.26708984375 0.06909937888198758 0.03173828125
0 0.3715062111801242 0.2021484375 0.06366459627329192 0.03076171875
0 0.30085403726708076 0.202880859375 0.05512422360248447 0.03125
0 0.22243788819875776 0.23388671875 0.05822981366459627 0.02734375
0 0.21933229813664595 0.26611328125 0.056677018633540376 0.0322265625
0 0.29891304347826086 0.414306640625 0.06444099378881987 0.03466796875
0 0.22166149068322982 0.375 0.05512422360248447 0.0322265625
0 0.296972049689441 0.516845703125 0.07996894409937888 0.033203125
0 0.37771739130434784 0.51318359375 0.06754658385093168 0.04052734375
0 0.37422360248447206 0.4462890625 0.05822981366459627 0.0361328125
0 0.4472049689440994 0.44189453125 0.06055900621118013 0.03759765625
0 0.44992236024844723 0.40869140625 0.055900621118012424 0.02880859375
0 0.5201863354037267 0.410888671875 0.06754658385093168 0.0341796875
0 0.515139751552795 0.374755859375 0.062111801242236024 0.0380859375
0 0.4468167701863354 0.51708984375 0.05201863354037267 0.04052734375
0 0.37577639751552794 0.58447265625 0.06288819875776397 0.02880859375
0 0.3812111801242236 0.616455078125 0.07220496894409938 0.03515625
0 0.38315217391304346 0.653564453125 0.07220496894409938 0.03662109375
0 0.30861801242236025 0.620361328125 0.07065217391304347 0.03564453125
0 0.23680124223602483 0.61767578125 0.06288819875776397 0.03662109375
0 0.22981366459627328 0.5556640625 0.06444099378881987 0.03466796875
0 0.234472049689441 0.6943359375 0.06599378881987578 0.03857421875
0 0.23680124223602483 0.73046875 0.056677018633540376 0.03515625
0 0.23951863354037267 0.7626953125 0.05434782608695652 0.0283203125
0 0.31638198757763975 0.759765625 0.06133540372670807 0.029296875
0 0.3090062111801242 0.727294921875 0.07686335403726709 0.02685546875
0 0.38198757763975155 0.720458984375 0.06987577639751552 0.03076171875
0 0.3843167701863354 0.756103515625 0.06133540372670807 0.0400390625
0 0.38354037267080743 0.830322265625 0.06055900621118013 0.03662109375
0 0.31754658385093165 0.83349609375 0.07142857142857142 0.03857421875
0 0.3156055900621118 0.79833984375 0.06832298136645963 0.0322265625
0 0.3198757763975155 0.869140625 0.05822981366459627 0.03173828125
0 0.4588509316770186 0.86279296875 0.06599378881987578 0.0380859375
1 0.9099378881987578 0.191650390625 0.02096273291925466 0.03076171875
1 0.9083850931677019 0.252197265625 0.02251552795031056 0.0166015625
1 0.9095496894409938 0.284423828125 0.026397515527950312 0.01708984375
1 0.9149844720496895 0.319091796875 0.02406832298136646 0.01953125
1 0.8354037267080745 0.324462890625 0.026397515527950312 0.02783203125
1 0.8338509316770186 0.364990234375 0.02406832298136646 0.04052734375
1 0.9165372670807453 0.367431640625 0.02562111801242236 0.03125
1 0.9192546583850931 0.440185546875 0.02096273291925466 0.03173828125
1 0.9204192546583851 0.479248046875 0.018633540372670808 0.0390625
1 0.8361801242236024 0.445556640625 0.021739130434782608 0.04638671875
1 0.7593167701863354 0.44580078125 0.021739130434782608 0.0341796875
1 0.7565993788819876 0.5107421875 0.018633540372670808 0.02880859375
1 0.7538819875776398 0.224609375 0.014751552795031056 0.0244140625
1 0.7523291925465838 0.18798828125 0.015527950310559006 0.01611328125
1 0.5329968944099379 0.2001953125 0.020186335403726708 0.03466796875
1 0.5353260869565217 0.22998046875 0.02251552795031056 0.02490234375
1 0.531444099378882 0.294921875 0.02562111801242236 0.041015625
1 0.6071428571428571 0.330810546875 0.02406832298136646 0.03173828125
1 0.6110248447204969 0.365478515625 0.030279503105590064 0.03076171875
1 0.5345496894409938 0.373046875 0.02096273291925466 0.03564453125
1 0.5368788819875776 0.4052734375 0.016304347826086956 0.02392578125
1 0.610248447204969 0.441162109375 0.021739130434782608 0.02392578125
1 0.9200310559006211 0.606201171875 0.02717391304347826 0.033203125
1 0.9196428571428571 0.675537109375 0.02872670807453416 0.03125
1 0.9285714285714286 0.750732421875 0.02406832298136646 0.03564453125
1 0.9336180124223602 0.850341796875 0.02096273291925466 0.02490234375
1 0.8497670807453416 0.82275390625 0.02406832298136646 0.0263671875
1 0.8489906832298136 0.78662109375 0.026397515527950312 0.0341796875
1 0.7717391304347826 0.78369140625 0.02406832298136646 0.02392578125
1 0.7686335403726708 0.7158203125 0.017080745341614908 0.0263671875
1 0.8489906832298136 0.71435546875 0.030279503105590064 0.03173828125
1 0.8482142857142857 0.67822265625 0.02406832298136646 0.01806640625
1 0.8462732919254659 0.644287109375 0.027950310559006212 0.01904296875
1 0.8470496894409938 0.6103515625 0.02096273291925466 0.021484375
1 0.7690217391304348 0.681640625 0.02562111801242236 0.03076171875
1 0.7616459627329193 0.60791015625 0.02406832298136646 0.01806640625
1 0.6886645962732919 0.6103515625 0.02717391304347826 0.033203125
1 0.6898291925465838 0.5703125 0.018633540372670808 0.0146484375
1 0.6894409937888198 0.54931640625 0.020186335403726708 0.02783203125
1 0.6859472049689441 0.51416015625 0.02406832298136646 0.041015625
1 0.6187888198757764 0.614013671875 0.02717391304347826 0.0439453125
1 0.6191770186335404 0.651611328125 0.023291925465838508 0.02392578125
1 0.6125776397515528 0.577392578125 0.02251552795031056 0.01953125
1 0.6129658385093167 0.507080078125 0.018633540372670808 0.0224609375
1 0.5384316770186336 0.51025390625 0.021739130434782608 0.02392578125
1 0.5407608695652174 0.54736328125 0.017857142857142856 0.0302734375
1 0.5411490683229814 0.57861328125 0.013198757763975156 0.01953125
1 0.5434782608695652 0.61328125 0.026397515527950312 0.02783203125
1 0.5454192546583851 0.685546875 0.017080745341614908 0.013671875
1 0.6234472049689441 0.727783203125 0.017857142857142856 0.0361328125
1 0.6230590062111802 0.758544921875 0.02096273291925466 0.0146484375
1 0.625388198757764 0.790771484375 0.02406832298136646 0.0205078125
1 0.6277173913043478 0.82373046875 0.023291925465838508 0.01904296875
1 0.6273291925465838 0.862060546875 0.018633540372670808 0.0234375
1 0.547748447204969 0.82470703125 0.014751552795031056 0.0361328125
1 0.546972049689441 0.76123046875 0.02406832298136646 0.037109375
1 0.47437888198757766 0.755126953125 0.017857142857142856 0.02490234375
1 0.4786490683229814 0.789794921875 0.023291925465838508 0.037109375
1 0.4763198757763975 0.822509765625 0.013198757763975156 0.01513671875
1 0.4829192546583851 0.860595703125 0.02096273291925466 0.0302734375
1 0.40256211180124224 0.823974609375 0.018633540372670808 0.02197265625
1 0.3338509316770186 0.83251953125 0.02406832298136646 0.037109375
1 0.3385093167701863 0.864990234375 0.02562111801242236 0.02587890625
1 0.3319099378881988 0.79052734375 0.023291925465838508 0.013671875
1 0.5357142857142857 0.47607421875 0.017857142857142856 0.029296875
1 0.4658385093167702 0.44140625 0.02251552795031056 0.03369140625
1 0.3920807453416149 0.445556640625 0.020186335403726708 0.03466796875
1 0.46312111801242234 0.4013671875 0.024844720496894408 0.015625
1 0.32065217391304346 0.412109375 0.02406832298136646 0.0361328125
1 0.24340062111801242 0.371826171875 0.019409937888198756 0.02587890625
1 0.24456521739130435 0.333740234375 0.02406832298136646 0.03466796875
1 0.31832298136645965 0.333984375 0.017857142857142856 0.03662109375
1 0.38664596273291924 0.330322265625 0.021739130434782608 0.02685546875
1 0.4673913043478261 0.325439453125 0.023291925465838508 0.02734375
1 0.4623447204968944 0.26318359375 0.020186335403726708 0.0361328125
1 0.3870341614906832 0.257568359375 0.02562111801242236 0.0224609375
1 0.31948757763975155 0.26171875 0.026397515527950312 0.02734375
1 0.24262422360248448 0.264404296875 0.017080745341614908 0.0263671875
1 0.24417701863354038 0.233154296875 0.021739130434782608 0.02490234375
1 0.3171583850931677 0.20068359375 0.016304347826086956 0.02490234375
1 0.390527950310559 0.193603515625 0.020186335403726708 0.01806640625
1 0.3878105590062112 0.230224609375 0.016304347826086956 0.01708984375
1 0.32569875776397517 0.51513671875 0.019409937888198756 0.029296875
1 0.39790372670807456 0.510498046875 0.02562111801242236 0.03369140625
1 0.4677795031055901 0.509521484375 0.017080745341614908 0.0244140625
1 0.4017857142857143 0.57666015625 0.02406832298136646 0.01611328125
1 0.4029503105590062 0.6162109375 0.02096273291925466 0.0361328125
1 0.4041149068322981 0.6513671875 0.023291925465838508 0.02001953125
1 0.3245341614906832 0.619140625 0.02717391304347826 0.03173828125
1 0.2531055900621118 0.614501953125 0.02406832298136646 0.03173828125
1 0.25077639751552794 0.554443359375 0.023291925465838508 0.03369140625
1 0.2577639751552795 0.692626953125 0.021739130434782608 0.03564453125
1 0.2562111801242236 0.731689453125 0.02406832298136646 0.02978515625
1 0.25582298136645965 0.761474609375 0.02096273291925466 0.02587890625
1 0.3299689440993789 0.72119140625 0.023291925465838508 0.017578125
1 0.3299689440993789 0.751953125 0.021739130434782608 0.01513671875
1 0.4045031055900621 0.7177734375 0.02251552795031056 0.0341796875
1 0.4045031055900621 0.755859375 0.02872670807453416 0.037109375
1 0.7732919254658385 0.85888671875 0.026397515527950312 0.03369140625
1 0.5442546583850931 0.7216796875 0.017080745341614908 0.03515625