0 0.4486661277283751 0.09423828125 0.09135004042037187 0.037109375
0 0.4494745351657235 0.1328125 0.08164915117219078 0.03515625
0 0.5351657235246564 0.14697265625 0.07760711398544867 0.03173828125
0 0.534357316087308 0.18310546875 0.08407437348423606 0.03955078125
0 0.5335489086499596 0.220703125 0.07760711398544867 0.03759765625
0 0.6192400970088925 0.197265625 0.08003233629749394 0.0400390625
0 0.5424413904607922 0.3408203125 0.09296685529506872 0.02978515625
0 0.5416329830234439 0.3740234375 0.07922392886014551 0.03271484375
0 0.540016168148747 0.42822265625 0.07599029911075182 0.01953125
0 0.4551333872271625 0.40966796875 0.08003233629749394 0.0380859375
0 0.4551333872271625 0.36865234375 0.07033144704931285 0.03857421875
0 0.29668552950687144 0.419921875 0.09700889248181083 0.03515625
0 0.3047696038803557 0.56201171875 0.06952303961196443 0.05078125
0 0.2198868229587712 0.56689453125 0.07841552142279709 0.041015625
0 0.13904607922392886 0.607421875 0.08245755860953921 0.03125
0 0.13581244947453516 0.63720703125 0.10347615198059822 0.02734375
0 0.13096200485044462 0.7158203125 0.06224737267582862 0.02978515625
0 0.13096200485044462 0.7548828125 0.08407437348423606 0.0400390625
0 0.13257881972514146 0.794921875 0.07922392886014551 0.03466796875
0 0.137429264349232 0.85888671875 0.08164915117219078 0.0439453125
0 0.22635408245755861 0.767578125 0.08245755860953921 0.0361328125
0 0.22473726758286175 0.70751953125 0.0889248181083266 0.0478515625
0 0.12126111560226355 0.24853515625 0.07437348423605497 0.05078125
0 0.29345189975747776 0.18408203125 0.07841552142279709 0.0380859375
0 0.38156831042845596 0.6982421875 0.08488278092158448 0.03662109375
0 0.4648342764753436 0.6005859375 0.0856911883589329 0.03955078125
0 0.5448666127728375 0.4833984375 0.07841552142279709 0.03271484375
0 0.5464834276475343 0.5263671875 0.0856911883589329 0.0556640625
0 0.5505254648342764 0.6513671875 0.08488278092158448 0.0361328125
0 0.549717057396928 0.6875 0.08488278092158448 0.03173828125
0 0.5529506871463218 0.8251953125 0.07922392886014551 0.04296875
0 0.5537590945836701 0.8798828125 0.09054163298302344 0.0380859375
0 0.7146321746160065 0.8935546875 0.08003233629749394 0.03369140625
0 0.7154405820533549 0.857421875 0.07760711398544867 0.03076171875
0 0.6345998383185125 0.6748046875 0.08003233629749394 0.04443359375
0 0.6313662085691188 0.63623046875 0.07760711398544867 0.03466796875
0 0.624090541632983 0.5341796875 0.07033144704931285 0.048828125
0 0.6273241713823767 0.3974609375 0.08003233629749394 0.0576171875
0 0.6143896523848019 0.08984375 0.06386418755052546 0.03857421875
0 0.6952303961196443 0.09130859375 0.08488278092158448 0.04443359375
0 0.7801131770412287 0.115234375 0.08003233629749394 0.03369140625
0 0.7914308811641068 0.2880859375 0.09296685529506872 0.03369140625
0 0.7914308811641068 0.3251953125 0.08245755860953921 0.03759765625
0 0.7065481002425222 0.31591796875 0.07356507679870655 0.029296875
0 0.7049312853678253 0.26123046875 0.08245755860953921 0.033203125
0 0.8027485852869847 0.85693359375 0.07841552142279709 0.03759765625
0 0.698464025869038 0.12841796875 0.07437348423605497 0.0302734375
0 0.8641875505254648 0.0908203125 0.08003233629749394 0.04736328125
0 0.7065481002425222 0.216796875 0.068714632174616 0.04443359375
0 0.7849636216653193 0.466796875 0.0889248181083266 0.04541015625
0 0.7097817299919159 0.52001953125 0.07437348423605497 0.03955078125
0 0.7113985448666128 0.56005859375 0.08245755860953921 0.04248046875
0 0.8755052546483427 0.501953125 0.07599029911075182 0.04345703125
0 0.8746968472109944 0.46435546875 0.06952303961196443 0.0302734375
0 0.8746968472109944 0.43212890625 0.07760711398544867 0.03173828125
0 0.7890056588520614 0.6494140625 0.07518189167340339 0.03857421875
0 0.7914308811641068 0.68896484375 0.07518189167340339 0.04052734375
0 0.883589329021827 0.8896484375 0.07356507679870655 0.04248046875
0 0.8852061438965239 0.8515625 0.07113985448666128 0.029296875
0 0.9409862570735651 0.33544921875 0.07113985448666128 0.03759765625
0 0.9426030719482619 0.3662109375 0.06386418755052546 0.02734375
0 0.946645109135004 0.3994140625 0.0582053354890865 0.037109375
0 0.9450282942603072 0.45654296875 0.056588520614389654 0.03955078125
0 0.9434114793856103 0.4921875 0.0582053354890865 0.0283203125
0 0.9474535165723524 0.587890625 0.06143896523848019 0.02783203125
0 0.9506871463217461 0.61572265625 0.06305578011317704 0.02294921875
0 0.9482619240097009 0.64111328125 0.068714632174616 0.02880859375
0 0.9498787388843978 0.67529296875 0.06628940986257073 0.04248046875
1 0.8908649959579629 0.09228515625 0.021827000808407437 0.04052734375
1 0.9620048504446241 0.3310546875 0.021018593371059015 0.02880859375
1 0.9611964430072757 0.3623046875 0.016168148746968473 0.0244140625
1 0.9636216653193209 0.39892578125 0.0137429264349232 0.0341796875
1 0.9628132578819725 0.45068359375 0.016976556184316895 0.02490234375
1 0.9628132578819725 0.494140625 0.01778496362166532 0.0224609375
1 0.9628132578819725 0.58837890625 0.01778496362166532 0.02685546875
1 0.9652384801940178 0.6142578125 0.01778496362166532 0.02197265625
1 0.9660468876313663 0.640625 0.019401778496362168 0.02099609375
1 0.9652384801940178 0.6689453125 0.021827000808407437 0.0224609375
1 0.8172999191592563 0.68408203125 0.02263540824575586 0.0244140625
1 0.8164915117219078 0.646484375 0.019401778496362168 0.02587890625
1 0.814874696847211 0.47021484375 0.028294260307194827 0.0361328125
1 0.898949070331447 0.50048828125 0.023443815683104285 0.04052734375
1 0.8949070331447049 0.458984375 0.02667744543249798 0.01416015625
1 0.8940986257073565 0.4326171875 0.029911075181891674 0.029296875
1 0.8164915117219078 0.32373046875 0.023443815683104285 0.02783203125
1 0.8172999191592563 0.287109375 0.03556992724333064 0.02783203125
1 0.8059822150363783 0.11572265625 0.02667744543249798 0.03271484375
1 0.7186742118027486 0.09130859375 0.028294260307194827 0.04150390625
1 0.7202910266774454 0.1240234375 0.021018593371059015 0.02197265625
1 0.7267582861762328 0.21728515625 0.021827000808407437 0.04052734375
1 0.7275666936135813 0.2626953125 0.02021018593371059 0.0263671875
1 0.7291835084882781 0.318359375 0.02910266774454325 0.0224609375
1 0.7340339531123686 0.5234375 0.023443815683104285 0.0322265625
1 0.7340339531123686 0.56396484375 0.028294260307194827 0.03271484375
1 0.6523848019401779 0.634765625 0.029911075181891674 0.02880859375
1 0.6572352465642683 0.67041015625 0.0274858528698464 0.03125
1 0.5788197251414713 0.65087890625 0.024252223120452707 0.033203125
1 0.5772029102667745 0.6845703125 0.025869037995149554 0.02294921875
1 0.5683104284559418 0.52880859375 0.025869037995149554 0.05419921875
1 0.5642683912691997 0.482421875 0.02910266774454325 0.029296875
1 0.5650767987065481 0.4248046875 0.028294260307194827 0.0107421875
1 0.6467259498787389 0.3984375 0.03233629749393695 0.0576171875
1 0.5650767987065481 0.36328125 0.02667744543249798 0.015625
1 0.5675020210185934 0.33349609375 0.025869037995149554 0.013671875
1 0.5626515763945028 0.2197265625 0.030719482619240096 0.03076171875
1 0.5618431689571544 0.181640625 0.02263540824575586 0.03369140625
1 0.5602263540824576 0.14697265625 0.021018593371059015 0.0244140625
1 0.6410670978172999 0.19677734375 0.02910266774454325 0.0361328125
1 0.6329830234438156 0.09130859375 0.025869037995149554 0.037109375
1 0.4761519805982215 0.0947265625 0.028294260307194827 0.0341796875
1 0.4737267582861762 0.13330078125 0.0274858528698464 0.03564453125
1 0.31689571544058204 0.18408203125 0.029911075181891674 0.033203125
1 0.47696038803556995 0.369140625 0.0274858528698464 0.0380859375
1 0.4785772029102668 0.41015625 0.021018593371059015 0.02392578125
1 0.33387227162489896 0.42138671875 0.030719482619240096 0.02783203125
1 0.4890864995957963 0.60400390625 0.0274858528698464 0.02880859375
1 0.4074373484236055 0.69873046875 0.023443815683104285 0.033203125
1 0.32093775262732416 0.5634765625 0.033144704931285365 0.0390625
1 0.24171382376717865 0.564453125 0.03233629749393695 0.03515625
1 0.16168148746968472 0.6083984375 0.03395311236863379 0.0283203125
1 0.16572352465642684 0.63623046875 0.029911075181891674 0.025390625
1 0.2497978981406629 0.70849609375 0.029911075181891674 0.04541015625
1 0.2514147130153597 0.76123046875 0.03395311236863379 0.01708984375
1 0.15278900565885206 0.71435546875 0.021827000808407437 0.02197265625
1 0.1576394502829426 0.7470703125 0.02021018593371059 0.01708984375
1 0.15925626515763944 0.79150390625 0.025869037995149554 0.03076171875
1 0.15925626515763944 0.85009765625 0.03152789005658852 0.02490234375
1 0.5747776879547292 0.82666015625 0.0274858528698464 0.0400390625
1 0.5836701697655619 0.8818359375 0.03233629749393695 0.03369140625
1 0.7421180274858529 0.857421875 0.02263540824575586 0.02734375
1 0.7380759902991108 0.89111328125 0.029911075181891674 0.029296875
1 0.8237671786580436 0.85546875 0.04042037186742118 0.033203125
1 0.9070331447049312 0.849609375 0.02263540824575586 0.02685546875
1 0.904607922392886 0.88623046875 0.02667744543249798 0.03662109375
1 0.14470493128536782 0.24658203125 0.021827000808407437 0.0361328125
1 0.6475343573160873 0.53466796875 0.0274858528698464 0.04248046875