0 0.925537109375 0.8250336473755047 0.0361328125 0.05047106325706595
0 0.765869140625 0.8617092866756393 0.03173828125 0.039703903095558546
0 0.762939453125 0.8213324360699865 0.033203125 0.04306864064602961
0 0.7197265625 0.7220726783310901 0.0380859375 0.0423956931359354
0 0.718017578125 0.6776581426648721 0.03564453125 0.04508748317631225
0 0.87744140625 0.5360026917900403 0.03662109375 0.04306864064602961
0 0.787841796875 0.2028936742934051 0.03759765625 0.051816958277254375
0 0.785888671875 0.2553835800807537 0.04443359375 0.06998654104979811
0 0.787841796875 0.31662180349932706 0.03369140625 0.04912516823687752
0 0.7890625 0.37920592193808883 0.03271484375 0.059892328398384924
0 0.709228515625 0.36372812920592196 0.03662109375 0.04104979811574697
0 0.708984375 0.4189098250336474 0.03369140625 0.046433378196500674
0 0.634521484375 0.7429340511440108 0.0419921875 0.039703903095558546
0 0.634521484375 0.7065948855989233 0.04345703125 0.04508748317631225
0 0.560302734375 0.7886944818304172 0.0400390625 0.04912516823687752
0 0.546142578125 0.35969044414535667 0.0400390625 0.05047106325706595
0 0.547119140625 0.3172947510094213 0.03759765625 0.04979811574697174
0 0.297607421875 0.8334454912516823 0.0380859375 0.05047106325706595
0 0.1689453125 0.4327052489905787 0.0419921875 0.04508748317631225
0 0.17333984375 0.6255047106325706 0.03955078125 0.06662180349932706
0 0.132080078125 0.6473755047106325 0.03662109375 0.051816958277254375
0 0.132080078125 0.5995962314939435 0.03515625 0.047106325706594884
0 0.12890625 0.5501345895020189 0.03662109375 0.05383580080753701
0 0.130126953125 0.4946164199192463 0.04052734375 0.05652759084791386
0 0.13330078125 0.265814266487214 0.03857421875 0.058546433378196504
0 0.131591796875 0.2133243606998654 0.041015625 0.04374158815612382
0 0.12841796875 0.7028936742934051 0.0419921875 0.0531628532974428
0 0.132568359375 0.7557200538358008 0.03955078125 0.052489905787348586
1 0.80078125 0.19515477792732167 0.01220703125 0.03297442799461642
1 0.7998046875 0.2557200538358008 0.01123046875 0.059219380888290714
1 0.79931640625 0.3112382234185734 0.01513671875 0.03095558546433378
1 0.800048828125 0.37012113055181695 0.01220703125 0.03768506056527591
1 0.8916015625 0.5302826379542396 0.01318359375 0.03768506056527591
1 0.937744140625 0.8186406460296097 0.01318359375 0.03835800807537012
1 0.773681640625 0.8172947510094213 0.01171875 0.04172274562584118
1 0.775146484375 0.8559892328398385 0.01171875 0.028936742934051143
1 0.73095703125 0.7207267833109018 0.01513671875 0.034993270524899055
1 0.730224609375 0.6796769851951547 0.01220703125 0.047106325706594884
1 0.722412109375 0.4104979811574697 0.0087890625 0.020188425302826378
1 0.721435546875 0.3627187079407806 0.01123046875 0.039703903095558546
1 0.55908203125 0.3122476446837147 0.01513671875 0.04172274562584118
1 0.56103515625 0.351278600269179 0.01318359375 0.034320323014804845
1 0.145263671875 0.20962314939434723 0.01123046875 0.04104979811574697
1 0.144287109375 0.2580753701211306 0.01318359375 0.0423956931359354
1 0.18359375 0.43438761776581425 0.013671875 0.034320323014804845
1 0.141357421875 0.4899057873485868 0.01171875 0.039030955585464336
1 0.1416015625 0.5464333781965006 0.0126953125 0.02557200538358008
1 0.140380859375 0.5928667563930013 0.01318359375 0.026917900403768506
1 0.181640625 0.6181022880215343 0.01806640625 0.046433378196500674
1 0.14111328125 0.6493943472409152 0.00927734375 0.04508748317631225
1 0.14111328125 0.6985195154777928 0.01513671875 0.0423956931359354
1 0.143798828125 0.7496635262449529 0.0146484375 0.03230148048452221
1 0.310791015625 0.8351278600269179 0.01318359375 0.05047106325706595
1 0.64794921875 0.7005383580080754 0.01416015625 0.03297442799461642
1 0.64990234375 0.7365410497981157 0.01611328125 0.028936742934051143
1 0.572509765625 0.7917227456258412 0.013671875 0.0370121130551817