0 0.888532477947073 0.1533203125 0.09222133119486768 0.04248046875
0 0.892542101042502 0.19775390625 0.08821170809943865 0.0419921875
0 0.7818765036086608 0.20703125 0.08580593424218123 0.03173828125
0 0.7762630312750601 0.14501953125 0.08259823576583801 0.025390625
0 0.7754611066559743 0.173828125 0.09302325581395349 0.03271484375
0 0.6607858861267041 0.14794921875 0.09783480352846832 0.041015625
0 0.6599839615076183 0.1962890625 0.09061748195669607 0.0478515625
0 0.545308740978348 0.19921875 0.08500400962309543 0.03564453125
0 0.545308740978348 0.1533203125 0.08500400962309543 0.04541015625
0 0.4186046511627907 0.14404296875 0.09943865276663993 0.03662109375
0 0.4210104250200481 0.17431640625 0.10104250200481155 0.033203125
0 0.4194065757818765 0.2060546875 0.09623095429029671 0.0302734375
0 0.2991178829190056 0.14453125 0.09061748195669607 0.03076171875
0 0.3023255813953488 0.171875 0.10104250200481155 0.02783203125
0 0.30312750601443467 0.2021484375 0.10024057738572574 0.033203125
0 0.18524458700882118 0.20361328125 0.08821170809943865 0.03173828125
0 0.1868484362469928 0.17236328125 0.08740978348035285 0.02783203125
0 0.18364073777064957 0.14111328125 0.09061748195669607 0.029296875
0 0.3151563753007217 0.55615234375 0.09061748195669607 0.03857421875
0 0.30473135525260625 0.59521484375 0.09943865276663993 0.0439453125
0 0.4242181234963913 0.603515625 0.0946271050521251 0.0390625
0 0.42662389735364875 0.556640625 0.09863672814755413 0.046875
0 0.5437048917401764 0.55126953125 0.10184442662389735 0.0439453125
0 0.5517241379310345 0.59423828125 0.09061748195669607 0.04150390625
0 0.7786688051323175 0.54736328125 0.09141940657578188 0.029296875
0 0.7762630312750601 0.5751953125 0.0954290296712109 0.033203125
0 0.7826784282277466 0.60546875 0.09302325581395349 0.02783203125
1 0.9198075380914194 0.15380859375 0.022453889334402566 0.03466796875
1 0.921411387329591 0.1962890625 0.026463512429831595 0.0361328125
1 0.805934242181235 0.20263671875 0.0272654370489174 0.01904296875
1 0.8011226944667201 0.1669921875 0.024057738572574178 0.01708984375
1 0.8051323175621492 0.14013671875 0.03287890938251804 0.01904296875
1 0.6896551724137931 0.150390625 0.024057738572574178 0.0400390625
1 0.6888532477947072 0.19384765625 0.02566158781074579 0.044921875
1 0.5749799518845229 0.19189453125 0.023255813953488372 0.01513671875
1 0.5693664795509222 0.15234375 0.026463512429831595 0.04150390625
1 0.454691259021652 0.14501953125 0.024057738572574178 0.03125
1 0.4538893344025662 0.17626953125 0.023255813953488372 0.0244140625
1 0.45549318364073776 0.2041015625 0.023255813953488372 0.01708984375
1 0.3319967923015237 0.14453125 0.023255813953488372 0.02978515625
1 0.33360064153969526 0.17626953125 0.01603849238171612 0.02197265625
1 0.3376102646351243 0.19970703125 0.024057738572574178 0.0234375
1 0.2157177225340818 0.20263671875 0.023255813953488372 0.0322265625
1 0.21732157177225342 0.1669921875 0.02967121090617482 0.017578125
1 0.21732157177225342 0.140625 0.020048115477145148 0.02197265625
1 0.8091419406575782 0.541015625 0.020048115477145148 0.01513671875
1 0.8091419406575782 0.57470703125 0.028067361668003207 0.037109375
1 0.813953488372093 0.60498046875 0.03528468323977546 0.01953125
1 0.5829991980753809 0.55126953125 0.020850040096230954 0.04345703125
1 0.5789895749799518 0.5947265625 0.03127506014434643 0.03662109375
1 0.4578989574979952 0.55859375 0.03127506014434643 0.04052734375
1 0.45308740978348033 0.59765625 0.03127506014434643 0.02001953125
1 0.3400160384923817 0.55419921875 0.02566158781074579 0.033203125
1 0.3368083400160385 0.59375 0.028869286287089013 0.04052734375