0 0.128662109375 0.5133738601823709 0.0361328125 0.04133738601823708
0 0.093994140625 0.51580547112462 0.03369140625 0.03221884498480243
0 0.298583984375 0.6273556231003039 0.03271484375 0.02735562310030395
0 0.331787109375 0.6224924012158055 0.03466796875 0.02917933130699088
0 0.29736328125 0.6003039513677811 0.02734375 0.02370820668693009
0 0.330322265625 0.5933130699088146 0.0341796875 0.02735562310030395
0 0.917236328125 0.6212765957446809 0.03173828125 0.02735562310030395
0 0.915283203125 0.6443768996960486 0.033203125 0.019452887537993922
0 0.91650390625 0.6644376899696048 0.02587890625 0.02127659574468085
0 0.917724609375 0.6875379939209726 0.0244140625 0.023100303951367782
0 0.892822265625 0.6887537993920972 0.025390625 0.022492401215805473
0 0.89111328125 0.6632218844984803 0.0244140625 0.030395136778115502
0 0.880859375 0.3589665653495441 0.02734375 0.02796352583586626
0 0.880615234375 0.33404255319148934 0.03125 0.0243161094224924
0 0.87890625 0.2939209726443769 0.0302734375 0.0243161094224924
0 0.65185546875 0.29088145896656536 0.03125 0.022492401215805473
0 0.651611328125 0.3139817629179331 0.033203125 0.02188449848024316
0 0.564697265625 0.31033434650455927 0.0263671875 0.02735562310030395
0 0.564697265625 0.3413373860182371 0.02978515625 0.03282674772036474
0 0.56591796875 0.3680851063829787 0.0283203125 0.02006079027355623
0 0.56689453125 0.3899696048632219 0.0283203125 0.019452887537993922
1 0.66162109375 0.2936170212765957 0.013671875 0.01702127659574468
1 0.661376953125 0.3142857142857143 0.009765625 0.015805471124620062
1 0.572509765625 0.30911854103343467 0.009765625 0.02188449848024316
1 0.572998046875 0.33586626139817627 0.00927734375 0.015805471124620062
1 0.573974609375 0.3711246200607903 0.01025390625 0.01398176291793313
1 0.57373046875 0.3893617021276596 0.00927734375 0.013373860182370821
1 0.89013671875 0.2936170212765957 0.00927734375 0.023100303951367782
1 0.890380859375 0.3337386018237082 0.01171875 0.022492401215805473
1 0.88818359375 0.35927051671732524 0.00830078125 0.0243161094224924
1 0.924560546875 0.6218844984802432 0.01123046875 0.022492401215805473
1 0.92578125 0.6425531914893617 0.00830078125 0.0121580547112462
1 0.9248046875 0.6632218844984803 0.00927734375 0.01641337386018237
1 0.923095703125 0.6875379939209726 0.0078125 0.023100303951367782
1 0.897705078125 0.6869300911854104 0.01025390625 0.01702127659574468
1 0.89794921875 0.6650455927051672 0.0078125 0.01702127659574468
1 0.340576171875 0.6209726443768997 0.009765625 0.02188449848024316
1 0.307861328125 0.6273556231003039 0.01220703125 0.026139817629179333
1 0.30517578125 0.5993920972644377 0.01025390625 0.02127659574468085
1 0.339111328125 0.5939209726443769 0.01171875 0.023100303951367782
1 0.139404296875 0.513677811550152 0.01171875 0.03829787234042553
1 0.102783203125 0.5130699088145897 0.015625 0.02066869300911854