0 0.901413982717989 0.2021484375 0.06598586017282011 0.0322265625
0 0.8201099764336214 0.19970703125 0.06520031421838178 0.02734375
0 0.8165750196386489 0.23388671875 0.06912804399057344 0.02734375
0 0.8173605655930872 0.2646484375 0.07619795758051846 0.03564453125
0 0.8208955223880597 0.29931640625 0.07227022780832679 0.0302734375
0 0.821681068342498 0.3349609375 0.07541241162608013 0.03369140625
0 0.8197172034564022 0.37451171875 0.06834249803613511 0.03955078125
0 0.8212882953652789 0.4091796875 0.06912804399057344 0.03662109375
0 0.7368421052631579 0.4140625 0.05577376276512176 0.03662109375
0 0.7360565593087196 0.45166015625 0.061272584446190104 0.03173828125
0 0.8189316575019638 0.453125 0.06991358994501179 0.03515625
0 0.8205027494108406 0.4873046875 0.06520031421838178 0.0322265625
0 0.9018067556952082 0.48046875 0.0636292223095051 0.03466796875
0 0.8974862529457973 0.5166015625 0.06834249803613511 0.03955078125
0 0.8994501178318932 0.55419921875 0.06677140612725845 0.02880859375
0 0.8978790259230165 0.58935546875 0.07069913589945012 0.037109375
0 0.896700706991359 0.6279296875 0.06441476826394343 0.0322265625
0 0.8982717989002357 0.658203125 0.0769835035349568 0.0283203125
0 0.8212882953652789 0.6240234375 0.0636292223095051 0.03515625
0 0.821681068342498 0.5888671875 0.07148468185388845 0.0322265625
0 0.8963079340141398 0.6953125 0.07148468185388845 0.03466796875
0 0.8146111547525531 0.69677734375 0.06834249803613511 0.0302734375
0 0.8146111547525531 0.7294921875 0.07619795758051846 0.0322265625
0 0.8998428908091123 0.76123046875 0.06520031421838178 0.02880859375
0 0.9029850746268657 0.79833984375 0.061272584446190104 0.04248046875
0 0.8955223880597015 0.869140625 0.07227022780832679 0.03369140625
0 0.7356637863315004 0.661376953125 0.05970149253731343 0.03369140625
0 0.7360565593087196 0.591552734375 0.06520031421838178 0.02880859375
0 0.7329143754909663 0.5537109375 0.06520031421838178 0.037109375
0 0.7391987431264729 0.338623046875 0.06912804399057344 0.04443359375
0 0.7439120188531029 0.274169921875 0.06284367635506677 0.03857421875
0 0.7395915161036921 0.2373046875 0.06991358994501179 0.03515625
0 0.5903377847604084 0.203125 0.0589159465828751 0.03076171875
0 0.5942655145326001 0.23681640625 0.062058130400628436 0.03466796875
0 0.591516103692066 0.4111328125 0.06284367635506677 0.033203125
0 0.5930871956009427 0.44970703125 0.06755695208169678 0.03955078125
0 0.589159465828751 0.521484375 0.06834249803613511 0.0341796875
0 0.5899450117831894 0.59130859375 0.062058130400628436 0.02978515625
0 0.5895522388059702 0.61962890625 0.0636292223095051 0.02685546875
0 0.5848389630793401 0.6591796875 0.06598586017282011 0.03662109375
0 0.5852317360565593 0.69189453125 0.06755695208169678 0.04296875
0 0.5871956009426551 0.7646484375 0.06520031421838178 0.04150390625
0 0.6649646504320503 0.733154296875 0.056559308719560095 0.0400390625
0 0.6610369206598586 0.772705078125 0.0636292223095051 0.02978515625
0 0.6661429693637078 0.70068359375 0.06441476826394343 0.02734375
0 0.6696779261586803 0.66064453125 0.06834249803613511 0.033203125
0 0.6665357423409269 0.626708984375 0.05970149253731343 0.033203125
0 0.6626080125687352 0.485595703125 0.056559308719560095 0.0341796875
0 0.6630007855459544 0.410400390625 0.05420267085624509 0.033203125
0 0.6645718774548312 0.304931640625 0.06284367635506677 0.03759765625
0 0.51885310290652 0.203857421875 0.04477611940298507 0.03125
0 0.5117831893165751 0.2333984375 0.051846032992930086 0.02783203125
0 0.5145326001571092 0.270263671875 0.05970149253731343 0.03369140625
0 0.5161036920659858 0.305908203125 0.06441476826394343 0.03173828125
0 0.5157109190887667 0.380615234375 0.06441476826394343 0.0419921875
0 0.5157109190887667 0.456298828125 0.061272584446190104 0.0322265625
0 0.5219952867242734 0.486083984375 0.05970149253731343 0.02880859375
0 0.5172820109976434 0.520751953125 0.07227022780832679 0.03515625
0 0.5161036920659858 0.556396484375 0.062058130400628436 0.0341796875
0 0.5172820109976434 0.620361328125 0.060487038491751764 0.0400390625
0 0.5172820109976434 0.659423828125 0.05577376276512176 0.0361328125
0 0.5153181461115475 0.694580078125 0.0589159465828751 0.03076171875
0 0.51413982717989 0.768310546875 0.07227022780832679 0.0478515625
0 0.5176747839748626 0.833251953125 0.060487038491751764 0.0322265625
0 0.5153181461115475 0.867431640625 0.06991358994501179 0.03857421875
0 0.44147682639434405 0.8349609375 0.06677140612725845 0.03369140625
0 0.44029850746268656 0.87109375 0.0636292223095051 0.0322265625
0 0.44422623723487825 0.796875 0.056559308719560095 0.0322265625
0 0.4434406912804399 0.7666015625 0.06284367635506677 0.0283203125
0 0.44422623723487825 0.73095703125 0.062058130400628436 0.03173828125
0 0.3676355066771406 0.72998046875 0.06991358994501179 0.0322265625
0 0.3688138256087981 0.76611328125 0.07069913589945012 0.03564453125
0 0.4426551453260016 0.65869140625 0.06598586017282011 0.03173828125
0 0.44461901021209743 0.55224609375 0.06441476826394343 0.0380859375
0 0.4387274155538099 0.591552734375 0.0769835035349568 0.0556640625
0 0.4465828750981932 0.48828125 0.05577376276512176 0.03173828125
0 0.44029850746268656 0.451416015625 0.06441476826394343 0.03662109375
0 0.44147682639434405 0.413818359375 0.06755695208169678 0.033203125
0 0.44540455616653574 0.337646484375 0.06834249803613511 0.03564453125
0 0.4473684210526316 0.227294921875 0.060487038491751764 0.037109375
0 0.4473684210526316 0.26708984375 0.06598586017282011 0.0537109375
0 0.30007855459544386 0.268310546875 0.0636292223095051 0.02978515625
0 0.3727415553809898 0.26708984375 0.06991358994501179 0.0341796875
0 0.37431264728986646 0.23046875 0.07148468185388845 0.02880859375
0 0.2996857816182247 0.234130859375 0.062058130400628436 0.03515625
0 0.2270227808326787 0.3369140625 0.06441476826394343 0.03857421875
0 0.23016496465043204 0.298828125 0.06520031421838178 0.03515625
0 0.300471327572663 0.377197265625 0.06598586017282011 0.03564453125
0 0.2258444619010212 0.37451171875 0.07227022780832679 0.0322265625
0 0.22388059701492538 0.8681640625 0.06598586017282011 0.03564453125
0 0.22427336999214453 0.798828125 0.0636292223095051 0.03515625
0 0.22505891594658287 0.76220703125 0.07619795758051846 0.03173828125
0 0.22859387274155538 0.72607421875 0.07069913589945012 0.03369140625
0 0.22230950510604872 0.66259765625 0.062058130400628436 0.03466796875
0 0.2234878240377062 0.6259765625 0.06520031421838178 0.0390625
0 0.2989002356637863 0.625244140625 0.06441476826394343 0.03857421875
0 0.36645718774548314 0.62158203125 0.05813040062843677 0.03369140625
0 0.3644933228593873 0.548828125 0.06755695208169678 0.03564453125
0 0.2989002356637863 0.518798828125 0.05970149253731343 0.0341796875
0 0.2274155538098979 0.51611328125 0.07305577376276512 0.0380859375
0 0.2274155538098979 0.45166015625 0.0636292223095051 0.03125
0 0.2969363707776905 0.414794921875 0.07462686567164178 0.0302734375
0 0.3692065985860173 0.41357421875 0.06598586017282011 0.02978515625
0 0.3699921445404556 0.44775390625 0.06520031421838178 0.0380859375
0 0.3762765121759623 0.333984375 0.06677140612725845 0.03857421875
0 0.589159465828751 0.83251953125 0.056559308719560095 0.03759765625
1 0.9238020424194815 0.201416015625 0.02199528672427337 0.03173828125
1 0.842890809112333 0.200927734375 0.018067556952081697 0.02734375
1 0.8409269442262373 0.229736328125 0.0204241948153967 0.02099609375
1 0.8440691280439906 0.257080078125 0.02749410840534171 0.0205078125
1 0.8432835820895522 0.292724609375 0.02749410840534171 0.0244140625
1 0.8413197172034564 0.333251953125 0.02749410840534171 0.029296875
1 0.8401413982717989 0.373779296875 0.018853102906520033 0.0341796875
1 0.8424980361351139 0.405517578125 0.019638648860958365 0.025390625
1 0.8413197172034564 0.451416015625 0.01728201099764336 0.03125
1 0.8417124901806756 0.485107421875 0.019638648860958365 0.02978515625
1 0.9198743126472899 0.479736328125 0.01728201099764336 0.03076171875
1 0.9218381775333857 0.516357421875 0.02670856245090338 0.03759765625
1 0.9190887666928516 0.555419921875 0.022780832678711706 0.02685546875
1 0.9190887666928516 0.588623046875 0.02356637863315004 0.0361328125
1 0.9171249018067557 0.626220703125 0.016496465043205028 0.03076171875
1 0.9171249018067557 0.653076171875 0.02513747054202671 0.01904296875
1 0.9186959937156324 0.689208984375 0.019638648860958365 0.021484375
1 0.9206598586017282 0.760498046875 0.022780832678711706 0.02490234375
1 0.9210526315789473 0.796142578125 0.030636292223095052 0.0322265625
1 0.8397486252945797 0.729736328125 0.022780832678711706 0.03076171875
1 0.8373919874312648 0.691650390625 0.018853102906520033 0.02685546875
1 0.8373919874312648 0.619873046875 0.0204241948153967 0.02685546875
1 0.842890809112333 0.586669921875 0.031421838177533384 0.03076171875
1 0.7541241162608012 0.413330078125 0.01728201099764336 0.03466796875
1 0.7588373919874313 0.443603515625 0.018067556952081697 0.01806640625
1 0.7611940298507462 0.338134765625 0.02670856245090338 0.04248046875
1 0.7596229379418696 0.274169921875 0.02670856245090338 0.04052734375
1 0.7592301649646505 0.235595703125 0.02513747054202671 0.03125
1 0.6842105263157895 0.3046875 0.019638648860958365 0.03466796875
1 0.6107619795758051 0.232177734375 0.02199528672427337 0.0224609375
1 0.6103692065985861 0.198486328125 0.018853102906520033 0.01611328125
1 0.53299293008641 0.203369140625 0.014925373134328358 0.02978515625
1 0.530636292223095 0.232666015625 0.016496465043205028 0.0263671875
1 0.5349567949725059 0.270263671875 0.019638648860958365 0.0322265625
1 0.5349567949725059 0.303955078125 0.015710919088766692 0.021484375
1 0.5377062058130401 0.37646484375 0.02199528672427337 0.03125
1 0.6095836606441477 0.412841796875 0.019638648860958365 0.0185546875
1 0.6095836606441477 0.438720703125 0.018853102906520033 0.02197265625
1 0.680675569520817 0.4853515625 0.022780832678711706 0.033203125
1 0.753338570306363 0.553466796875 0.024351924587588374 0.0341796875
1 0.755695208169678 0.591064453125 0.022780832678711706 0.03076171875
1 0.755695208169678 0.662353515625 0.018067556952081697 0.0400390625
1 0.6822466614296936 0.6259765625 0.02356637863315004 0.03076171875
1 0.690102120974077 0.659423828125 0.03377847604084839 0.0322265625
1 0.6873527101335428 0.69677734375 0.025923016496465043 0.02001953125
1 0.6838177533385703 0.73291015625 0.014925373134328358 0.0380859375
1 0.6846032992930087 0.76806640625 0.019638648860958365 0.02392578125
1 0.6107619795758051 0.763427734375 0.024351924587588374 0.04150390625
1 0.605655930871956 0.832275390625 0.02356637863315004 0.03564453125
1 0.5353495679497251 0.82861328125 0.018067556952081697 0.02490234375
1 0.5365278868813825 0.86376953125 0.02199528672427337 0.03173828125
1 0.4634721131186174 0.833251953125 0.022780832678711706 0.0263671875
1 0.46111547525530244 0.86865234375 0.018067556952081697 0.025390625
1 0.4638648860958366 0.792236328125 0.021209740769835034 0.0224609375
1 0.4662215239591516 0.760986328125 0.01728201099764336 0.01220703125
1 0.5361351139041634 0.76806640625 0.02199528672427337 0.04931640625
1 0.4626865671641791 0.72998046875 0.01728201099764336 0.02685546875
1 0.5369206598586017 0.6884765625 0.018067556952081697 0.017578125
1 0.6048703849175177 0.690673828125 0.024351924587588374 0.04052734375
1 0.6060487038491752 0.656982421875 0.02356637863315004 0.02685546875
1 0.6095836606441477 0.617431640625 0.02513747054202671 0.02294921875
1 0.6076197957580518 0.591552734375 0.02356637863315004 0.02685546875
1 0.6115475255302435 0.515380859375 0.02670856245090338 0.01806640625
1 0.46504320502749413 0.41259765625 0.018067556952081697 0.03173828125
1 0.46504320502749413 0.337890625 0.02199528672427337 0.03125
1 0.4677926158680283 0.26806640625 0.024351924587588374 0.05419921875
1 0.46504320502749413 0.2236328125 0.025923016496465043 0.02978515625
1 0.394344069128044 0.225830078125 0.018853102906520033 0.021484375
1 0.39473684210526316 0.263427734375 0.02199528672427337 0.029296875
1 0.3232521602513747 0.2265625 0.018853102906520033 0.02490234375
1 0.3220738413197172 0.26953125 0.01335428122545169 0.03369140625
1 0.391987431264729 0.334228515625 0.0204241948153967 0.03564453125
1 0.39120188531029065 0.409423828125 0.018067556952081697 0.0224609375
1 0.3935585231736057 0.447998046875 0.022780832678711706 0.03369140625
1 0.39159465828750983 0.545654296875 0.022780832678711706 0.03125
1 0.4630793401413983 0.54736328125 0.02356637863315004 0.02880859375
1 0.4630793401413983 0.59228515625 0.0204241948153967 0.0576171875
1 0.4670070699135899 0.654052734375 0.014139827179890024 0.01904296875
1 0.38766692851531814 0.619873046875 0.02199528672427337 0.021484375
1 0.3161822466614297 0.62060546875 0.02356637863315004 0.02734375
1 0.2439120188531029 0.623291015625 0.0204241948153967 0.0302734375
1 0.24194815396700706 0.660400390625 0.018067556952081697 0.03759765625
1 0.24666142969363708 0.725341796875 0.022780832678711706 0.0302734375
1 0.39120188531029065 0.726806640625 0.021209740769835034 0.02880859375
1 0.24941084053417126 0.760498046875 0.022780832678711706 0.02587890625
1 0.24234092694422624 0.796142578125 0.025923016496465043 0.02978515625
1 0.24351924587588375 0.868408203125 0.01728201099764336 0.02978515625
1 0.9214454045561665 0.867431640625 0.024351924587588374 0.029296875
1 0.31696779261586805 0.5166015625 0.024351924587588374 0.029296875
1 0.2462686567164179 0.516357421875 0.029065200314218383 0.03564453125
1 0.2462686567164179 0.449951171875 0.028279654359780047 0.02734375
1 0.32050274941084056 0.4130859375 0.02199528672427337 0.025390625
1 0.319324430479183 0.37646484375 0.02513747054202671 0.03564453125
1 0.2478397486252946 0.370361328125 0.02749410840534171 0.02783203125
1 0.24901806755695208 0.334716796875 0.024351924587588374 0.0341796875
1 0.24941084053417126 0.294189453125 0.022780832678711706 0.01953125
1 0.4634721131186174 0.44287109375 0.019638648860958365 0.0185546875
1 0.46072270227808326 0.48193359375 0.014925373134328358 0.02099609375
1 0.5345640219952867 0.482421875 0.018853102906520033 0.01806640625
1 0.5361351139041634 0.4541015625 0.01728201099764336 0.02978515625
1 0.5384917517674784 0.52001953125 0.02670856245090338 0.0341796875
1 0.5380989787902593 0.54931640625 0.02199528672427337 0.01904296875
1 0.5377062058130401 0.62109375 0.019638648860958365 0.03662109375
1 0.5361351139041634 0.65771484375 0.015710919088766692 0.03271484375
1 0.6814611154752553 0.4091796875 0.025923016496465043 0.02685546875
1 0.39159465828750983 0.764892578125 0.018067556952081697 0.03515625