0 0.07275390625 0.7270133164235891 0.03564453125 0.030437539632213063
0 0.07373046875 0.7523779327837666 0.03564453125 0.023462270133164237
0 0.073486328125 0.7739378566899175 0.0380859375 0.027901077996195307
0 0.064208984375 0.8195941661382372 0.0244140625 0.023462270133164237
0 0.089111328125 0.8186429930247305 0.025390625 0.029169308814204185
0 0.090576171875 0.8455928979074192 0.02783203125 0.025364616360177554
0 0.063720703125 0.8449587824984147 0.02587890625 0.02599873176918199
0 0.629150390625 0.40171211160431197 0.03466796875 0.02155992390615092
0 0.62939453125 0.42580849714648067 0.033203125 0.02599873176918199
0 0.629638671875 0.45117311350665823 0.0322265625 0.025364616360177554
0 0.632568359375 0.4771718452758402 0.0322265625 0.029169308814204185
1 0.641845703125 0.47622067216233355 0.01025390625 0.022828154724159798
1 0.640869140625 0.45022194039315155 0.0078125 0.02155992390615092
1 0.640625 0.424857324032974 0.01025390625 0.02155992390615092
1 0.640869140625 0.39949270767279643 0.00927734375 0.013950538998097653
1 0.08349609375 0.7260621433100825 0.0107421875 0.02663284717818643
1 0.08447265625 0.7520608750792644 0.00927734375 0.018389346861128725
1 0.083740234375 0.7748890298034242 0.01220703125 0.02219403931515536
1 0.070556640625 0.8195941661382372 0.009765625 0.02155992390615092
1 0.095458984375 0.8132530120481928 0.0087890625 0.013316423589093214
1 0.097412109375 0.8417882054533925 0.00830078125 0.015218769816106531
1 0.071533203125 0.8443246670894102 0.00732421875 0.017121116043119847