0 0.8846439169139466 0.2646484375 0.0586053412462908 0.03955078125
0 0.8864985163204748 0.29638671875 0.06528189910979229 0.0322265625
0 0.8887240356083086 0.32470703125 0.06305637982195846 0.029296875
0 0.8916913946587537 0.355224609375 0.04896142433234421 0.02978515625
0 0.8171364985163204 0.266357421875 0.06083086053412463 0.03173828125
0 0.6925074183976261 0.263916015625 0.05118694362017804 0.02880859375
0 0.6917655786350149 0.293701171875 0.06973293768545995 0.03076171875
0 0.6279673590504451 0.26708984375 0.06083086053412463 0.03076171875
0 0.6913946587537092 0.325439453125 0.05415430267062315 0.029296875
0 0.6928783382789317 0.357666015625 0.05341246290801187 0.03466796875
0 0.7566765578635015 0.38623046875 0.05934718100890208 0.03173828125
0 0.7611275964391692 0.4189453125 0.06083086053412463 0.03173828125
0 0.762240356083086 0.45068359375 0.06824925816023739 0.025390625
0 0.7603857566765578 0.4765625 0.057863501483679525 0.02490234375
0 0.7655786350148368 0.50146484375 0.06157270029673591 0.02587890625
0 0.7648367952522255 0.5302734375 0.06083086053412463 0.03125
0 0.771513353115727 0.557861328125 0.057863501483679525 0.0302734375
0 0.771513353115727 0.587646484375 0.0586053412462908 0.029296875
0 0.7700296735905044 0.616943359375 0.06231454005934718 0.02783203125
0 0.7689169139465876 0.648193359375 0.06231454005934718 0.03173828125
0 0.8887240356083086 0.39208984375 0.052670623145400594 0.033203125
0 0.891320474777448 0.42578125 0.06379821958456973 0.03271484375
0 0.8972551928783383 0.455322265625 0.05712166172106825 0.0283203125
0 0.8942878338278932 0.484619140625 0.050445103857566766 0.033203125
0 0.8942878338278932 0.515869140625 0.06676557863501484 0.029296875
0 0.8950296735905044 0.544189453125 0.064540059347181 0.02783203125
0 0.9009643916913946 0.567138671875 0.0586053412462908 0.01513671875
0 0.8976261127596439 0.587646484375 0.06973293768545995 0.02783203125
0 0.8998516320474778 0.612060546875 0.05934718100890208 0.0244140625
0 0.8998516320474778 0.634521484375 0.05489614243323442 0.02294921875
0 0.8991097922848664 0.670654296875 0.07937685459940653 0.0244140625
0 0.9046735905044511 0.700927734375 0.06379821958456973 0.033203125
0 0.9002225519287834 0.817626953125 0.06083086053412463 0.02734375
0 0.8994807121661721 0.845458984375 0.057863501483679525 0.0283203125
0 0.905786350148368 0.889892578125 0.064540059347181 0.0263671875
0 0.7147626112759644 0.87939453125 0.06973293768545995 0.03271484375
0 0.7080860534124629 0.8486328125 0.064540059347181 0.02783203125
0 0.7032640949554896 0.690185546875 0.05637982195845697 0.02685546875
0 0.7025222551928784 0.662841796875 0.05341246290801187 0.025390625
0 0.7051186943620178 0.71484375 0.05192878338278932 0.025390625
0 0.7054896142433235 0.7451171875 0.055637982195845696 0.0302734375
0 0.8238130563798219 0.347412109375 0.050445103857566766 0.0341796875
0 0.8245548961424333 0.376220703125 0.05489614243323442 0.021484375
0 0.8275222551928784 0.400634765625 0.05934718100890208 0.0283203125
0 0.8245548961424333 0.427490234375 0.055637982195845696 0.02978515625
0 0.8286350148367952 0.474365234375 0.05341246290801187 0.021484375
0 0.827893175074184 0.504150390625 0.05489614243323442 0.03662109375
0 0.6980712166172107 0.468017578125 0.05341246290801187 0.02978515625
0 0.6980712166172107 0.498779296875 0.05637982195845697 0.02734375
0 0.6977002967359051 0.546630859375 0.052670623145400594 0.0400390625
0 0.7006676557863502 0.596435546875 0.04673590504451038 0.02783203125
0 0.630192878338279 0.341796875 0.04376854599406528 0.0244140625
0 0.6339020771513353 0.37060546875 0.05489614243323442 0.041015625
0 0.6331602373887241 0.40673828125 0.06305637982195846 0.029296875
0 0.6364985163204748 0.43701171875 0.05341246290801187 0.029296875
0 0.6353857566765578 0.4833984375 0.06083086053412463 0.025390625
0 0.6353857566765578 0.5458984375 0.06008902077151335 0.0341796875
0 0.6379821958456974 0.58154296875 0.06305637982195846 0.03173828125
0 0.6405786350148368 0.620849609375 0.05192878338278932 0.03271484375
0 0.6439169139465876 0.665771484375 0.04896142433234421 0.0322265625
0 0.642433234421365 0.749267578125 0.04970326409495549 0.03759765625
0 0.6476261127596439 0.811767578125 0.057863501483679525 0.03369140625
0 0.6494807121661721 0.873779296875 0.04821958456973294 0.02734375
0 0.6461424332344213 0.917236328125 0.06231454005934718 0.03271484375
0 0.5841988130563798 0.90966796875 0.04747774480712166 0.03857421875
0 0.5790059347181009 0.85205078125 0.05637982195845697 0.03125
0 0.5808605341246291 0.80810546875 0.04970326409495549 0.02685546875
0 0.5793768545994066 0.7548828125 0.05637982195845697 0.029296875
0 0.5804896142433235 0.70703125 0.05934718100890208 0.02685546875
0 0.577893175074184 0.66064453125 0.050445103857566766 0.03271484375
0 0.5727002967359051 0.613037109375 0.05934718100890208 0.029296875
0 0.5764094955489614 0.57861328125 0.05637982195845697 0.0380859375
0 0.5727002967359051 0.522216796875 0.05118694362017804 0.0302734375
0 0.5667655786350149 0.472412109375 0.06157270029673591 0.03564453125
0 0.5704747774480712 0.415283203125 0.05712166172106825 0.03271484375
0 0.5667655786350149 0.334228515625 0.055637982195845696 0.03466796875
0 0.5678783382789317 0.266845703125 0.057863501483679525 0.03125
0 0.5029673590504451 0.2724609375 0.05934718100890208 0.037109375
0 0.5014836795252225 0.3076171875 0.04970326409495549 0.03076171875
0 0.5014836795252225 0.33837890625 0.05415430267062315 0.0283203125
0 0.509272997032641 0.4638671875 0.05118694362017804 0.03662109375
0 0.5100148367952523 0.517578125 0.04673590504451038 0.03515625
0 0.5103857566765578 0.58203125 0.05934718100890208 0.04443359375
0 0.18026706231454007 0.273193359375 0.05934718100890208 0.033203125
0 0.1824925816023739 0.303466796875 0.0586053412462908 0.02734375
0 0.5244807121661721 0.915283203125 0.04451038575667656 0.02734375
0 0.5185459940652819 0.832275390625 0.04896142433234421 0.029296875
0 0.512240356083086 0.619140625 0.05415430267062315 0.0322265625
0 0.4384272997032641 0.272216796875 0.06824925816023739 0.03857421875
0 0.4387982195845697 0.323974609375 0.06305637982195846 0.03466796875
0 0.4413946587537092 0.367431640625 0.05934718100890208 0.03466796875
0 0.44102373887240354 0.396728515625 0.06379821958456973 0.02685546875
0 0.44510385756676557 0.448974609375 0.0771513353115727 0.0302734375
0 0.44584569732937684 0.501220703125 0.06083086053412463 0.0341796875
0 0.44844213649851633 0.5439453125 0.06379821958456973 0.02685546875
0 0.3731454005934718 0.28125 0.06008902077151335 0.0458984375
0 0.375 0.3427734375 0.064540059347181 0.03173828125
0 0.37537091988130566 0.416015625 0.04970326409495549 0.0341796875
0 0.38649851632047477 0.608642578125 0.05934718100890208 0.02978515625
0 0.38649851632047477 0.635986328125 0.06157270029673591 0.02685546875
0 0.38909495548961426 0.683837890625 0.055637982195845696 0.04248046875
0 0.39206231454005935 0.733642578125 0.05934718100890208 0.0361328125
0 0.3939169139465875 0.803955078125 0.050445103857566766 0.02685546875
0 0.3939169139465875 0.838623046875 0.04896142433234421 0.02392578125
0 0.3297477744807122 0.82177734375 0.04821958456973294 0.04052734375
0 0.3215875370919881 0.770751953125 0.04747774480712166 0.02197265625
0 0.3223293768545994 0.71630859375 0.05934718100890208 0.03076171875
0 0.3215875370919881 0.676513671875 0.04896142433234421 0.015625
0 0.3193620178041543 0.652099609375 0.057863501483679525 0.02978515625
0 0.31602373887240354 0.552978515625 0.06305637982195846 0.03515625
0 0.31602373887240354 0.473388671875 0.052670623145400594 0.02490234375
0 0.3182492581602374 0.39306640625 0.05192878338278932 0.04248046875
0 0.3086053412462908 0.305908203125 0.04747774480712166 0.0283203125
0 0.3056379821958457 0.273193359375 0.04970326409495549 0.0263671875
0 0.2403560830860534 0.27392578125 0.052670623145400594 0.02783203125
0 0.24629080118694363 0.3046875 0.050445103857566766 0.0283203125
0 0.24480712166172106 0.3564453125 0.04970326409495549 0.0263671875
0 0.245919881305638 0.4287109375 0.06305637982195846 0.02587890625
0 0.2488872403560831 0.45654296875 0.05712166172106825 0.0283203125
0 0.2551928783382789 0.480224609375 0.057863501483679525 0.03125
0 0.25333827893175076 0.5087890625 0.05934718100890208 0.0302734375
0 0.2507418397626113 0.55419921875 0.0586053412462908 0.03662109375
0 0.25445103857566764 0.5859375 0.06008902077151335 0.03173828125
0 0.25630563798219586 0.625 0.05489614243323442 0.02783203125
0 0.2607566765578635 0.678466796875 0.057863501483679525 0.02734375
0 0.26149851632047477 0.706298828125 0.05341246290801187 0.02490234375
0 0.26706231454005935 0.759521484375 0.05415430267062315 0.021484375
0 0.26409495548961426 0.784423828125 0.06008902077151335 0.02734375
0 0.26817507418397624 0.825927734375 0.05118694362017804 0.03076171875
0 0.2666913946587537 0.857177734375 0.06305637982195846 0.02392578125
0 0.2666913946587537 0.883544921875 0.05637982195845697 0.0263671875
0 0.20548961424332343 0.86328125 0.05712166172106825 0.04150390625
0 0.20474777448071216 0.81298828125 0.05118694362017804 0.03466796875
0 0.19658753709198812 0.7578125 0.052670623145400594 0.021484375
0 0.19770029673590506 0.7353515625 0.05489614243323442 0.0234375
0 0.19844213649851633 0.70947265625 0.05415430267062315 0.025390625
0 0.19844213649851633 0.68896484375 0.05192878338278932 0.02587890625
0 0.19658753709198812 0.6640625 0.05118694362017804 0.02685546875
0 0.19213649851632048 0.592529296875 0.06157270029673591 0.0302734375
0 0.1902818991097923 0.481201171875 0.05934718100890208 0.02587890625
0 0.18805637982195847 0.453857421875 0.05637982195845697 0.0244140625
0 0.18508902077151335 0.430908203125 0.06157270029673591 0.0224609375
0 0.18583086053412462 0.405517578125 0.06008902077151335 0.02294921875
0 0.18583086053412462 0.379638671875 0.06008902077151335 0.0302734375
1 0.901706231454006 0.263427734375 0.017804154302670624 0.02978515625
1 0.9065281899109793 0.297119140625 0.019287833827893175 0.02490234375
1 0.908753709198813 0.324951171875 0.010385756676557863 0.025390625
1 0.9068991097922848 0.350830078125 0.014094955489614243 0.02197265625
1 0.9076409495548962 0.393310546875 0.014094955489614243 0.02685546875
1 0.9106083086053413 0.426025390625 0.018545994065281898 0.02685546875
1 0.9113501483679525 0.456298828125 0.025222551928783383 0.0205078125
1 0.9120919881305638 0.481689453125 0.012611275964391691 0.01953125
1 0.9172848664688428 0.51513671875 0.017062314540059347 0.025390625
1 0.9143175074183977 0.543212890625 0.020771513353115726 0.025390625
1 0.9158011869436202 0.56640625 0.020029673590504452 0.01318359375
1 0.9176557863501483 0.5869140625 0.024480712166172106 0.02587890625
1 0.9169139465875371 0.6123046875 0.02225519287833828 0.0205078125
1 0.9154302670623146 0.634521484375 0.016320474777448073 0.015625
1 0.9183976261127597 0.67138671875 0.02373887240356083 0.02490234375
1 0.9209940652818991 0.70068359375 0.025222551928783383 0.033203125
1 0.9195103857566765 0.81689453125 0.017804154302670624 0.02490234375
1 0.9209940652818991 0.84326171875 0.015578635014836795 0.02392578125
1 0.9198813056379822 0.8857421875 0.018545994065281898 0.01708984375
1 0.7303412462908012 0.876220703125 0.028931750741839762 0.02734375
1 0.7266320474777448 0.8486328125 0.02225519287833828 0.02490234375
1 0.7218100890207715 0.74462890625 0.02225519287833828 0.02783203125
1 0.7214391691394659 0.71533203125 0.017804154302670624 0.02099609375
1 0.7203264094955489 0.68896484375 0.017804154302670624 0.025390625
1 0.7173590504451038 0.66162109375 0.017062314540059347 0.01953125
1 0.7155044510385756 0.59228515625 0.015578635014836795 0.021484375
1 0.7129080118694362 0.54833984375 0.020771513353115726 0.0322265625
1 0.7158753709198813 0.49755859375 0.017804154302670624 0.02099609375
1 0.7158753709198813 0.46923828125 0.018545994065281898 0.02685546875
1 0.7781899109792285 0.387451171875 0.01483679525222552 0.021484375
1 0.8364243323442137 0.34619140625 0.018545994065281898 0.02978515625
1 0.8386498516320475 0.3759765625 0.017062314540059347 0.01904296875
1 0.8401335311572701 0.400390625 0.021513353115727003 0.0234375
1 0.8408753709198813 0.42431640625 0.019287833827893175 0.01806640625
1 0.844213649851632 0.47509765625 0.016320474777448073 0.01708984375
1 0.8427299703264095 0.50244140625 0.018545994065281898 0.03076171875
1 0.7804154302670623 0.418701171875 0.017804154302670624 0.02880859375
1 0.780786350148368 0.450439453125 0.012611275964391691 0.0205078125
1 0.7781899109792285 0.476318359375 0.020029673590504452 0.02294921875
1 0.7811572700296736 0.500244140625 0.019287833827893175 0.0244140625
1 0.7826409495548962 0.529052734375 0.019287833827893175 0.0244140625
1 0.7841246290801187 0.558837890625 0.022997032640949554 0.02587890625
1 0.7841246290801187 0.588623046875 0.022997032640949554 0.02880859375
1 0.7885756676557863 0.61572265625 0.020029673590504452 0.02294921875
1 0.788946587537092 0.646240234375 0.01483679525222552 0.02783203125
1 0.6661721068249258 0.91650390625 0.018545994065281898 0.029296875
1 0.662833827893175 0.872802734375 0.019287833827893175 0.02294921875
1 0.663946587537092 0.81103515625 0.02225519287833828 0.03173828125
1 0.6565281899109793 0.749267578125 0.017062314540059347 0.03369140625
1 0.6535608308605341 0.664306640625 0.020771513353115726 0.029296875
1 0.6539317507418397 0.620849609375 0.017804154302670624 0.0302734375
1 0.655786350148368 0.580322265625 0.020029673590504452 0.02880859375
1 0.6554154302670623 0.545654296875 0.017804154302670624 0.03076171875
1 0.6509643916913946 0.481689453125 0.020771513353115726 0.0224609375
1 0.6472551928783383 0.435791015625 0.016320474777448073 0.0244140625
1 0.6494807121661721 0.406982421875 0.017062314540059347 0.0263671875
1 0.6454005934718101 0.364990234375 0.025222551928783383 0.02685546875
1 0.6435459940652819 0.339111328125 0.011869436201780416 0.01171875
1 0.7084569732937686 0.35546875 0.017062314540059347 0.0283203125
1 0.7091988130563798 0.32470703125 0.018545994065281898 0.02685546875
1 0.7095697329376854 0.29296875 0.02225519287833828 0.02734375
1 0.7073442136498517 0.26220703125 0.02225519287833828 0.025390625
1 0.646513353115727 0.266357421875 0.020029673590504452 0.03076171875
1 0.5790059347181009 0.2646484375 0.026706231454005934 0.02392578125
1 0.5823442136498517 0.333984375 0.016320474777448073 0.03173828125
1 0.5875370919881305 0.41064453125 0.019287833827893175 0.0263671875
1 0.5882789317507419 0.47119140625 0.019287833827893175 0.0322265625
1 0.5867952522255193 0.52294921875 0.017062314540059347 0.03125
1 0.5934718100890207 0.580078125 0.02373887240356083 0.03515625
1 0.5890207715133531 0.61279296875 0.021513353115727003 0.02734375
1 0.5919881305637982 0.66064453125 0.016320474777448073 0.03125
1 0.5968100890207715 0.70751953125 0.018545994065281898 0.02685546875
1 0.5956973293768546 0.75537109375 0.017804154302670624 0.01953125
1 0.5971810089020771 0.80712890625 0.017804154302670624 0.02685546875
1 0.598293768545994 0.853515625 0.017804154302670624 0.02978515625
1 0.5968100890207715 0.90966796875 0.013353115727002967 0.029296875
1 0.5356083086053413 0.914794921875 0.015578635014836795 0.0224609375
1 0.5341246290801187 0.831298828125 0.016320474777448073 0.02490234375
0 0.5211424332344213 0.875244140625 0.055637982195845696 0.03125
0 0.45178041543026703 0.69384765625 0.0586053412462908 0.03173828125
0 0.4495548961424332 0.6630859375 0.055637982195845696 0.02783203125
0 0.4491839762611276 0.59619140625 0.05341246290801187 0.03271484375
0 0.45178041543026703 0.8046875 0.055637982195845696 0.029296875
0 0.4551186943620178 0.884765625 0.050445103857566766 0.03515625
0 0.4543768545994065 0.85107421875 0.05489614243323442 0.0322265625
0 0.5200296735905044 0.784423828125 0.05637982195845697 0.0400390625
0 0.5166913946587537 0.739990234375 0.05192878338278932 0.0302734375
1 0.5200296735905044 0.271240234375 0.022997032640949554 0.03076171875
1 0.5140949554896143 0.306396484375 0.017804154302670624 0.02685546875
1 0.5155786350148368 0.335693359375 0.014094955489614243 0.02490234375
1 0.5233679525222552 0.460693359375 0.019287833827893175 0.02880859375
1 0.5241097922848664 0.514404296875 0.01483679525222552 0.02197265625
1 0.5296735905044511 0.577880859375 0.01483679525222552 0.0322265625
1 0.5304154302670623 0.618408203125 0.021513353115727003 0.02490234375
1 0.533753709198813 0.741455078125 0.015578635014836795 0.0263671875
1 0.5333827893175074 0.785400390625 0.021513353115727003 0.03759765625
1 0.5367210682492581 0.872802734375 0.020771513353115726 0.02294921875
1 0.4714391691394659 0.87548828125 0.013353115727002967 0.0126953125
1 0.4706973293768546 0.85107421875 0.015578635014836795 0.03076171875
1 0.46661721068249257 0.8046875 0.016320474777448073 0.0263671875
1 0.4681008902077151 0.693359375 0.017062314540059347 0.02783203125
1 0.46513353115727 0.66455078125 0.020771513353115726 0.0244140625
1 0.4647626112759644 0.59521484375 0.017804154302670624 0.03076171875
1 0.46698813056379823 0.5439453125 0.020029673590504452 0.0244140625
1 0.46661721068249257 0.50146484375 0.017062314540059347 0.03173828125
1 0.46661721068249257 0.4482421875 0.02225519287833828 0.02587890625
1 0.4617952522255193 0.396484375 0.020771513353115726 0.021484375
1 0.45623145400593473 0.36572265625 0.02225519287833828 0.02685546875
1 0.45660237388724034 0.32275390625 0.020029673590504452 0.03271484375
1 0.4599406528189911 0.2705078125 0.017804154302670624 0.0263671875
1 0.3879821958456973 0.281494140625 0.019287833827893175 0.03955078125
1 0.396513353115727 0.342041015625 0.017062314540059347 0.02490234375
1 0.38946587537091987 0.416259765625 0.015578635014836795 0.03076171875
1 0.4017062314540059 0.604248046875 0.021513353115727003 0.0234375
1 0.40096439169139464 0.632568359375 0.020029673590504452 0.01708984375
1 0.4068991097922849 0.68505859375 0.021513353115727003 0.04248046875
1 0.40801186943620177 0.73095703125 0.025222551928783383 0.0302734375
1 0.4065281899109792 0.803955078125 0.017062314540059347 0.02490234375
1 0.4072700296735905 0.838134765625 0.01483679525222552 0.02294921875
1 0.33939169139465875 0.822265625 0.021513353115727003 0.037109375
1 0.33939169139465875 0.76904296875 0.011869436201780416 0.0166015625
1 0.33864985163204747 0.71533203125 0.018545994065281898 0.02197265625
1 0.3353115727002967 0.67529296875 0.017804154302670624 0.01611328125
1 0.33642433234421365 0.64990234375 0.016320474777448073 0.0283203125
1 0.33382789317507416 0.5537109375 0.020771513353115726 0.0263671875
1 0.327893175074184 0.4716796875 0.021513353115727003 0.02294921875
1 0.3301186943620178 0.392578125 0.022997032640949554 0.04150390625
1 0.32270029673590506 0.2998046875 0.01112759643916914 0.01318359375
1 0.3189910979228487 0.27197265625 0.017804154302670624 0.025390625
1 0.258160237388724 0.277587890625 0.016320474777448073 0.01513671875
1 0.2603857566765579 0.303466796875 0.017804154302670624 0.02587890625
1 0.2596439169139466 0.358154296875 0.01483679525222552 0.01708984375
1 0.26520771513353114 0.427490234375 0.020029673590504452 0.021484375
1 0.26520771513353114 0.452880859375 0.020771513353115726 0.01953125
1 0.271513353115727 0.478271484375 0.017804154302670624 0.02734375
1 0.27299703264094954 0.506103515625 0.024480712166172106 0.0302734375
1 0.2707715133531157 0.553955078125 0.020029673590504452 0.03662109375
1 0.27299703264094954 0.585693359375 0.015578635014836795 0.02392578125
1 0.27485163204747776 0.623291015625 0.015578635014836795 0.02734375
1 0.2793026706231454 0.680419921875 0.022997032640949554 0.0224609375
1 0.2793026706231454 0.706787109375 0.017804154302670624 0.0224609375
1 0.2818991097922849 0.7568359375 0.02225519287833828 0.0234375
1 0.28041543026706234 0.785888671875 0.017804154302670624 0.02734375
1 0.2815281899109792 0.82568359375 0.021513353115727003 0.02783203125
1 0.28375370919881304 0.85693359375 0.020029673590504452 0.02587890625
1 0.2852373887240356 0.8818359375 0.018545994065281898 0.02001953125
1 0.21439169139465875 0.8623046875 0.02373887240356083 0.041015625
1 0.2129080118694362 0.81103515625 0.02373887240356083 0.029296875
1 0.21364985163204747 0.755859375 0.019287833827893175 0.01708984375
1 0.21253709198813056 0.736328125 0.02373887240356083 0.021484375
1 0.2117952522255193 0.70947265625 0.020029673590504452 0.01904296875
1 0.21253709198813056 0.68994140625 0.017804154302670624 0.02197265625
1 0.21031157270029674 0.662109375 0.018545994065281898 0.02294921875
1 0.21142433234421365 0.5908203125 0.024480712166172106 0.03076171875
1 0.20734421364985164 0.4814453125 0.020029673590504452 0.0234375
1 0.20437685459940652 0.453125 0.021513353115727003 0.02197265625
1 0.2021513353115727 0.4287109375 0.020029673590504452 0.0205078125
1 0.20363501483679525 0.4052734375 0.018545994065281898 0.0205078125
1 0.20363501483679525 0.376953125 0.020029673590504452 0.02587890625
1 0.19955489614243324 0.3037109375 0.022997032640949554 0.02490234375
1 0.19287833827893175 0.275390625 0.017062314540059347 0.0244140625
1 0.8364243323442137 0.26513671875 0.018545994065281898 0.02880859375