0 0.21240234375 0.48197923029932804 0.03662109375 0.02443494196701283
0 0.2109375 0.5009163103237629 0.03466796875 0.016493585827733658
0 0.21142578125 0.5186316432498472 0.0380859375 0.018937080024434942
0 0.21142578125 0.5412339645693341 0.0361328125 0.02748930971288943
0 0.21240234375 0.5717776420281002 0.033203125 0.03420891875381796
0 0.61279296875 0.5613927916921198 0.0361328125 0.020158827122785584
0 0.61279296875 0.5833842394624312 0.03271484375 0.018937080024434942
0 0.6123046875 0.6090409285277948 0.0400390625 0.029321930360415395
0 0.6123046875 0.6420281001832621 0.03515625 0.033598045204642636
0 0.91650390625 0.2241905925473427 0.033203125 0.03176542455711668
0 0.91650390625 0.26450824679291385 0.03369140625 0.032987171655467315
0 0.89892578125 0.2926084300549786 0.03564453125 0.023824068417837508
0 0.8974609375 0.3194868662186927 0.03955078125 0.028711056811240074
0 0.88037109375 0.2241905925473427 0.03271484375 0.02565668906536347
0 0.88134765625 0.24862553451435554 0.02880859375 0.020769700671960906
0 0.880859375 0.26695174098961516 0.0341796875 0.015271838729383017
1 0.22265625 0.48014660965180206 0.01171875 0.019547953573610263
1 0.22265625 0.5015271838729383 0.00732421875 0.010995723885155772
1 0.22265625 0.516188149053146 0.009765625 0.014660965180207697
1 0.22314453125 0.5412339645693341 0.0107421875 0.02626756261453879
1 0.220703125 0.5717776420281002 0.01318359375 0.03176542455711668
1 0.623046875 0.5607819181429444 0.01123046875 0.014660965180207697
1 0.62353515625 0.5827733659132559 0.00927734375 0.01832620647525962
1 0.6240234375 0.6102626756261453 0.01171875 0.02687843616371411
1 0.623046875 0.6420281001832621 0.0078125 0.028711056811240074
1 0.92822265625 0.22663408674404398 0.00830078125 0.018937080024434942
1 0.927734375 0.2583995113011607 0.0078125 0.0177153329260843
1 0.89111328125 0.22602321319486865 0.009765625 0.018937080024434942
1 0.89013671875 0.24740378741600488 0.009765625 0.012217470983506415
1 0.890625 0.26450824679291385 0.00927734375 0.010384850335980453
1 0.9111328125 0.2999389126450825 0.01025390625 0.010995723885155772
1 0.9091796875 0.32070861331704337 0.00927734375 0.02687843616371411