0 0.8483448806774442 0.22265625 0.09160892994611239 0.04541015625
0 0.8537336412625096 0.2744140625 0.09006928406466513 0.056640625
0 0.5465742879137798 0.29052734375 0.09006928406466513 0.05859375
0 0.5496535796766744 0.3427734375 0.09776751347190146 0.0546875
0 0.6520400307929176 0.39404296875 0.07775211701308699 0.06103515625
0 0.7582755966127791 0.40478515625 0.09853733641262509 0.04736328125
0 0.8521939953810623 0.58837890625 0.09160892994611239 0.046875
0 0.8668206312548113 0.70361328125 0.07467282525019246 0.04443359375
0 0.7567359507313318 0.6708984375 0.09468822170900693 0.05224609375
0 0.7544264819091608 0.72900390625 0.09006928406466513 0.05810546875
0 0.5496535796766744 0.62548828125 0.09237875288683603 0.06005859375
0 0.651270207852194 0.529296875 0.09853733641262509 0.0498046875
0 0.33795227097767516 0.44189453125 0.10931485758275597 0.0576171875
0 0.3333333333333333 0.380859375 0.1031562740569669 0.05517578125
0 0.3333333333333333 0.26953125 0.10007698229407236 0.056640625
0 0.3325635103926097 0.22021484375 0.100846805234796 0.0419921875
0 0.23325635103926096 0.3408203125 0.07544264819091609 0.0390625
0 0.13625866050808313 0.31689453125 0.08314087759815242 0.04345703125
0 0.13163972286374134 0.21728515625 0.0962278675904542 0.04248046875
0 0.2294072363356428 0.6240234375 0.10469591993841416 0.05078125
0 0.12009237875288684 0.7216796875 0.100846805234796 0.044921875
0 0.12933025404157045 0.78662109375 0.09776751347190146 0.046875
0 0.12009237875288684 0.833984375 0.09160892994611239 0.0439453125
0 0.12702078521939955 0.8818359375 0.09006928406466513 0.04345703125
0 0.32640492686682065 0.916015625 0.10007698229407236 0.0478515625
0 0.3348729792147806 0.705078125 0.10546574287913779 0.04931640625
0 0.23248652809853734 0.74169921875 0.08314087759815242 0.0654296875
0 0.3333333333333333 0.8193359375 0.10007698229407236 0.05859375
0 0.3325635103926097 0.7626953125 0.09699769053117784 0.0546875
0 0.7482678983833718 0.83203125 0.08929946112394149 0.048828125
0 0.9384141647421094 0.86279296875 0.07236335642802155 0.04345703125
0 0.9337952270977675 0.9150390625 0.0869899923017706 0.05419921875
0 0.8514241724403387 0.85693359375 0.08929946112394149 0.03125
0 0.8552732871439569 0.8203125 0.09006928406466513 0.03173828125
0 0.677148935334873 0.750539375 0.7025943795227099 0.7527411381835938 0.6997028206312548 0.6507261040039063 0.6049972548113934 0.6528282250976563 0.611222193995381 0.7127424350585938 0.6592215234795997 0.7164120512695312 0.677148935334873 0.750539375
1 0.8845265588914549 0.22216796875 0.018475750577367205 0.02978515625
1 0.8845265588914549 0.2724609375 0.024634334103156273 0.0546875
1 0.7913779830638953 0.40478515625 0.029253271747498075 0.04296875
1 0.6774441878367975 0.3955078125 0.030792917628945343 0.0380859375
1 0.5796766743648961 0.3447265625 0.037721324095458045 0.04150390625
1 0.573518090839107 0.291015625 0.03002309468822171 0.06005859375
1 0.3695150115473441 0.26123046875 0.03156274056966898 0.04443359375
1 0.3695150115473441 0.212890625 0.030792917628945343 0.03173828125
1 0.16320246343341033 0.2177734375 0.029253271747498075 0.04052734375
1 0.15935334872979215 0.31640625 0.026943802925327175 0.0361328125
1 0.2548113933795227 0.3408203125 0.024634334103156273 0.0380859375
1 0.371824480369515 0.38232421875 0.02848344880677444 0.05517578125
1 0.37259430331023863 0.44287109375 0.033102386451116246 0.05859375
1 0.2640492686682063 0.62158203125 0.036181678214010776 0.04052734375
1 0.2617397998460354 0.736328125 0.02848344880677444 0.05712890625
1 0.3687451886066205 0.70751953125 0.026943802925327175 0.041015625
1 0.3648960739030023 0.76025390625 0.029253271747498075 0.044921875
1 0.3672055427251732 0.80859375 0.03464203233256351 0.0341796875
1 0.1601231716705158 0.7236328125 0.03002309468822171 0.03759765625
1 0.16166281755196305 0.78759765625 0.029253271747498075 0.04736328125
1 0.1562740569668976 0.83349609375 0.024634334103156273 0.04345703125
1 0.15550423402617397 0.88134765625 0.03387220939183987 0.041015625
1 0.36027713625866054 0.90478515625 0.02771362586605081 0.02978515625
1 0.7806004618937644 0.83642578125 0.024634334103156273 0.037109375
1 0.8837567359507313 0.81982421875 0.026943802925327175 0.0302734375
1 0.8845265588914549 0.853515625 0.01770592763664357 0.0205078125
1 0.9653579676674365 0.85986328125 0.02386451116243264 0.025390625
1 0.9630484988452656 0.90234375 0.016166281755196306 0.0244140625
1 0.7867590454195535 0.72998046875 0.022324865280985373 0.05712890625
1 0.8883756735950731 0.70703125 0.03002309468822171 0.03515625
1 0.7890685142417244 0.67529296875 0.025404157043879907 0.04736328125
1 0.6828329484218629 0.69970703125 0.030792917628945343 0.0927734375
1 0.6882217090069284 0.52978515625 0.024634334103156273 0.048828125
1 0.5804464973056197 0.6259765625 0.03387220939183987 0.0595703125
1 0.8822170900692841 0.58935546875 0.030792917628945343 0.044921875