0 0.7505686125852918 0.17431640625 0.0712661106899166 0.03515625
0 0.34874905231235787 0.17724609375 0.07202426080363912 0.037109375
0 0.42835481425322214 0.17333984375 0.07278241091736164 0.0400390625
0 0.5087187263078089 0.23974609375 0.07202426080363912 0.03369140625
0 0.5041698256254739 0.27099609375 0.0758150113722517 0.0341796875
0 0.5913570887035633 0.26318359375 0.07657316148597422 0.03466796875
0 0.5883244882486732 0.228515625 0.07657316148597422 0.03564453125
0 0.5921152388172858 0.2001953125 0.07429871114480667 0.01953125
0 0.5845337376800607 0.17333984375 0.06368460955269144 0.037109375
0 0.6724791508718726 0.189453125 0.0667172100075815 0.03759765625
0 0.8392721758908264 0.2216796875 0.07657316148597422 0.02734375
0 0.8354814253222138 0.25048828125 0.07354056103108415 0.0322265625
0 0.9128127369219106 0.41357421875 0.0621683093252464 0.03515625
0 0.7498104624715694 0.3388671875 0.0758150113722517 0.0400390625
0 0.6709628506444276 0.3330078125 0.07657316148597422 0.0361328125
0 0.5928733889310084 0.2958984375 0.07429871114480667 0.03759765625
0 0.6739954510993177 0.3642578125 0.0667172100075815 0.03125
0 0.6717210007581501 0.423828125 0.06595905989385899 0.0390625
0 0.5921152388172858 0.41015625 0.06823351023502654 0.0419921875
0 0.5905989385898408 0.44189453125 0.0758150113722517 0.04833984375
0 0.5049279757391963 0.458984375 0.08567096285064443 0.03515625
0 0.5064442759666414 0.42919921875 0.07733131159969674 0.0234375
0 0.5072024260803639 0.39990234375 0.07505686125852919 0.04150390625
0 0.510235026535254 0.33984375 0.07050796057619409 0.0380859375
0 0.3434420015163002 0.36474609375 0.07505686125852919 0.033203125
0 0.25549658832448824 0.3857421875 0.07657316148597422 0.0361328125
0 0.18119787717968158 0.38134765625 0.06974981046247157 0.0234375
0 0.18271417740712662 0.3466796875 0.0758150113722517 0.0419921875
0 0.18119787717968158 0.30859375 0.07808946171341925 0.033203125
0 0.26156178923426837 0.2841796875 0.07202426080363912 0.03125
0 0.26156178923426837 0.201171875 0.06747536012130402 0.0341796875
0 0.10538286580742987 0.2392578125 0.07202426080363912 0.0400390625
0 0.1023502653525398 0.365234375 0.06595905989385899 0.037109375
0 0.16906747536012132 0.49169921875 0.07202426080363912 0.03466796875
0 0.1728582259287339 0.52392578125 0.07657316148597422 0.02978515625
0 0.1728582259287339 0.56005859375 0.07278241091736164 0.0361328125
0 0.17816527672479152 0.62548828125 0.08642911296436695 0.0380859375
0 0.09476876421531463 0.6337890625 0.06520090978013647 0.03564453125
0 0.1023502653525398 0.67578125 0.0712661106899166 0.046875
0 0.2539802880970432 0.65771484375 0.07733131159969674 0.02880859375
0 0.2539802880970432 0.68896484375 0.07278241091736164 0.0302734375
0 0.17437452615617893 0.748046875 0.0576194086429113 0.0361328125
0 0.17437452615617893 0.796875 0.06974981046247157 0.03271484375
0 0.2532221379833207 0.75537109375 0.07050796057619409 0.0380859375
0 0.33813495072024263 0.7548828125 0.07657316148597422 0.03466796875
0 0.4177407126611069 0.767578125 0.07202426080363912 0.0361328125
0 0.41091736163760423 0.8076171875 0.08263836239575435 0.04443359375
0 0.17361637604245642 0.8896484375 0.0712661106899166 0.04052734375
0 0.26156178923426837 0.8916015625 0.07202426080363912 0.03173828125
0 0.33434420015163 0.87841796875 0.06595905989385899 0.037109375
0 0.42153146322971946 0.9091796875 0.08263836239575435 0.037109375
0 0.4200151630022744 0.7001953125 0.06444275966641395 0.03515625
0 0.42077331311599697 0.634765625 0.06595905989385899 0.037109375
0 0.42153146322971946 0.60498046875 0.06595905989385899 0.02392578125
0 0.33813495072024263 0.61083984375 0.0758150113722517 0.0322265625
0 0.34040940106141016 0.6494140625 0.07505686125852919 0.03759765625
0 0.34420015163002277 0.50732421875 0.0841546626231994 0.033203125
0 0.3457164518574678 0.478515625 0.0758150113722517 0.0205078125
0 0.4275966641394996 0.5107421875 0.07202426080363912 0.03955078125
0 0.2577710386656558 0.51806640625 0.0712661106899166 0.03466796875
0 0.25549658832448824 0.4736328125 0.07202426080363912 0.0361328125
0 0.26611068991660347 0.4365234375 0.08263836239575435 0.0361328125
0 0.4981046247156937 0.71533203125 0.06747536012130402 0.03564453125
0 0.5034116755117514 0.64599609375 0.06520090978013647 0.03173828125
0 0.5049279757391963 0.61083984375 0.07808946171341925 0.03466796875
0 0.5890826383623957 0.59912109375 0.06747536012130402 0.0263671875
0 0.6618650492797574 0.60400390625 0.06747536012130402 0.0439453125
0 0.7452615617892343 0.619140625 0.06368460955269144 0.03955078125
0 0.7414708112206216 0.57861328125 0.06141015921152388 0.0400390625
0 0.7505686125852918 0.517578125 0.06747536012130402 0.0390625
0 0.5852918877937832 0.76123046875 0.0841546626231994 0.04052734375
0 0.5852918877937832 0.796875 0.07278241091736164 0.02490234375
0 0.5011372251705838 0.7978515625 0.06444275966641395 0.0185546875
0 0.5049279757391963 0.82861328125 0.06899166034874905 0.0380859375
0 0.6648976497346475 0.876953125 0.06520090978013647 0.03271484375
0 0.6648976497346475 0.91259765625 0.07657316148597422 0.02978515625
0 0.7429871114480667 0.9091796875 0.05686125852918878 0.03466796875
0 0.7498104624715694 0.8271484375 0.05913570887035633 0.037109375
0 0.6648976497346475 0.84228515625 0.06823351023502654 0.03515625
0 0.6648976497346475 0.8076171875 0.07202426080363912 0.0302734375
0 0.8233510235026535 0.8291015625 0.06974981046247157 0.0390625
0 0.8263836239575436 0.7919921875 0.07050796057619409 0.03076171875
0 0.9067475360121304 0.81103515625 0.07354056103108415 0.0419921875
0 0.9097801364670205 0.71533203125 0.07505686125852919 0.0380859375
0 0.6679302501895376 0.740234375 0.06368460955269144 0.03173828125
0 0.6709628506444276 0.77099609375 0.08112206216830932 0.03515625
0 0.66565579984837 0.6728515625 0.07202426080363912 0.04541015625
0 0.9143290371493555 0.5712890625 0.06747536012130402 0.0439453125
0 0.9075056861258529 0.6298828125 0.07354056103108415 0.03076171875
0 0.909021986353298 0.66064453125 0.06747536012130402 0.0263671875
0 0.910538286580743 0.4755859375 0.06444275966641395 0.029296875
0 0.8301743745261562 0.5224609375 0.06444275966641395 0.02880859375
0 0.8309325246398787 0.5546875 0.05913570887035633 0.0322265625
1 0.8597422289613343 0.2197265625 0.037149355572403335 0.02392578125
1 0.8597422289613343 0.24365234375 0.025018953752843062 0.02001953125
1 0.775587566338135 0.17822265625 0.01592115238817286 0.03759765625
1 0.6914329037149356 0.18017578125 0.021986353297952996 0.01513671875
1 0.6110689916603488 0.17041015625 0.016679302501895376 0.01220703125
1 0.6163760424564063 0.197265625 0.026535253980288095 0.021484375
1 0.6171341925701289 0.22900390625 0.01592115238817286 0.03759765625
1 0.6186504927975739 0.2626953125 0.021986353297952996 0.0283203125
1 0.6156178923426838 0.29052734375 0.018953752843062926 0.013671875
1 0.6937073540561031 0.3330078125 0.02880970432145565 0.02880859375
1 0.7717968157695224 0.3359375 0.024260803639120546 0.03662109375
1 0.690674753601213 0.3642578125 0.02122820318423048 0.02880859375
1 0.931008339651251 0.4091796875 0.02122820318423048 0.02587890625
1 0.9317664897649734 0.46826171875 0.01819560272934041 0.0283203125
1 0.8574677786201668 0.52099609375 0.02122820318423048 0.0224609375
1 0.7687642153146323 0.51416015625 0.027293404094010616 0.03271484375
1 0.9378316906747536 0.5712890625 0.022744503411675512 0.04345703125
1 0.8529188779378317 0.55810546875 0.021986353297952996 0.0361328125
1 0.7642153146322972 0.57958984375 0.017437452615617893 0.03515625
1 0.7664897649734648 0.61865234375 0.025018953752843062 0.0390625
1 0.9347990902198635 0.62890625 0.021986353297952996 0.0302734375
1 0.5314632297194845 0.23291015625 0.021986353297952996 0.02685546875
1 0.5322213798332069 0.27197265625 0.019711902956785442 0.0302734375
1 0.5367702805155421 0.33935546875 0.02577710386656558 0.0400390625
1 0.2812736921910538 0.2880859375 0.019711902956785442 0.01904296875
1 0.37452615617892343 0.36572265625 0.032600454890068235 0.02587890625
1 0.28278999241849884 0.38623046875 0.02047005307050796 0.041015625
1 0.20318423047763456 0.38232421875 0.017437452615617893 0.0224609375
1 0.20697498104624715 0.35107421875 0.02350265352539803 0.0390625
1 0.12585291887793784 0.3662109375 0.02350265352539803 0.03759765625
1 0.2047005307050796 0.3076171875 0.019711902956785442 0.02734375
1 0.13115996967399546 0.23974609375 0.02047005307050796 0.0400390625
1 0.2789992418498863 0.20263671875 0.027293404094010616 0.033203125
1 0.36997725549658833 0.17626953125 0.018953752843062926 0.0361328125
1 0.45489006823351025 0.17626953125 0.017437452615617893 0.03857421875
1 0.5314632297194845 0.3984375 0.02577710386656558 0.03271484375
1 0.5314632297194845 0.42919921875 0.015163002274450341 0.02001953125
1 0.5322213798332069 0.4609375 0.02122820318423048 0.03173828125
1 0.6133434420015162 0.44189453125 0.030326004548900682 0.02197265625
1 0.6156178923426838 0.40966796875 0.025018953752843062 0.041015625
1 0.6929492039423806 0.42041015625 0.02350265352539803 0.033203125
1 0.6884003032600455 0.607421875 0.027293404094010616 0.0361328125
1 0.6095526914329037 0.5986328125 0.02880970432145565 0.02490234375
1 0.5329795299469295 0.611328125 0.02880970432145565 0.033203125
1 0.444275966641395 0.6005859375 0.014404852160727824 0.01513671875
1 0.44579226686884005 0.6279296875 0.013646702047005308 0.02685546875
1 0.5261561789234268 0.6435546875 0.022744503411675512 0.0244140625
1 0.5223654283548143 0.70947265625 0.01819560272934041 0.02685546875
1 0.6110689916603488 0.76025390625 0.032600454890068235 0.04150390625
1 0.6937073540561031 0.76953125 0.03411675511751327 0.03271484375
1 0.6899166034874905 0.73828125 0.018953752843062926 0.03173828125
1 0.6914329037149356 0.6796875 0.02122820318423048 0.0361328125
1 0.849128127369219 0.7919921875 0.02577710386656558 0.03173828125
1 0.9317664897649734 0.806640625 0.025018953752843062 0.02197265625
1 0.8476118271417741 0.8291015625 0.02880970432145565 0.03759765625
1 0.7642153146322972 0.82666015625 0.028051554207733132 0.0361328125
1 0.6080363912054587 0.7958984375 0.032600454890068235 0.02392578125
1 0.6921910538286581 0.80517578125 0.019711902956785442 0.025390625
1 0.690674753601213 0.83935546875 0.022744503411675512 0.03564453125
1 0.6899166034874905 0.87646484375 0.02122820318423048 0.0302734375
1 0.7634571645185747 0.90576171875 0.022744503411675512 0.02880859375
1 0.6914329037149356 0.912109375 0.027293404094010616 0.0244140625
1 0.4473085670962851 0.908203125 0.025018953752843062 0.02783203125
1 0.35860500379075055 0.88134765625 0.021986353297952996 0.03271484375
1 0.4404852160727824 0.80322265625 0.02577710386656558 0.02685546875
1 0.5269143290371494 0.79833984375 0.01819560272934041 0.021484375
1 0.5276724791508719 0.83642578125 0.02122820318423048 0.02978515625
1 0.4450341167551175 0.767578125 0.02350265352539803 0.0244140625
1 0.36315390447308565 0.75244140625 0.02047005307050796 0.0302734375
1 0.2805155420773313 0.7568359375 0.02350265352539803 0.033203125
1 0.19332827899924185 0.75390625 0.02047005307050796 0.029296875
1 0.19636087945413191 0.79638671875 0.017437452615617893 0.03515625
1 0.20090978013646701 0.892578125 0.018953752843062926 0.04052734375
1 0.28278999241849884 0.88818359375 0.027293404094010616 0.02734375
1 0.12054586808188021 0.67431640625 0.0310841546626232 0.03564453125
1 0.11599696739954511 0.63525390625 0.019711902956785442 0.03369140625
1 0.20621683093252463 0.62060546875 0.03335860500379075 0.0283203125
1 0.27824109173616374 0.6630859375 0.030326004548900682 0.0224609375
1 0.27824109173616374 0.68603515625 0.024260803639120546 0.017578125
1 0.3639120545868082 0.642578125 0.025018953752843062 0.02587890625
1 0.3646702047005307 0.61083984375 0.027293404094010616 0.0302734375
1 0.44200151630022744 0.69677734375 0.019711902956785442 0.0341796875
1 0.19939347990902198 0.5654296875 0.022744503411675512 0.0361328125
1 0.19636087945413191 0.525390625 0.021986353297952996 0.03125
1 0.19939347990902198 0.49365234375 0.032600454890068235 0.02880859375
1 0.28203184230477635 0.5185546875 0.02577710386656558 0.03271484375
1 0.3692191053828658 0.5029296875 0.030326004548900682 0.021484375
1 0.3646702047005307 0.4794921875 0.032600454890068235 0.021484375
1 0.44579226686884005 0.513671875 0.03335860500379075 0.037109375
1 0.28278999241849884 0.474609375 0.024260803639120546 0.041015625
1 0.2896133434420015 0.4384765625 0.032600454890068235 0.02783203125
1 0.9332827899924185 0.66357421875 0.01592115238817286 0.0302734375
1 0.9363153904473086 0.71435546875 0.017437452615617893 0.0322265625