0 0.8852112676056338 0.15681485100146556 0.06830985915492958 0.03859306301905227
0 0.8887323943661972 0.19638495359062041 0.0647887323943662 0.0361504640937958
0 0.8880281690140845 0.2340009770395701 0.06619718309859154 0.0361504640937958
0 0.8908450704225352 0.26575476306790424 0.06338028169014084 0.023937469467513434
0 0.8929577464788733 0.29213483146067415 0.06408450704225352 0.025403028822667317
0 0.8929577464788733 0.31753786028334147 0.061971830985915494 0.021006350757205666
0 0.8929577464788733 0.3429408891060088 0.061971830985915494 0.04152418172936004
0 0.778169014084507 0.2784562774792379 0.036619718309859155 0.024425989252564728
0 0.776056338028169 0.2613580850024426 0.03943661971830986 0.018563751831949193
0 0.776056338028169 0.24572545188080117 0.03943661971830986 0.015144113336590131
0 0.776056338028169 0.22862725940400586 0.03732394366197183 0.019052271617000488
0 0.7767605633802817 0.20859794821690278 0.03873239436619718 0.019052271617000488
0 0.6950704225352112 0.18417195896433805 0.036619718309859155 0.01612115290669272
0 0.6929577464788732 0.20371275036638983 0.03591549295774648 0.022960429897410845
0 0.6929577464788732 0.24084025403028822 0.03732394366197183 0.020029311187103077
0 0.6957746478873239 0.2623351245725452 0.036619718309859155 0.018563751831949193
0 0.7352112676056338 0.22129946262823644 0.03591549295774648 0.017586712261846604
0 0.7345070422535211 0.23693209574987786 0.036619718309859155 0.014167073766487542
0 0.7345070422535211 0.2677088422081094 0.035211267605633804 0.0180752320468979
0 0.7359154929577465 0.1875915974596971 0.03591549295774648 0.027357107962872496
0 0.776056338028169 0.18417195896433805 0.04295774647887324 0.02247191011235955
1 0.9119718309859155 0.15437225207620908 0.011971830985915493 0.030776746458231558
1 0.9112676056338028 0.19198827552515876 0.017605633802816902 0.023937469467513434
1 0.9133802816901408 0.23009281875915974 0.01267605633802817 0.023937469467513434
1 0.9140845070422535 0.2618466047874939 0.011267605633802818 0.010258915486077186
1 0.9147887323943662 0.2887151929653151 0.01619718309859155 0.02247191011235955
1 0.9140845070422535 0.31118710307767466 0.014084507042253521 0.012212994626282364
1 0.9169014084507042 0.33756717147044457 0.013380281690140845 0.032730825598436736
1 0.7894366197183098 0.27552515876893013 0.013380281690140845 0.019052271617000488
1 0.7894366197183098 0.25842696629213485 0.011267605633802818 0.01172447484123107
1 0.7887323943661971 0.24621397166585246 0.011971830985915493 0.012701514411333659
1 0.7887323943661971 0.22765021983390327 0.015492957746478873 0.020029311187103077
1 0.7908450704225352 0.205666829506595 0.009859154929577466 0.01172447484123107
1 0.7915492957746478 0.18319491939423546 0.011267605633802818 0.020029311187103077
1 0.7471830985915493 0.18710307767464582 0.011971830985915493 0.025403028822667317
1 0.7471830985915493 0.22081094284318514 0.009154929577464789 0.01612115290669272
1 0.7471830985915493 0.2344894968246214 0.009859154929577466 0.008304836345872008
1 0.745774647887324 0.2642892037127504 0.01056338028169014 0.01074743527112848
1 0.7070422535211267 0.25940400586223744 0.015492957746478873 0.012212994626282364
1 0.7049295774647887 0.23888617489008304 0.011971830985915493 0.0180752320468979
1 0.7049295774647887 0.20273571079628724 0.011267605633802818 0.02149487054225696
1 0.7049295774647887 0.18368343917928676 0.013380281690140845 0.01709819247679531