0 0.5580089820359282 0.346923828125 0.07335329341317365 0.03076171875
0 0.2286676646706587 0.348388671875 0.0748502994011976 0.03515625
0 0.2275449101796407 0.383544921875 0.0688622754491018 0.03271484375
0 0.2282934131736527 0.419189453125 0.06811377245508982 0.03857421875
0 0.22717065868263472 0.453857421875 0.06811377245508982 0.03466796875
0 0.22941616766467066 0.488037109375 0.0688622754491018 0.03466796875
0 0.2275449101796407 0.521240234375 0.0748502994011976 0.037109375
0 0.3345808383233533 0.5283203125 0.07335329341317365 0.04248046875
0 0.33570359281437123 0.48974609375 0.06736526946107785 0.03466796875
0 0.33869760479041916 0.3798828125 0.06811377245508982 0.04052734375
0 0.3342065868263473 0.34423828125 0.06212574850299401 0.0283203125
0 0.4491017964071856 0.43896484375 0.0688622754491018 0.0283203125
0 0.4498502994011976 0.46630859375 0.07410179640718563 0.03125
0 0.4505988023952096 0.49609375 0.06212574850299401 0.02587890625
0 0.44835329341317365 0.52099609375 0.07335329341317365 0.02734375
0 0.4468562874251497 0.55078125 0.0748502994011976 0.03466796875
0 0.4498502994011976 0.580078125 0.0718562874251497 0.0302734375
0 0.5583832335329342 0.525634765625 0.06437125748502993 0.033203125
0 0.5561377245508982 0.495361328125 0.0718562874251497 0.0302734375
0 0.5568862275449101 0.469482421875 0.06736526946107785 0.0244140625
0 0.561377245508982 0.438232421875 0.06961077844311377 0.0390625
0 0.5602544910179641 0.406982421875 0.07709580838323353 0.0283203125
0 0.563248502994012 0.376708984375 0.0718562874251497 0.033203125
1 0.35815868263473055 0.342041015625 0.020958083832335328 0.02099609375
1 0.2541167664670659 0.35009765625 0.020209580838323353 0.03173828125
1 0.25112275449101795 0.3759765625 0.020958083832335328 0.01171875
1 0.3626497005988024 0.37255859375 0.029191616766467067 0.03369140625
1 0.25149700598802394 0.4130859375 0.03293413173652695 0.0302734375
1 0.2518712574850299 0.45361328125 0.014970059880239521 0.03662109375
1 0.2518712574850299 0.48486328125 0.019461077844311378 0.0263671875
1 0.25299401197604793 0.520263671875 0.027694610778443114 0.0283203125
1 0.3574101796407186 0.488525390625 0.015718562874251496 0.0302734375
1 0.3555389221556886 0.527099609375 0.020209580838323353 0.03662109375
1 0.47155688622754494 0.550537109375 0.023203592814371257 0.03076171875
1 0.47305389221556887 0.580810546875 0.021706586826347306 0.0234375
1 0.47604790419161674 0.522216796875 0.020209580838323353 0.0224609375
1 0.47305389221556887 0.495849609375 0.023203592814371257 0.0244140625
1 0.4752994011976048 0.467529296875 0.023203592814371257 0.0263671875
1 0.47155688622754494 0.437255859375 0.020209580838323353 0.02783203125
1 0.5819610778443114 0.43212890625 0.02470059880239521 0.0263671875
1 0.5808383233532934 0.46826171875 0.021706586826347306 0.01611328125
1 0.5830838323353293 0.4951171875 0.014970059880239521 0.0244140625
1 0.5830838323353293 0.52294921875 0.01721556886227545 0.025390625
1 0.5834580838323353 0.40283203125 0.023203592814371257 0.02392578125
1 0.5864520958083832 0.3740234375 0.021706586826347306 0.025390625
1 0.5857035928143712 0.3466796875 0.020958083832335328 0.02734375