0 0.7661527165932452 0.255615234375 0.04772393538913363 0.03662109375
0 0.7672540381791483 0.300048828125 0.05873715124816446 0.0244140625
0 0.8333333333333334 0.33203125 0.052129221732745964 0.0341796875
0 0.8373715124816447 0.2822265625 0.06167400881057269 0.03759765625
0 0.8333333333333334 0.2470703125 0.05506607929515418 0.03076171875
0 0.7665198237885462 0.327392578125 0.05800293685756241 0.0341796875
0 0.8373715124816447 0.42822265625 0.055800293685756244 0.02978515625
0 0.8384728340675477 0.474609375 0.05286343612334802 0.02783203125
0 0.8414096916299559 0.50341796875 0.05726872246696035 0.02587890625
0 0.8439794419970631 0.533203125 0.055800293685756244 0.02978515625
0 0.8454478707782672 0.5625 0.05726872246696035 0.02734375
0 0.8425110132158591 0.59033203125 0.05873715124816446 0.0263671875
0 0.8425110132158591 0.6181640625 0.05800293685756241 0.02685546875
0 0.8461820851688693 0.64794921875 0.05433186490455213 0.0283203125
0 0.8494860499265786 0.7431640625 0.04919236417033774 0.02001953125
0 0.8483847283406755 0.76953125 0.06020558002936858 0.021484375
0 0.8531571218795888 0.805908203125 0.06240822320117474 0.0263671875
0 0.8524229074889867 0.831298828125 0.05506607929515418 0.025390625
0 0.8571953010279001 0.899169921875 0.05947136563876652 0.033203125
0 0.657856093979442 0.841552734375 0.05800293685756241 0.0322265625
0 0.6596916299559471 0.878173828125 0.05873715124816446 0.03759765625
0 0.6622613803230544 0.81298828125 0.07048458149779736 0.02783203125
0 0.6607929515418502 0.781005859375 0.0697503671071953 0.03173828125
0 0.657856093979442 0.746337890625 0.06534508076358296 0.03564453125
0 0.6523494860499266 0.712646484375 0.06681350954478708 0.03271484375
0 0.6530837004405287 0.686279296875 0.0631424375917768 0.0224609375
0 0.6530837004405287 0.657470703125 0.06240822320117474 0.03271484375
0 0.658957415565345 0.621826171875 0.05726872246696035 0.0322265625
0 0.6563876651982379 0.588134765625 0.0565345080763583 0.03515625
0 0.6519823788546255 0.551025390625 0.06167400881057269 0.03955078125
0 0.6501468428781204 0.490478515625 0.06167400881057269 0.037109375
0 0.6508810572687225 0.519287109375 0.053597650513950074 0.02392578125
0 0.6486784140969163 0.456787109375 0.05726872246696035 0.03515625
0 0.6461086637298091 0.419677734375 0.05726872246696035 0.03759765625
0 0.6453744493392071 0.387451171875 0.052129221732745964 0.02392578125
0 0.7081497797356828 0.48486328125 0.05286343612334802 0.03076171875
0 0.7132892804698973 0.51513671875 0.05286343612334802 0.03271484375
0 0.7121879588839941 0.5517578125 0.05286343612334802 0.0341796875
0 0.7099853157121879 0.5849609375 0.053597650513950074 0.02734375
0 0.7154919236417033 0.6201171875 0.05066079295154185 0.0400390625
0 0.7808370044052864 0.648193359375 0.05433186490455213 0.0263671875
0 0.7845080763582967 0.620849609375 0.04698972099853157 0.0283203125
0 0.7815712187958884 0.505615234375 0.06093979441997063 0.0322265625
0 0.7797356828193832 0.464111328125 0.06093979441997063 0.03125
0 0.777165932452276 0.434326171875 0.06020558002936858 0.03076171875
0 0.7026431718061674 0.3095703125 0.053597650513950074 0.02783203125
0 0.7059471365638766 0.3388671875 0.05506607929515418 0.02734375
0 0.709618208516887 0.36767578125 0.05066079295154185 0.0283203125
0 0.7125550660792952 0.39453125 0.05726872246696035 0.02490234375
0 0.7092511013215859 0.42041015625 0.055800293685756244 0.02734375
0 0.7059471365638766 0.45068359375 0.049926578560939794 0.03271484375
0 0.6406020558002937 0.289794921875 0.053597650513950074 0.02880859375
0 0.6413362701908958 0.318603515625 0.06167400881057269 0.02978515625
0 0.6431718061674009 0.354736328125 0.06534508076358296 0.03759765625
0 0.5737885462555066 0.2919921875 0.06020558002936858 0.03125
0 0.5737885462555066 0.3232421875 0.05506607929515418 0.02880859375
0 0.579295154185022 0.35498046875 0.05873715124816446 0.03466796875
0 0.5814977973568282 0.384765625 0.0631424375917768 0.04541015625
0 0.5825991189427313 0.42333984375 0.05286343612334802 0.02685546875
0 0.5833333333333334 0.451171875 0.05433186490455213 0.02783203125
0 0.5837004405286343 0.47705078125 0.053597650513950074 0.029296875
0 0.5848017621145375 0.50830078125 0.05726872246696035 0.03369140625
0 0.5848017621145375 0.54248046875 0.05873715124816446 0.03125
0 0.5840675477239354 0.5712890625 0.05800293685756241 0.02490234375
0 0.5873715124816447 0.60595703125 0.05947136563876652 0.0400390625
0 0.5873715124816447 0.638671875 0.06020558002936858 0.02587890625
0 0.5895741556534508 0.66748046875 0.06093979441997063 0.0322265625
0 0.591042584434655 0.7001953125 0.05800293685756241 0.02978515625
0 0.5972834067547724 0.73583984375 0.049926578560939794 0.0244140625
0 0.5980176211453745 0.76416015625 0.05286343612334802 0.03857421875
0 0.5980176211453745 0.798828125 0.05506607929515418 0.0283203125
0 0.5980176211453745 0.82763671875 0.06020558002936858 0.02978515625
0 0.6020558002936858 0.856689453125 0.05947136563876652 0.025390625
0 0.6020558002936858 0.885009765625 0.0565345080763583 0.02978515625
0 0.538546255506608 0.88330078125 0.0697503671071953 0.03759765625
0 0.53928046989721 0.845703125 0.06387665198237885 0.04248046875
0 0.5359765051395007 0.8095703125 0.0631424375917768 0.025390625
0 0.5301027900146843 0.785888671875 0.06534508076358296 0.02783203125
0 0.5315712187958884 0.756103515625 0.06167400881057269 0.02392578125
0 0.5315712187958884 0.725341796875 0.06020558002936858 0.0380859375
0 0.527165932452276 0.691162109375 0.05873715124816446 0.02978515625
0 0.5267988252569751 0.657958984375 0.05726872246696035 0.03466796875
0 0.5290014684287812 0.621337890625 0.05506607929515418 0.03369140625
0 0.526064610866373 0.574951171875 0.04772393538913363 0.0283203125
0 0.5256975036710719 0.549560546875 0.06093979441997063 0.0390625
0 0.5201908957415565 0.511474609375 0.05873715124816446 0.03515625
0 0.5209251101321586 0.480224609375 0.0631424375917768 0.037109375
0 0.5183553597650514 0.446044921875 0.05873715124816446 0.03125
0 0.5190895741556535 0.415283203125 0.0565345080763583 0.03125
0 0.5198237885462555 0.385986328125 0.05726872246696035 0.029296875
0 0.5161527165932452 0.355224609375 0.05800293685756241 0.033203125
0 0.51431718061674 0.321533203125 0.05506607929515418 0.02685546875
0 0.5106461086637298 0.291259765625 0.05947136563876652 0.0302734375
0 0.44933920704845814 0.30126953125 0.06167400881057269 0.0380859375
0 0.44933920704845814 0.33349609375 0.06681350954478708 0.033203125
0 0.45484581497797355 0.36962890625 0.06534508076358296 0.03369140625
0 0.45704845814977973 0.396484375 0.05800293685756241 0.0185546875
0 0.4544787077826725 0.42041015625 0.05726872246696035 0.0283203125
0 0.45374449339207046 0.4482421875 0.0565345080763583 0.037109375
0 0.45851688693098386 0.48193359375 0.05286343612334802 0.0244140625
0 0.45851688693098386 0.515625 0.049926578560939794 0.0361328125
0 0.45704845814977973 0.546875 0.05506607929515418 0.0224609375
0 0.4621879588839941 0.57470703125 0.05947136563876652 0.02880859375
0 0.459985315712188 0.60400390625 0.05506607929515418 0.03759765625
0 0.46402349486049926 0.63525390625 0.0565345080763583 0.02490234375
0 0.46402349486049926 0.662109375 0.06240822320117474 0.0302734375
0 0.4654919236417034 0.69384765625 0.05726872246696035 0.033203125
0 0.46622613803230545 0.72119140625 0.05433186490455213 0.01904296875
0 0.4669603524229075 0.74560546875 0.05433186490455213 0.02685546875
0 0.4698972099853157 0.7763671875 0.05506607929515418 0.0302734375
0 0.4720998531571219 0.80859375 0.05800293685756241 0.03125
0 0.4746696035242291 0.843505859375 0.06020558002936858 0.033203125
0 0.47393538913362704 0.879150390625 0.053597650513950074 0.03759765625
0 0.4159324522760646 0.880859375 0.0631424375917768 0.03662109375
0 0.41262848751835535 0.8427734375 0.06093979441997063 0.033203125
0 0.4111600587371512 0.80419921875 0.05726872246696035 0.03857421875
0 0.407856093979442 0.741455078125 0.05947136563876652 0.0302734375
0 0.40712187958883994 0.711181640625 0.05947136563876652 0.033203125
0 0.4056534508076358 0.678955078125 0.06167400881057269 0.03076171875
0 0.4034508076358297 0.647705078125 0.05286343612334802 0.03955078125
0 0.4023494860499266 0.578369140625 0.05800293685756241 0.04248046875
0 0.3990455212922173 0.544677734375 0.0631424375917768 0.0263671875
0 0.3997797356828194 0.513427734375 0.06167400881057269 0.03369140625
0 0.3997797356828194 0.479736328125 0.0565345080763583 0.033203125
0 0.39720998531571217 0.444091796875 0.0513950073421439 0.03564453125
0 0.39720998531571217 0.418212890625 0.049926578560939794 0.017578125
0 0.39537444933920707 0.398193359375 0.0513950073421439 0.02099609375
0 0.3924375917767988 0.375732421875 0.052129221732745964 0.0224609375
0 0.39060205580029367 0.356201171875 0.0513950073421439 0.0263671875
0 0.3891336270190896 0.329833984375 0.05433186490455213 0.0263671875
0 0.3876651982378855 0.299072265625 0.05726872246696035 0.0361328125
0 0.3278267254038179 0.29736328125 0.05506607929515418 0.03271484375
0 0.32819383259911894 0.33056640625 0.05433186490455213 0.03759765625
0 0.33076358296622616 0.37109375 0.07121879588839941 0.041015625
0 0.3329662261380323 0.40478515625 0.06754772393538913 0.029296875
0 0.33590308370044053 0.43408203125 0.06607929515418502 0.0302734375
0 0.3340675477239354 0.47314453125 0.0631424375917768 0.0458984375
0 0.3381057268722467 0.50927734375 0.06387665198237885 0.02978515625
0 0.33590308370044053 0.5380859375 0.0631424375917768 0.0224609375
0 0.34030837004405284 0.5703125 0.06167400881057269 0.0439453125
0 0.3392070484581498 0.60595703125 0.0631424375917768 0.033203125
0 0.3392070484581498 0.6396484375 0.06167400881057269 0.0283203125
0 0.33627019089574156 0.6630859375 0.06387665198237885 0.03466796875
0 0.3406754772393539 0.69677734375 0.06167400881057269 0.02783203125
0 0.3406754772393539 0.7255859375 0.06240822320117474 0.029296875
0 0.3443465491923642 0.7568359375 0.06167400881057269 0.029296875
0 0.3432452276064611 0.7900390625 0.06828193832599119 0.0322265625
0 0.34838472834067546 0.822998046875 0.07048458149779736 0.02734375
0 0.3498531571218796 0.849853515625 0.05800293685756241 0.02587890625
0 0.3476505139500734 0.877685546875 0.06607929515418502 0.04248046875
0 0.2841409691629956 0.888916015625 0.053597650513950074 0.02734375
0 0.28193832599118945 0.862548828125 0.06240822320117474 0.029296875
0 0.2841409691629956 0.8310546875 0.06167400881057269 0.03271484375
0 0.27936857562408224 0.795654296875 0.05873715124816446 0.03662109375
0 0.2812041116005874 0.759521484375 0.05947136563876652 0.03369140625
0 0.2775330396475771 0.724853515625 0.0565345080763583 0.041015625
0 0.2790014684287812 0.697509765625 0.053597650513950074 0.03076171875
0 0.2790014684287812 0.671142578125 0.052129221732745964 0.02197265625
0 0.27165932452276065 0.642822265625 0.05947136563876652 0.03564453125
0 0.27422907488986786 0.606201171875 0.0565345080763583 0.03759765625
0 0.27716593245227605 0.571533203125 0.06387665198237885 0.03173828125
0 0.27276064610866374 0.539306640625 0.05800293685756241 0.0302734375
0 0.2779001468428781 0.510009765625 0.06020558002936858 0.03076171875
0 0.2698237885462555 0.481689453125 0.06681350954478708 0.0263671875
0 0.26798825256975034 0.446533203125 0.05800293685756241 0.03662109375
0 0.2668869309838473 0.410400390625 0.05433186490455213 0.03076171875
0 0.26762114537444937 0.377685546875 0.06167400881057269 0.03857421875
0 0.2646842878120411 0.345458984375 0.0697503671071953 0.029296875
0 0.26505139500734215 0.308837890625 0.06461086637298091 0.04345703125
0 0.19970631424375918 0.28466796875 0.06240822320117474 0.02978515625
0 0.20190895741556533 0.396484375 0.04919236417033774 0.03369140625
0 0.19933920704845814 0.427734375 0.05286343612334802 0.03125
0 0.20741556534508077 0.5205078125 0.05506607929515418 0.02392578125
0 0.21145374449339208 0.58544921875 0.05726872246696035 0.0283203125
0 0.21145374449339208 0.6123046875 0.055800293685756244 0.02294921875
0 0.21255506607929514 0.662109375 0.04698972099853157 0.0302734375
0 0.21365638766519823 0.70263671875 0.055800293685756244 0.02685546875
0 0.21659324522760645 0.787109375 0.05726872246696035 0.0244140625
0 0.22356828193832598 0.817626953125 0.05066079295154185 0.03076171875
0 0.22356828193832598 0.855712890625 0.049926578560939794 0.0185546875
0 0.22723935389133626 0.884033203125 0.04698972099853157 0.033203125
0 0.16226138032305434 0.91650390625 0.04698972099853157 0.02392578125
0 0.15748898678414097 0.885498046875 0.049926578560939794 0.01611328125
0 0.15198237885462554 0.784912109375 0.05286343612334802 0.03125
0 0.15198237885462554 0.748779296875 0.053597650513950074 0.02099609375
0 0.1501468428781204 0.718505859375 0.0513950073421439 0.0234375
0 0.15234948604992657 0.659912109375 0.0565345080763583 0.029296875
0 0.14684287812041116 0.617431640625 0.05800293685756241 0.03466796875
0 0.145007342143906 0.576904296875 0.05066079295154185 0.02587890625
0 0.14280469897209985 0.546142578125 0.06607929515418502 0.02734375
0 0.14101321659324523 0.5112973198242188 0.15561384801762113 0.5276195629882813 0.17049730983847283 0.520967904296875 0.1833315624082232 0.5037381845703125 0.17040916886930985 0.483862525390625 0.10926139207048459 0.48035859716796875 0.11084454845814977 0.5092915556640625 0.14101321659324523 0.5112973198242188
0 0.14370522320117474 0.4788715888671875 0.16848366152716593 0.4779949716796875 0.170912875917768 0.435559435546875 0.1092090242290749 0.43617174462890623 0.11052465932452275 0.4633540087890625 0.1371822422907489 0.4665785166015625 0.14370522320117474 0.4788715888671875
0 0.13582966226138032 0.334228515625 0.06020558002936858 0.0283203125
1 0.8458149779735683 0.249267578125 0.022026431718061675 0.0244140625
1 0.8516886930983847 0.279541015625 0.02569750367107195 0.03125
1 0.8487518355359766 0.332763671875 0.016152716593245228 0.03271484375
1 0.8535242290748899 0.429443359375 0.018355359765051395 0.0263671875
1 0.8546255506607929 0.474365234375 0.016886930983847283 0.021484375
1 0.8575624082232012 0.503173828125 0.024963289280469897 0.02587890625
1 0.856093979441997 0.531982421875 0.020558002936857563 0.02490234375
1 0.8612334801762115 0.559814453125 0.027165932452276064 0.0263671875
1 0.8586637298091042 0.589599609375 0.018355359765051395 0.0234375
1 0.8564610866372981 0.617919921875 0.016886930983847283 0.0244140625
1 0.8564610866372981 0.646728515625 0.01908957415565345 0.02734375
1 0.7933186490455213 0.64697265625 0.021292217327459617 0.02099609375
1 0.7955212922173275 0.6181640625 0.020558002936857563 0.02734375
1 0.7944199706314243 0.50439453125 0.024963289280469897 0.02685546875
1 0.7929515418502202 0.46435546875 0.03010279001468429 0.02783203125
1 0.7878120411160059 0.43603515625 0.024229074889867842 0.02783203125
1 0.7841409691629956 0.32763671875 0.020558002936857563 0.0283203125
1 0.7826725403817915 0.298828125 0.020558002936857563 0.02197265625
1 0.7782672540381792 0.253173828125 0.023494860499265784 0.03076171875
1 0.8630690161527166 0.739990234375 0.015418502202643172 0.01513671875
1 0.8638032305433186 0.769775390625 0.01762114537444934 0.021484375
1 0.868575624082232 0.805908203125 0.024229074889867842 0.025390625
1 0.8678414096916299 0.830810546875 0.022026431718061675 0.02294921875
1 0.8726138032305433 0.898193359375 0.016886930983847283 0.029296875
1 0.6780469897209985 0.8759765625 0.01908957415565345 0.03515625
1 0.6762114537444934 0.8408203125 0.021292217327459617 0.029296875
1 0.6813509544787077 0.8115234375 0.028634361233480177 0.02587890625
1 0.6740088105726872 0.7802734375 0.022026431718061675 0.03076171875
1 0.6725403817914831 0.74462890625 0.021292217327459617 0.0341796875
1 0.672173274596182 0.7109375 0.024229074889867842 0.02734375
1 0.672173274596182 0.6845703125 0.027900146842878122 0.01806640625
1 0.67143906020558 0.65625 0.021292217327459617 0.0302734375
1 0.6743759177679882 0.62353515625 0.024963289280469897 0.0341796875
1 0.7279735682819384 0.618896484375 0.02276064610866373 0.03564453125
1 0.7268722466960352 0.581298828125 0.02276064610866373 0.02685546875
1 0.7268722466960352 0.547607421875 0.01762114537444934 0.02685546875
1 0.7265051395007343 0.513916015625 0.01908957415565345 0.02490234375
1 0.7254038179148311 0.476318359375 0.01908957415565345 0.01220703125
1 0.7232011747430249 0.447509765625 0.021292217327459617 0.0224609375
1 0.723935389133627 0.419189453125 0.02569750367107195 0.02490234375
1 0.7257709251101322 0.394775390625 0.023494860499265784 0.02734375
1 0.7213656387665198 0.366943359375 0.021292217327459617 0.0283203125
1 0.7206314243759178 0.338623046875 0.016886930983847283 0.0244140625
1 0.7213656387665198 0.312255859375 0.015418502202643172 0.02392578125
1 0.6530837004405287 0.288330078125 0.022026431718061675 0.02783203125
1 0.656754772393539 0.31787109375 0.023494860499265784 0.02685546875
1 0.658223201174743 0.34814453125 0.024963289280469897 0.03076171875
1 0.6571218795888399 0.38134765625 0.016886930983847283 0.0107421875
1 0.6607929515418502 0.41845703125 0.024229074889867842 0.03515625
1 0.6655653450807636 0.45458984375 0.024229074889867842 0.03125
1 0.6640969162995595 0.48681640625 0.028634361233480177 0.0302734375
1 0.6611600587371512 0.513671875 0.016886930983847283 0.009765625
1 0.6651982378854625 0.55126953125 0.027900146842878122 0.04150390625
1 0.6666666666666666 0.58935546875 0.022026431718061675 0.03125
1 0.6215124816446402 0.8828125 0.015418502202643172 0.02294921875
1 0.6196769456681351 0.856201171875 0.01762114537444934 0.02490234375
1 0.6171071953010279 0.825439453125 0.016152716593245228 0.02490234375
1 0.6141703377386197 0.795654296875 0.01908957415565345 0.0185546875
1 0.6112334801762115 0.761474609375 0.01908957415565345 0.033203125
1 0.6108663729809104 0.727783203125 0.01762114537444934 0.00927734375
1 0.6101321585903083 0.698974609375 0.018355359765051395 0.0302734375
1 0.6101321585903083 0.666748046875 0.02569750367107195 0.03076171875
1 0.6057268722466961 0.638916015625 0.019823788546255508 0.0244140625
1 0.6046255506607929 0.603759765625 0.019823788546255508 0.03955078125
1 0.606093979441997 0.570068359375 0.016152716593245228 0.0244140625
1 0.6031571218795888 0.540771484375 0.01762114537444934 0.0302734375
1 0.6024229074889867 0.509033203125 0.01908957415565345 0.0322265625
1 0.5987518355359766 0.479248046875 0.020558002936857563 0.02490234375
1 0.5987518355359766 0.451416015625 0.01762114537444934 0.02685546875
1 0.5972834067547724 0.424560546875 0.01762114537444934 0.02197265625
1 0.5991189427312775 0.383056640625 0.027900146842878122 0.04150390625
1 0.5987518355359766 0.350830078125 0.023494860499265784 0.0263671875
1 0.5928781204111601 0.322021484375 0.019823788546255508 0.0302734375
1 0.5943465491923642 0.293701171875 0.021292217327459617 0.03369140625
1 0.5319383259911894 0.29345703125 0.020558002936857563 0.0224609375
1 0.5312041116005873 0.31982421875 0.013950073421439061 0.02294921875
1 0.5323054331864905 0.353515625 0.022026431718061675 0.03466796875
1 0.5352422907488987 0.3857421875 0.016152716593245228 0.025390625
1 0.5337738619676946 0.41552734375 0.019823788546255508 0.02587890625
1 0.5337738619676946 0.443359375 0.01908957415565345 0.025390625
1 0.5367107195301027 0.47607421875 0.023494860499265784 0.02783203125
1 0.538546255506608 0.509765625 0.024963289280469897 0.041015625
1 0.540381791483113 0.54931640625 0.024229074889867842 0.0380859375
1 0.5381791483113069 0.57861328125 0.020558002936857563 0.0205078125
1 0.5436857562408223 0.62060546875 0.019823788546255508 0.03125
1 0.5429515418502202 0.6572265625 0.01908957415565345 0.03466796875
1 0.5447870778267254 0.69091796875 0.01762114537444934 0.02734375
1 0.5484581497797357 0.72216796875 0.01762114537444934 0.0419921875
1 0.552496328928047 0.7607421875 0.013950073421439061 0.01220703125
1 0.5506607929515418 0.78466796875 0.022026431718061675 0.02392578125
1 0.5565345080763583 0.81005859375 0.020558002936857563 0.0224609375
1 0.5554331864904553 0.84423828125 0.023494860499265784 0.03857421875
1 0.5598384728340675 0.882080078125 0.019823788546255508 0.03125
1 0.49155653450807635 0.877197265625 0.01762114537444934 0.0322265625
1 0.4922907488986784 0.844482421875 0.020558002936857563 0.0322265625
1 0.4919236417033774 0.808349609375 0.019823788546255508 0.029296875
1 0.486784140969163 0.776123046875 0.01762114537444934 0.02978515625
1 0.48384728340675476 0.745361328125 0.016886930983847283 0.029296875
1 0.48237885462555063 0.691650390625 0.016886930983847283 0.0302734375
1 0.48237885462555063 0.661376953125 0.01908957415565345 0.02685546875
1 0.48237885462555063 0.633544921875 0.018355359765051395 0.02001953125
1 0.47834067547723935 0.603759765625 0.014684287812041116 0.03125
1 0.4842143906020558 0.569091796875 0.027900146842878122 0.01806640625
1 0.4776064610866373 0.542236328125 0.013950073421439061 0.01416015625
1 0.4746696035242291 0.510498046875 0.020558002936857563 0.02294921875
1 0.4776064610866373 0.481689453125 0.01908957415565345 0.02294921875
1 0.47283406754772395 0.443603515625 0.018355359765051395 0.02783203125
1 0.47283406754772395 0.414794921875 0.020558002936857563 0.01806640625
1 0.47393538913362704 0.395751953125 0.02276064610866373 0.01953125
1 0.4746696035242291 0.369873046875 0.028634361233480177 0.03271484375
1 0.47283406754772395 0.335693359375 0.016886930983847283 0.029296875
1 0.46916299559471364 0.303466796875 0.02276064610866373 0.02734375
1 0.4041850220264317 0.2958984375 0.01908957415565345 0.02783203125
1 0.4067547723935389 0.32958984375 0.018355359765051395 0.02392578125
1 0.4052863436123348 0.35693359375 0.018355359765051395 0.025390625
1 0.407856093979442 0.37744140625 0.018355359765051395 0.01513671875
1 0.40712187958883994 0.39599609375 0.01762114537444934 0.01904296875
1 0.4104258443465492 0.41845703125 0.013950073421439061 0.013671875
1 0.4111600587371512 0.44189453125 0.018355359765051395 0.02880859375
1 0.41409691629955947 0.478515625 0.022026431718061675 0.0283203125
1 0.41740088105726875 0.51123046875 0.023494860499265784 0.0341796875
1 0.41813509544787075 0.5419921875 0.020558002936857563 0.0244140625
1 0.4185022026431718 0.5810546875 0.020558002936857563 0.04296875
1 0.4199706314243759 0.6455078125 0.01762114537444934 0.03271484375
1 0.42694566813509544 0.681640625 0.016152716593245228 0.02783203125
1 0.4254772393538913 0.70947265625 0.018355359765051395 0.0322265625
1 0.4254772393538913 0.74072265625 0.021292217327459617 0.02490234375
1 0.4287812041116006 0.802734375 0.01762114537444934 0.0361328125
1 0.4331864904552129 0.842529296875 0.019823788546255508 0.02880859375
1 0.4379588839941263 0.876708984375 0.01908957415565345 0.03271484375
1 0.3696769456681351 0.87548828125 0.015418502202643172 0.03515625
1 0.36820851688693096 0.84423828125 0.020558002936857563 0.0185546875
1 0.36820851688693096 0.8193359375 0.021292217327459617 0.01806640625
1 0.368942731277533 0.78955078125 0.024963289280469897 0.0322265625
1 0.3641703377386197 0.755615234375 0.022026431718061675 0.0283203125
1 0.3604992657856094 0.726806640625 0.018355359765051395 0.0302734375
1 0.35976505139500736 0.694091796875 0.02276064610866373 0.029296875
1 0.3590308370044053 0.662353515625 0.016152716593245228 0.0283203125
1 0.35939794419970633 0.631103515625 0.01762114537444934 0.0166015625
1 0.3604992657856094 0.606689453125 0.022026431718061675 0.02880859375
1 0.35866372980910427 0.568603515625 0.024229074889867842 0.03857421875
1 0.3568281938325991 0.534912109375 0.014684287812041116 0.0205078125
1 0.3564610866372981 0.509521484375 0.02643171806167401 0.02587890625
1 0.3509544787077827 0.472412109375 0.027165932452276064 0.04443359375
1 0.35279001468428783 0.435302734375 0.02569750367107195 0.02978515625
1 0.3498531571218796 0.407470703125 0.024963289280469897 0.0322265625
1 0.3498531571218796 0.368896484375 0.028634361233480177 0.0400390625
1 0.3443465491923642 0.331298828125 0.022026431718061675 0.03564453125
1 0.3432452276064611 0.296142578125 0.022026431718061675 0.0302734375
1 0.28193832599118945 0.31005859375 0.027165932452276064 0.03515625
1 0.28377386196769455 0.34326171875 0.02276064610866373 0.02392578125
1 0.28377386196769455 0.3759765625 0.01908957415565345 0.03564453125
1 0.21659324522760645 0.282470703125 0.015418502202643172 0.0244140625
1 0.2184287812041116 0.396728515625 0.014684287812041116 0.03125
1 0.21916299559471367 0.425537109375 0.013215859030837005 0.025390625
1 0.28597650513950074 0.41015625 0.021292217327459617 0.02685546875
1 0.2856093979441997 0.44775390625 0.018355359765051395 0.03759765625
1 0.2878120411160059 0.47998046875 0.020558002936857563 0.02490234375
1 0.2911160058737151 0.5087890625 0.024229074889867842 0.0263671875
1 0.2911160058737151 0.5390625 0.015418502202643172 0.02294921875
1 0.2933186490455213 0.5693359375 0.027900146842878122 0.0244140625
1 0.2933186490455213 0.60595703125 0.016152716593245228 0.037109375
1 0.2922173274596182 0.64306640625 0.019823788546255508 0.02783203125
1 0.29515418502202645 0.67138671875 0.021292217327459617 0.0234375
1 0.2958883994126285 0.69189453125 0.016886930983847283 0.0185546875
1 0.29625550660792954 0.71484375 0.016886930983847283 0.02099609375
1 0.2988252569750367 0.75830078125 0.01762114537444934 0.03076171875
1 0.30066079295154186 0.794921875 0.018355359765051395 0.03955078125
1 0.3039647577092511 0.83251953125 0.01908957415565345 0.03369140625
1 0.30469897209985314 0.86328125 0.016886930983847283 0.0244140625
1 0.30469897209985314 0.88671875 0.015418502202643172 0.01708984375
1 0.23751835535976504 0.882080078125 0.02569750367107195 0.03173828125
1 0.23972099853157122 0.855224609375 0.019823788546255508 0.01025390625
1 0.23972099853157122 0.817626953125 0.021292217327459617 0.03076171875
1 0.236784140969163 0.788818359375 0.019823788546255508 0.0224609375
1 0.23348017621145375 0.701904296875 0.018355359765051395 0.02734375
1 0.22577092511013216 0.660400390625 0.019823788546255508 0.03271484375
1 0.22980910425844348 0.610107421875 0.016886930983847283 0.017578125
1 0.22687224669603523 0.585693359375 0.02569750367107195 0.02783203125
1 0.22356828193832598 0.518310546875 0.020558002936857563 0.02197265625
1 0.14757709251101322 0.332275390625 0.023494860499265784 0.0244140625
1 0.15895741556534507 0.45703125 0.014684287812041116 0.04296875
1 0.16593245227606462 0.5048828125 0.027900146842878122 0.037109375
1 0.16262848751835535 0.54541015625 0.024229074889867842 0.02685546875
1 0.1604258443465492 0.5751953125 0.018355359765051395 0.02685546875
1 0.16299559471365638 0.6171875 0.020558002936857563 0.033203125
1 0.1655653450807636 0.6611328125 0.02643171806167401 0.02880859375
1 0.1696035242290749 0.7197265625 0.01908957415565345 0.017578125
1 0.16776798825256975 0.7451171875 0.019823788546255508 0.013671875
1 0.171071953010279 0.78466796875 0.01908957415565345 0.03076171875
1 0.17290748898678415 0.88525390625 0.016152716593245228 0.015625
1 0.17437591776798825 0.91357421875 0.018355359765051395 0.013671875
1 0.4845814977973568 0.721435546875 0.016886930983847283 0.0185546875