0 0.8723404255319149 0.43038593063019054 0.1072013093289689 0.040058622374206154
0 0.8829787234042553 0.6541279921836834 0.1104746317512275 0.049829018075232046
0 0.8723404255319149 0.7581827063996092 0.12029459901800327 0.04298974108451392
0 0.8064745949263502 0.8750454943820225 0.7522929263502455 0.8746359184171959 0.7522929263502455 0.8893815642403516 0.6773711186579379 0.88715936345872 0.6850804116202946 0.9356665339521251 0.8051028674304419 0.9340280786516854 0.8064745949263502 0.8750454943820225
0 0.7438625204582652 0.5578895945285784 0.1260229132569558 0.056179775280898875
0 0.7414075286415712 0.7274059599413776 0.12520458265139117 0.0449438202247191
0 0.7381342062193126 0.6809965803615047 0.1309328968903437 0.044455300439667805
0 0.7430441898527005 0.49096238397655106 0.12438625204582651 0.043478260869565216
0 0.7414075286415712 0.42501221299462627 0.10638297872340426 0.044455300439667805
0 0.7446808510638298 0.37469467513434296 0.12929623567921442 0.05471421592574499
0 0.7389525368248773 0.28138739618954567 0.12520458265139117 0.04592085979482169
0 0.7438625204582652 0.10356619443087445 0.10638297872340426 0.03419638495359062
0 0.6055646481178396 0.10698583292623351 0.13829787234042554 0.04201270151441133
0 0.5981996726677578 0.1792867611138251 0.12274959083469722 0.04934049829018075
0 0.4787234042553192 0.1978505129457743 0.11783960720130933 0.05129457743038593
0 0.47381342062193127 0.15437225207620908 0.12029459901800327 0.03663898387884709
0 0.33060556464811786 0.11382510991695163 0.1260229132569558 0.045432340009770394
0 0.33469721767594107 0.15681485100146556 0.12029459901800327 0.04054714215925745
0 0.4672667757774141 0.31167562286272593 0.11292962356792144 0.05031753786028334
0 0.4656301145662848 0.4474841231069858 0.1260229132569558 0.04298974108451392
0 0.4713584288052373 0.5486077186126038 0.11865793780687398 0.051783097215437224
0 0.6039279869067103 0.4323400097703957 0.11538461538461539 0.0449438202247191
0 0.6039279869067103 0.4787493893502687 0.11947626841243862 0.046409379579872984
0 0.602291325695581 0.36248168050806057 0.11702127659574468 0.04934049829018075
0 0.602291325695581 0.31069858329262334 0.1072013093289689 0.05324865657059111
0 0.6047463175122749 0.7957987298485588 0.11865793780687398 0.045432340009770394
0 0.6088379705400983 0.709819247679531 0.12520458265139117 0.05031753786028334
0 0.46890343698854337 0.6990718124084025 0.11620294599018004 0.0537371763556424
0 0.4705400981996727 0.8641914997557401 0.11538461538461539 0.05227161700048852
0 0.4705400981996727 0.8099658036150464 0.12193126022913257 0.051783097215437224
0 0.33060556464811786 0.7469467513434294 0.10965630114566285 0.0361504640937958
0 0.34206219312602293 0.6292134831460674 0.10474631751227496 0.045432340009770394
0 0.339607201309329 0.3786028334147533 0.11702127659574468 0.055202735710796286
0 0.34206219312602293 0.3243771372740596 0.12193126022913257 0.04836345872007816
0 0.20540098199672668 0.26477772349780165 0.132569558101473 0.04152418172936004
0 0.20540098199672668 0.306790425012213 0.132569558101473 0.045432340009770394
0 0.20130932896890344 0.3815339521250611 0.12274959083469722 0.032730825598436736
0 0.20458265139116202 0.41914997557401074 0.12356792144026187 0.04201270151441133
0 0.2037643207855974 0.48412310698583294 0.10147299509001637 0.046409379579872984
0 0.20049099836333878 0.5627747923790913 0.09656301145662848 0.04787493893502687
0 0.20458265139116202 0.6712261846604788 0.11620294599018004 0.050806057645334635
0 0.21112929623567922 0.8612603810454323 0.12274959083469722 0.04152418172936004
0 0.07855973813420622 0.8817782120175867 0.09656301145662848 0.02979970688812897
0 0.08346972176759411 0.8446507083536883 0.10801963993453355 0.04201270151441133
0 0.07855973813420622 0.7567171470444553 0.10474631751227496 0.046409379579872984
0 0.07855973813420622 0.7171470444553004 0.10065466448445172 0.03419638495359062
0 0.13023350900163666 0.6665584562774792 0.13091931014729952 0.6370671641426477 0.09114046644844517 0.632971138739619 0.06439259574468086 0.6260079296531509 0.032239415711947626 0.6273381695163655 0.03490133224222586 0.6727024753297508 0.0863395458265139 0.6731120893991207 0.13023350900163666 0.6665584562774792
0 0.14257868003273322 0.6022510429897411 0.09114046644844517 0.5911918085002443 0.036272997545008186 0.5920110361504641 0.034297252045826516 0.6230385280898876 0.08153862520458265 0.62969434098681 0.13297683797054008 0.6354287464582316 0.14257868003273322 0.6022510429897411
0 0.08265139116202946 0.5017098192476795 0.10065466448445172 0.051783097215437224
0 0.07774140752864157 0.4152418172936004 0.10229132569558101 0.05813385442110405
0 0.07119476268412439 0.21397166585246702 0.088379705400982 0.048851978505129456
0 0.1955810147299509 0.11871030776746458 0.11865793780687398 0.055202735710796286
1 0.9042553191489362 0.4308744504152418 0.029459901800327332 0.04152418172936004
1 0.6448445171849427 0.17440156326331216 0.02618657937806874 0.03126526624328285
1 0.6448445171849427 0.1074743527112848 0.044189852700491 0.03761602344894968
1 0.7831423895253683 0.10112359550561797 0.027823240589198037 0.02344894968246214
1 0.7815057283142389 0.27796775769418663 0.030278232405891982 0.03761602344894968
1 0.7831423895253683 0.3717635564240352 0.03600654664484452 0.04054714215925745
1 0.7774140752864157 0.4132877381533952 0.024549918166939442 0.022960429897410845
1 0.7806873977086743 0.48510014655593553 0.038461538461538464 0.034684904738641914
1 0.7839607201309329 0.5520273571079629 0.04582651391162029 0.04103566194430874
1 0.7815057283142389 0.680019540791402 0.03764320785597381 0.044455300439667805
1 0.7839607201309329 0.726428920371275 0.030278232405891982 0.0449438202247191
1 0.9099836333878887 0.7601367855398143 0.03518821603927987 0.04250122129946263
1 0.646481178396072 0.7957987298485588 0.030278232405891982 0.03859306301905227
1 0.7774140752864157 0.9032730825598436 0.036824877250409165 0.05666829506595017
1 0.5081833060556464 0.857352222765022 0.038461538461538464 0.03712750366389839
1 0.5073649754500819 0.8094772838299951 0.036824877250409165 0.051783097215437224
1 0.5065466448445172 0.6951636541279922 0.030278232405891982 0.04836345872007816
1 0.646481178396072 0.7044455300439668 0.04337152209492635 0.03859306301905227
1 0.5081833060556464 0.5481191988275526 0.04091653027823241 0.04836345872007816
1 0.6423895253682488 0.4694675134342941 0.031914893617021274 0.024425989252564728
1 0.6391162029459901 0.432828529555447 0.040098199672667756 0.04103566194430874
1 0.6407528641571195 0.3619931607230093 0.03764320785597381 0.046409379579872984
1 0.6399345335515548 0.31069858329262334 0.029459901800327332 0.050806057645334635
1 0.5171849427168577 0.19638495359062041 0.036824877250409165 0.04592085979482169
1 0.5122749590834698 0.1533952125061065 0.03355155482815057 0.0356619443087445
1 0.3723404255319149 0.15437225207620908 0.03436988543371522 0.032730825598436736
1 0.3723404255319149 0.11333659013190034 0.036824877250409165 0.04103566194430874
1 0.23731587561374795 0.10893991206643869 0.031096563011456628 0.024425989252564728
1 0.10065466448445172 0.2076209086468002 0.027823240589198037 0.030288226673180263
1 0.24713584288052373 0.26038104543234003 0.03355155482815057 0.032730825598436736
1 0.24713584288052373 0.3072789447972643 0.036824877250409165 0.04103566194430874
1 0.3788870703764321 0.31998045920859797 0.03764320785597381 0.03859306301905227
1 0.37561374795417346 0.3688324377137274 0.03518821603927987 0.03419638495359062
1 0.24058919803600654 0.3815339521250611 0.036824877250409165 0.028334147532975085
1 0.24058919803600654 0.41866145578895947 0.044189852700491 0.039081582804103565
1 0.5065466448445172 0.4484611626770884 0.03600654664484452 0.040058622374206154
1 0.5073649754500819 0.3092330239374695 0.030278232405891982 0.043478260869565216
1 0.234860883797054 0.48314606741573035 0.029459901800327332 0.04201270151441133
1 0.22913256955810146 0.5608207132388862 0.031914893617021274 0.044455300439667805
1 0.36824877250409166 0.6243282852955545 0.028641571194762683 0.03126526624328285
1 0.2414075286415712 0.6707376648754274 0.036824877250409165 0.043478260869565216
1 0.36661211129296234 0.73961895456766 0.027823240589198037 0.022960429897410845
1 0.24631751227495907 0.8607718612603811 0.04091653027823241 0.04054714215925745
1 0.11702127659574468 0.8431851489985345 0.03355155482815057 0.03663898387884709
1 0.11211129296235679 0.8812896922325354 0.031914893617021274 0.025403028822667317
1 0.10801963993453355 0.7581827063996092 0.031914893617021274 0.038104543234000976
1 0.10801963993453355 0.723009281875916 0.023731587561374796 0.019052271617000488
1 0.11129296235679215 0.646800195407914 0.031096563011456628 0.020029311187103077
1 0.11129296235679215 0.6145578895945286 0.040098199672667756 0.0361504640937958
1 0.11620294599018004 0.4953590620420127 0.028641571194762683 0.033707865168539325
1 0.10965630114566285 0.4123106985832926 0.031096563011456628 0.03517342452369321
1 0.9148936170212766 0.6541279921836834 0.031914893617021274 0.044455300439667805