0 0.8836720392431675 0.155517578125 0.06166783461807989 0.03857421875
0 0.771198318149965 0.23095703125 0.04134548002803083 0.02685546875
0 0.7305536089698669 0.205078125 0.032936229852838124 0.02490234375
0 0.7697967764540995 0.2041015625 0.039943938332165384 0.02490234375
0 0.771198318149965 0.18115234375 0.04765241765942537 0.01953125
0 0.6881569726699369 0.22119140625 0.04064470918009811 0.02099609375
0 0.7291520672740014 0.2353515625 0.03363700070077085 0.01904296875
0 0.7697967764540995 0.25634765625 0.04064470918009811 0.02001953125
0 0.886124737210932 0.342041015625 0.06236860546601261 0.0458984375
0 0.8868255080588647 0.310791015625 0.06306937631394534 0.02392578125
0 0.8868255080588647 0.287353515625 0.06236860546601261 0.0283203125
0 0.8868255080588647 0.263427734375 0.06166783461807989 0.0244140625
0 0.8854239663629992 0.230712890625 0.06377014716187807 0.0390625
0 0.8829712683952348 0.194091796875 0.06377014716187807 0.0390625
1 0.9057463209530483 0.14990234375 0.014716187806587245 0.02734375
1 0.9060967063770147 0.18798828125 0.01401541695865452 0.02294921875
1 0.9067974772249474 0.224609375 0.014716187806587245 0.0263671875
1 0.9078486334968465 0.25634765625 0.012613875262789068 0.0126953125
1 0.909250175192712 0.282958984375 0.013314646110721794 0.02197265625
1 0.9088997897687456 0.306640625 0.009810791871058164 0.0107421875
1 0.9096005606166784 0.332275390625 0.014716187806587245 0.03369140625
1 0.7831114225648214 0.25390625 0.01051156271899089 0.01220703125
1 0.7824106517168886 0.23046875 0.011212333566923615 0.02685546875
1 0.7845129642606867 0.2021484375 0.011212333566923615 0.01953125
1 0.7859145059565522 0.1806640625 0.016818500350385426 0.0185546875
1 0.7438682550805886 0.205078125 0.01051156271899089 0.02099609375
1 0.7424667133847231 0.23388671875 0.009110021023125438 0.01708984375
1 0.7035739313244569 0.2216796875 0.012613875262789068 0.021484375