0 0.9326171875 0.3943472409152086 0.041015625 0.04508748317631225
0 0.84521484375 0.38021534320323014 0.04443359375 0.03768506056527591
0 0.84423828125 0.34253028263795426 0.04248046875 0.03566621803499327
0 0.84375 0.297442799461642 0.0439453125 0.05114401076716016
0 0.72216796875 0.38088829071332436 0.0400390625 0.04306864064602961
0 0.72509765625 0.32772543741588156 0.0419921875 0.052489905787348586
0 0.64013671875 0.27052489905787347 0.0458984375 0.04979811574697174
0 0.640625 0.2193808882907133 0.04296875 0.04979811574697174
0 0.7607421875 0.22139973082099595 0.041015625 0.05787348586810229
0 0.80224609375 0.41117092866756394 0.0361328125 0.05585464333781965
0 0.8037109375 0.8714670255720054 0.03857421875 0.05114401076716016
0 0.55322265625 0.6837146702557201 0.0478515625 0.047106325706594884
0 0.55615234375 0.6339165545087483 0.03955078125 0.0477792732166891
0 0.556640625 0.8391655450874832 0.037109375 0.047106325706594884
0 0.44775390625 0.6271870794078062 0.03759765625 0.039703903095558546
0 0.19921875 0.7227456258411844 0.0322265625 0.0370121130551817
1 0.94677734375 0.3882907133243607 0.013671875 0.034993270524899055
1 0.859375 0.3815612382234186 0.01220703125 0.02489905787348587
1 0.85986328125 0.3411843876177658 0.01123046875 0.026244952893674293
1 0.85888671875 0.29542395693135937 0.009765625 0.03835800807537012
1 0.77392578125 0.21467025572005383 0.009765625 0.039030955585464336
1 0.73583984375 0.32772543741588156 0.01171875 0.047106325706594884
1 0.7353515625 0.37415881561238223 0.0107421875 0.028936742934051143
1 0.6552734375 0.2651413189771198 0.0107421875 0.039703903095558546
1 0.65673828125 0.22072678331090176 0.0087890625 0.04441453566621804
1 0.56884765625 0.6305518169582772 0.013671875 0.03566621803499327
1 0.56787109375 0.6790040376850606 0.013671875 0.03095558546433378
1 0.81591796875 0.8687752355316285 0.0126953125 0.0423956931359354
1 0.568359375 0.8398384925975774 0.0126953125 0.04104979811574697
1 0.46142578125 0.629878869448183 0.01318359375 0.02826379542395693
1 0.2099609375 0.7227456258411844 0.0126953125 0.02826379542395693
1 0.81298828125 0.4044414535666218 0.0126953125 0.04104979811574697