0 0.7487883683360258 0.27197265625 0.05977382875605816 0.02734375
0 0.29079159935379645 0.27197265625 0.05573505654281099 0.0302734375
0 0.1332794830371567 0.40234375 0.06381260096930533 0.029296875
0 0.1332794830371567 0.43408203125 0.06623586429725363 0.033203125
0 0.20678513731825526 0.46630859375 0.07350565428109855 0.0341796875
0 0.3554119547657512 0.79296875 0.0630048465266559 0.0380859375
0 0.5848142164781907 0.73193359375 0.06785137318255251 0.03125
0 0.5872374798061389 0.765625 0.0630048465266559 0.03369140625
1 0.7681744749596123 0.26953125 0.017770597738287562 0.0185546875
1 0.6058158319870759 0.7353515625 0.020193861066235864 0.02587890625
1 0.6074313408723748 0.76416015625 0.022617124394184167 0.02001953125
1 0.3756058158319871 0.79541015625 0.022617124394184167 0.0302734375
1 0.2294022617124394 0.4658203125 0.023424878836833602 0.02978515625
1 0.15347334410339256 0.43017578125 0.021809369951534735 0.02294921875
1 0.15508885298869143 0.40283203125 0.01938610662358643 0.02880859375
1 0.31017770597738287 0.27392578125 0.01938610662358643 0.01904296875