0 0.933837890625 0.3122375524895021 0.02490234375 0.02399520095980804
0 0.93310546875 0.2924415116976605 0.0234375 0.017996400719856028
0 0.93115234375 0.21205758848230355 0.0234375 0.01919616076784643
0 0.931396484375 0.23005398920215958 0.01953125 0.013797240551889621
0 0.90869140625 0.21265746850629874 0.0185546875 0.022795440911817635
0 0.87353515625 0.21265746850629874 0.013671875 0.014997000599880024
0 0.890380859375 0.20995800839832032 0.017578125 0.014997000599880024
0 0.8916015625 0.22375524895020996 0.017578125 0.016796640671865627
0 0.892333984375 0.24235152969406118 0.02001953125 0.01979604079184163
1 0.93896484375 0.21175764847030593 0.0087890625 0.016796640671865627
1 0.912841796875 0.20935812837432513 0.00537109375 0.010197960407918417
1 0.93798828125 0.22825434913017398 0.00537109375 0.009598080383923215
1 0.94091796875 0.29094181163767247 0.00634765625 0.014997000599880024
1 0.939697265625 0.3125374925014997 0.00927734375 0.021595680863827234
1 0.898681640625 0.24265146970605878 0.0048828125 0.017996400719856028
1 0.8974609375 0.22165566886622676 0.00390625 0.008398320335932814
1 0.8974609375 0.21325734853029393 0.0048828125 0.007198560287942412
1 0.87841796875 0.21265746850629874 0.00390625 0.013197360527894421