0 0.6030595813204509 0.33447265625 0.06843800322061191 0.029296875
0 0.605475040257649 0.3671875 0.0748792270531401 0.03857421875
0 0.8349436392914654 0.46533203125 0.06521739130434782 0.03173828125
0 0.5297906602254429 0.46484375 0.07407407407407407 0.02978515625
0 0.5289855072463768 0.49755859375 0.07004830917874397 0.03466796875
0 0.2938808373590982 0.6611328125 0.06521739130434782 0.037109375
0 0.3719806763285024 0.66259765625 0.06682769726247988 0.03466796875
0 0.3776167471819646 0.40185546875 0.06521739130434782 0.03515625
1 0.8590982286634461 0.46337890625 0.021739130434782608 0.0234375
1 0.3969404186795491 0.40380859375 0.021739130434782608 0.03271484375
1 0.5547504025764896 0.4658203125 0.01932367149758454 0.02783203125
1 0.5483091787439613 0.49609375 0.01932367149758454 0.02490234375
1 0.3977455716586151 0.66259765625 0.023349436392914653 0.03271484375
1 0.3172302737520129 0.65966796875 0.01932367149758454 0.0283203125
1 0.6280193236714976 0.3681640625 0.028985507246376812 0.0380859375
1 0.6264090177133655 0.33447265625 0.020128824476650563 0.02734375