0 0.8711507293354943 0.10595703125 0.09481361426256078 0.04150390625
0 0.880064829821718 0.2197265625 0.10048622366288493 0.03271484375
0 0.8808752025931929 0.39501953125 0.08752025931928688 0.04296875
0 0.8873581847649918 0.48388671875 0.09481361426256078 0.041015625
0 0.8914100486223663 0.59716796875 0.10696920583468396 0.0419921875
0 0.8954619124797407 0.669921875 0.0940032414910859 0.0419921875
0 0.8978930307941653 0.74560546875 0.07779578606158834 0.052734375
0 0.8192868719611021 0.90283203125 0.08752025931928688 0.02978515625
0 0.8119935170178282 0.84130859375 0.08670988654781199 0.05322265625
0 0.8103727714748784 0.75927734375 0.08508914100486224 0.044921875
0 0.8087520259319287 0.71826171875 0.08184764991896272 0.0380859375
0 0.7965964343598055 0.49169921875 0.07617504051863858 0.0419921875
0 0.7901134521880064 0.361328125 0.07293354943273905 0.03857421875
0 0.7925445705024311 0.32177734375 0.08265802269043761 0.041015625
0 0.7901134521880064 0.283203125 0.08995137763371151 0.03662109375
0 0.7042139384116693 0.19873046875 0.08670988654781199 0.04052734375
0 0.7009724473257699 0.16552734375 0.08265802269043761 0.02978515625
0 0.6191247974068071 0.14111328125 0.08022690437601297 0.04296875
0 0.6370689197730957 0.26877991748046876 0.6635581223662885 0.26798154150390624 0.6617921215559157 0.21156298583984376 0.5810834149108589 0.21124591015625 0.5787926750405186 0.2520140234375 0.6308880794165316 0.2528123994140625 0.6370689197730957 0.26877991748046876
0 0.7042139384116693 0.3232421875 0.08265802269043761 0.0439453125
0 0.7228525121555915 0.58203125 0.0753646677471637 0.05322265625
0 0.46353322528363045 0.66162109375 0.08752025931928688 0.03759765625
0 0.5502431118314425 0.60205078125 0.07617504051863858 0.0419921875
0 0.6320907617504052 0.72998046875 0.08103727714748785 0.0380859375
0 0.6353322528363047 0.765625 0.08103727714748785 0.03271484375
0 0.720421393841167 0.73828125 0.09319286871961102 0.03955078125
0 0.726904376012966 0.86279296875 0.07293354943273905 0.04345703125
0 0.4683954619124797 0.904296875 0.08184764991896272 0.037109375
0 0.4683954619124797 0.74365234375 0.08184764991896272 0.0380859375
0 0.5348460291734197 0.30908203125 0.08508914100486224 0.0380859375
0 0.6191247974068071 0.17724609375 0.07212317666126418 0.02978515625
0 0.44408427876823336 0.1572265625 0.07779578606158834 0.03955078125
0 0.4497568881685575 0.11279296875 0.0753646677471637 0.04345703125
0 0.45948136142625606 0.44091796875 0.08995137763371151 0.0419921875
0 0.050243111831442464 0.115234375 0.05753646677471637 0.037109375
0 0.04943273905996758 0.15869140625 0.05348460291734198 0.04296875
0 0.0758145907617504 0.37111336279296875 0.09007224068071314 0.34871577294921874 0.07667867747163695 0.30574368310546873 0.0293837811993517 0.30436778515625 0.0295852358184765 0.34480921923828123 0.057236428687196104 0.3463718408203125 0.0758145907617504 0.37111336279296875
0 0.028289085899513778 0.43568039453125 0.08488764100486224 0.43594083935546873 0.08445557779578605 0.4031257890625 0.02484657779578606 0.4012239150390625 0.028289085899513778 0.43568039453125
0 0.08272740356564019 0.4362012841796875 0.026142921393841168 0.43598276806640623 0.024832679902755266 0.43594083935546873 0.026560893030794164 0.472662466796875 0.07667867747163695 0.4770898627929688 0.08272740356564019 0.4362012841796875
0 0.06756587358184765 0.596434513671875 0.08700812236628849 0.6045080659179688 0.08657609886547812 0.5396592758789063 0.03262464100486223 0.54104042578125 0.03602625121555916 0.5748182583007813 0.060221036466774715 0.5761204350585938 0.06756587358184765 0.596434513671875
0 0.06239870340356564 0.62890625 0.059967585089141004 0.02880859375
0 0.06320907617504051 0.662109375 0.06158833063209076 0.03857421875
0 0.0640194489465154 0.8154296875 0.059967585089141004 0.03369140625
0 0.06482982171799027 0.845703125 0.06158833063209076 0.0283203125
0 0.06726094003241491 0.8779296875 0.05834683954619125 0.0380859375
0 0.06969205834683954 0.91455078125 0.055105348460291734 0.03515625
0 0.21393841166936792 0.84765625 0.08184764991896272 0.04248046875
0 0.2917341977309562 0.7626953125 0.08833063209076175 0.03955078125
0 0.2925445705024311 0.7939453125 0.09238249594813615 0.02490234375
0 0.3038897893030794 0.88818359375 0.08265802269043761 0.03662109375
0 0.21393841166936792 0.72607421875 0.07212317666126418 0.0302734375
0 0.21393841166936792 0.5927734375 0.08752025931928688 0.04638671875
0 0.206645056726094 0.55078125 0.07617504051863858 0.03564453125
0 0.20421393841166938 0.33935546875 0.09157212317666126 0.0390625
0 0.12479740680713128 0.26904296875 0.08752025931928688 0.0390625
0 0.11183144246353323 0.16796875 0.07293354943273905 0.037109375
0 0.3646677471636953 0.24560546875 0.08752025931928688 0.041015625
0 0.3646677471636953 0.2880859375 0.08346839546191248 0.04248046875
0 0.4521880064829822 0.28759765625 0.07293354943273905 0.04248046875
0 0.4546191247974068 0.22998046875 0.06888168557536467 0.03662109375
0 0.4481361426256078 0.19482421875 0.07617504051863858 0.033203125
0 0.29902755267423015 0.6083984375 0.07455429497568881 0.037109375
0 0.29497568881685576 0.548828125 0.08022690437601297 0.03857421875
0 0.2925445705024311 0.51025390625 0.07779578606158834 0.03271484375
0 0.12560777957860617 0.4169921875 0.07212317666126418 0.0419921875
0 0.46434359805510533 0.50634765625 0.07050243111831442 0.0361328125
1 0.899513776337115 0.10693359375 0.027552674230145867 0.0390625
1 0.9051863857374393 0.21875 0.03889789303079417 0.0341796875
1 0.9076175040518638 0.39208984375 0.025121555915721232 0.0390625
1 0.9141004862236629 0.484375 0.03079416531604538 0.0390625
1 0.9222042139384117 0.59423828125 0.03727714748784441 0.037109375
1 0.9205834683954619 0.66845703125 0.03403565640194489 0.03564453125
1 0.9222042139384117 0.7431640625 0.025121555915721232 0.046875
1 0.8444084278768234 0.904296875 0.03079416531604538 0.025390625
1 0.8411669367909238 0.841796875 0.03484602917341977 0.05517578125
1 0.7479740680713128 0.861328125 0.028363047001620744 0.041015625
1 0.8379254457050244 0.75 0.02593192868719611 0.02783203125
1 0.8346839546191248 0.71826171875 0.031604538087520256 0.03662109375
1 0.7520259319286872 0.73681640625 0.028363047001620744 0.0380859375
1 0.6620745542949756 0.7294921875 0.022690437601296597 0.03369140625
1 0.6612641815235009 0.7626953125 0.02674230145867099 0.0205078125
1 0.4878444084278768 0.744140625 0.03727714748784441 0.03515625
1 0.49027552674230146 0.66015625 0.03079416531604538 0.0322265625
1 0.5753646677471637 0.6015625 0.025121555915721232 0.0390625
1 0.7447325769854133 0.58203125 0.03079416531604538 0.0400390625
1 0.8249594813614263 0.4951171875 0.02106969205834684 0.037109375
1 0.8176661264181524 0.35595703125 0.019448946515397084 0.02294921875
1 0.8168557536466775 0.318359375 0.03403565640194489 0.03515625
1 0.8176661264181524 0.2822265625 0.03484602917341977 0.0341796875
1 0.7301458670988655 0.1953125 0.03322528363047002 0.02880859375
1 0.7260940032414911 0.1630859375 0.03403565640194489 0.02587890625
1 0.4708265802269044 0.1142578125 0.028363047001620744 0.03759765625
1 0.4675850891410049 0.1533203125 0.024311183144246355 0.0224609375
1 0.47244732576985415 0.193359375 0.023500810372771474 0.03369140625
1 0.47649918962722854 0.22705078125 0.028363047001620744 0.0322265625
1 0.47649918962722854 0.2890625 0.023500810372771474 0.0283203125
1 0.5591572123176661 0.3076171875 0.03484602917341977 0.03125
1 0.39303079416531606 0.28662109375 0.025121555915721232 0.0380859375
1 0.3897893030794165 0.24853515625 0.02674230145867099 0.033203125
1 0.4862236628849271 0.44189453125 0.03079416531604538 0.03515625
1 0.4862236628849271 0.49951171875 0.02025931928687196 0.02294921875
1 0.3241491085899514 0.794921875 0.028363047001620744 0.02490234375
1 0.3233387358184765 0.76318359375 0.022690437601296597 0.03564453125
1 0.326580226904376 0.89013671875 0.03403565640194489 0.03125
1 0.23987034035656402 0.84765625 0.028363047001620744 0.037109375
1 0.2366288492706645 0.71875 0.023500810372771474 0.01611328125
1 0.3217179902755267 0.60546875 0.029983792544570502 0.03076171875
1 0.3192868719611021 0.54833984375 0.028363047001620744 0.03564453125
1 0.3192868719611021 0.509765625 0.02593192868719611 0.03173828125
1 0.23419773095623986 0.33984375 0.027552674230145867 0.03271484375
1 0.14910858995137763 0.2666015625 0.03727714748784441 0.0244140625
1 0.1353322528363047 0.16357421875 0.02188006482982172 0.02783203125
1 0.06645056726094004 0.1533203125 0.019448946515397084 0.03125
1 0.06482982171799027 0.11376953125 0.02188006482982172 0.03466796875
1 0.07212317666126418 0.33935546875 0.025121555915721232 0.05224609375
1 0.07212317666126418 0.419921875 0.019448946515397084 0.0302734375
1 0.07212317666126418 0.44677734375 0.019448946515397084 0.021484375
1 0.07698541329011345 0.5712890625 0.025121555915721232 0.06103515625
1 0.07941653160453808 0.6298828125 0.023500810372771474 0.02490234375
1 0.08022690437601297 0.6630859375 0.029983792544570502 0.03857421875
1 0.08427876823338736 0.81591796875 0.01539708265802269 0.03076171875
1 0.08589951377633712 0.845703125 0.014586709886547812 0.02685546875
1 0.08508914100486224 0.87841796875 0.02188006482982172 0.0361328125
1 0.08833063209076175 0.91162109375 0.02025931928687196 0.0283203125
1 0.49351701782820095 0.904296875 0.023500810372771474 0.0361328125
1 0.14019448946515398 0.412109375 0.03727714748784441 0.03125
1 0.7325769854132901 0.3251953125 0.027552674230145867 0.0380859375
1 0.6482982171799028 0.23974609375 0.029173419773095625 0.0556640625
1 0.6418152350081038 0.17236328125 0.022690437601296597 0.01806640625
1 0.6458670988654781 0.13671875 0.029983792544570502 0.03369140625
1 0.23987034035656402 0.58544921875 0.028363047001620744 0.033203125
1 0.23095623987034036 0.55029296875 0.028363047001620744 0.0224609375