0 0.8232421875 0.2172854534388314 0.021484375 0.020693852708460133
0 0.822265625 0.2398052343274498 0.01806640625 0.018867924528301886
0 0.82275390625 0.26171637248934876 0.01953125 0.023737066342057214
0 0.8046875 0.28484479610468655 0.017578125 0.020693852708460133
0 0.8046875 0.30736457699330494 0.021484375 0.02130249543517955
0 0.7702608461914062 0.22981120146074255 0.7716579311523437 0.23727784662203288 0.7748513203125 0.2387711752891053 0.777046734375 0.23379340839926963 0.777845099609375 0.20467349239196592 0.75614220703125 0.20390827936701156 0.7610799350585937 0.23006008581862447 0.7702608461914062 0.22981120146074255
0 0.7794417578125 0.2462378204503956 0.7780446728515625 0.23951783992696288 0.7714583579101563 0.2387711752891053 0.769462517578125 0.23130453012781496 0.7585375888671875 0.23115410772976264 0.758884484375 0.2559444595252587 0.7744521376953125 0.2609222264150943 0.7794417578125 0.2462378204503956
0 0.27886408154296877 0.24132700608642726 0.2792053046875 0.2513262994522215 0.2860295478515625 0.25090078514911746 0.2873944091796875 0.22962572306755932 0.283641048828125 0.22111570054777846 0.26755077099609376 0.2202432708460134 0.2669216474609375 0.24132700608642726 0.27886408154296877 0.24132700608642726
0 0.28858864306640625 0.2549430541692027 0.28773560107421875 0.2502625331710286 0.279375900390625 0.2506880474741327 0.27749922021484374 0.2417525106512477 0.26627103173828126 0.24066176810712112 0.26606860546875 0.2655805800365185 0.28415286767578124 0.26600609433962263 0.28858864306640625 0.2549430541692027
1 0.828125 0.21667681071211198 0.0078125 0.01704199634814364
1 0.82763671875 0.2361533779671333 0.00537109375 0.010346926354230066
1 0.82763671875 0.2604990870359099 0.00634765625 0.018867924528301886
1 0.8095703125 0.28484479610468655 0.00634765625 0.020693852708460133
1 0.81005859375 0.30432136335970783 0.00634765625 0.014607425441265977
1 0.775390625 0.2440657334144857 0.0068359375 0.00852099817407182
1 0.77392578125 0.22215459525258674 0.005859375 0.02982349360925137
1 0.283203125 0.2361533779671333 0.00634765625 0.024345709068776627
1 0.2841796875 0.256238587948874 0.00830078125 0.00852099817407182