0 0.92529296875 0.24799010513296227 0.048828125 0.04143475572047001
0 0.92529296875 0.2925170068027211 0.0498046875 0.039579468150896725
0 0.828125 0.36982065553494126 0.02978515625 0.029684601113172542
0 0.71240234375 0.42547928262213974 0.0322265625 0.026592455163883734
0 0.74609375 0.40197897340754485 0.03125 0.032158317872603585
0 0.74609375 0.3654916512059369 0.03076171875 0.03710575139146568
0 0.69835582421875 0.27027493815708103 0.7013257265625 0.2589856462585034 0.6988507778320312 0.23201677736549164 0.6721647202148437 0.23763754050711194 0.6731116533203125 0.26212155596784165 0.6835063120117187 0.2618079690785405 0.69835582421875 0.27027493815708103
0 0.7025631557617188 0.22794009400123688 0.7013257265625 0.20285277365491652 0.6691943735351562 0.2042491521335807 0.669894228515625 0.23672064935064935 0.68697116796875 0.2332711527520099 0.7025631557617188 0.22794009400123688
0 0.847345900390625 0.20724305875077303 0.81511266015625 0.20613018862090293 0.8164094467773437 0.23922938528138527 0.8280415341796875 0.23640706246134818 0.8451184731445313 0.23264396536796536 0.847345900390625 0.20724305875077303
0 0.8448709965820312 0.23170319109461968 0.8147413666992187 0.2381077996289425 0.8181418745117187 0.2574176846011132 0.8399211440429688 0.25867205936920223 0.8461084711914062 0.25083226406926407 0.8448709965820312 0.23170319109461968
1 0.9423828125 0.24922696351267778 0.0087890625 0.035868893011750155
1 0.9423828125 0.2857142857142857 0.00732421875 0.017316017316017316
1 0.841796875 0.2189239332096475 0.00634765625 0.022881880024737167
1 0.8408203125 0.24242424242424243 0.0068359375 0.017934446505875078
1 0.83837890625 0.3685837971552257 0.0048828125 0.008658008658008658
1 0.7236328125 0.4260977118119975 0.00537109375 0.02411873840445269
1 0.75634765625 0.40012368583797153 0.00634765625 0.025974025974025976
1 0.755859375 0.3654916512059369 0.00927734375 0.036487322201607914
1 0.6962890625 0.24922696351267778 0.00537109375 0.032158317872603585
1 0.69775390625 0.21645021645021645 0.005859375 0.022881880024737167