0 0.936923076923077 0.25390625 0.0823076923076923 0.05810546875
0 0.9392307692307692 0.35546875 0.09230769230769231 0.0458984375
0 0.9353846153846154 0.73583984375 0.07846153846153846 0.044921875
0 0.84 0.7001953125 0.09538461538461539 0.0576171875
0 0.8369230769230769 0.65185546875 0.09769230769230769 0.03271484375
0 0.6330769230769231 0.7041015625 0.10076923076923076 0.0576171875
0 0.6369230769230769 0.85400390625 0.09923076923076923 0.04541015625
0 0.6376923076923077 0.91259765625 0.09846153846153846 0.05419921875
0 0.4307692307692308 0.7685546875 0.08153846153846153 0.033203125
0 0.4269230769230769 0.7255859375 0.10307692307692308 0.04052734375
0 0.42846153846153845 0.68603515625 0.09538461538461539 0.033203125
0 0.4238461538461539 0.58984375 0.1076923076923077 0.03955078125
0 0.7476923076923077 0.5302734375 0.10846153846153846 0.05615234375
0 0.7415384615384616 0.482421875 0.10538461538461538 0.03466796875
0 0.7461538461538462 0.37255859375 0.09153846153846154 0.06298828125
0 0.6376923076923077 0.38330078125 0.09538461538461539 0.0498046875
0 0.6392307692307693 0.32763671875 0.10923076923076923 0.06005859375
0 0.6415384615384615 0.2109375 0.09538461538461539 0.0576171875
0 0.6407692307692308 0.15576171875 0.11923076923076924 0.04541015625
0 0.33076923076923076 0.21728515625 0.11615384615384615 0.05322265625
0 0.32846153846153847 0.2783203125 0.11307692307692307 0.0673828125
0 0.22 0.38134765625 0.09769230769230769 0.0537109375
0 0.2123076923076923 0.6630859375 0.10153846153846154 0.04150390625
0 0.2123076923076923 0.74951171875 0.09230769230769231 0.03857421875
0 0.21076923076923076 0.81201171875 0.08923076923076922 0.04833984375
0 0.20846153846153845 0.90869140625 0.09230769230769231 0.05029296875
0 0.10692307692307693 0.91259765625 0.09384615384615384 0.04833984375
0 0.3169230769230769 0.91796875 0.09846153846153846 0.04248046875
0 0.32153846153846155 0.8701171875 0.11153846153846154 0.0498046875
0 0.4330769230769231 0.90283203125 0.10307692307692308 0.06201171875
0 0.4269230769230769 0.85107421875 0.1 0.0380859375
0 0.4346153846153846 0.36865234375 0.1076923076923077 0.056640625
0 0.9323076923076923 0.8505859375 0.07846153846153846 0.05712890625
0 0.9315384615384615 0.908203125 0.08384615384615385 0.05908203125
1 0.2530769230769231 0.380859375 0.03076923076923077 0.04443359375
1 0.36153846153846153 0.20849609375 0.03461538461538462 0.02880859375
1 0.3630769230769231 0.2578125 0.038461538461538464 0.0419921875
1 0.4676923076923077 0.36328125 0.02923076923076923 0.0390625
1 0.6707692307692308 0.36669921875 0.023846153846153847 0.01904296875
1 0.6715384615384615 0.3291015625 0.03307692307692308 0.04638671875
1 0.666923076923077 0.20556640625 0.03461538461538462 0.03759765625
1 0.6746153846153846 0.15380859375 0.036923076923076927 0.02783203125
1 0.9646153846153847 0.24755859375 0.02076923076923077 0.04345703125
1 0.9623076923076923 0.35107421875 0.026923076923076925 0.03759765625
1 0.7815384615384615 0.4775390625 0.023076923076923078 0.02392578125
1 0.7761538461538462 0.375 0.036923076923076927 0.06298828125
1 0.7815384615384615 0.5244140625 0.03769230769230769 0.04296875
1 0.8761538461538462 0.64501953125 0.02 0.015625
1 0.8738461538461538 0.69482421875 0.031538461538461536 0.04736328125
1 0.6692307692307692 0.70654296875 0.043076923076923075 0.0390625
1 0.4576923076923077 0.6865234375 0.03 0.03173828125
1 0.4576923076923077 0.58740234375 0.026923076923076925 0.02734375
1 0.46 0.724609375 0.03461538461538462 0.0439453125
1 0.45384615384615384 0.77001953125 0.026923076923076925 0.03271484375
1 0.24384615384615385 0.7490234375 0.022307692307692306 0.03271484375
1 0.2469230769230769 0.66357421875 0.027692307692307693 0.04248046875
1 0.2423076923076923 0.81298828125 0.023076923076923078 0.0380859375
1 0.24153846153846154 0.9033203125 0.027692307692307693 0.04150390625
1 0.13923076923076924 0.91064453125 0.03230769230769231 0.0458984375
1 0.3515384615384615 0.86767578125 0.03307692307692308 0.04150390625
1 0.3476923076923077 0.90771484375 0.023076923076923078 0.02490234375
1 0.4553846153846154 0.85302734375 0.023076923076923078 0.0322265625
1 0.45384615384615384 0.8935546875 0.036153846153846154 0.0400390625
1 0.6723076923076923 0.8525390625 0.03076923076923077 0.0322265625
1 0.6653846153846154 0.89892578125 0.03461538461538462 0.0234375
1 0.9638461538461538 0.7392578125 0.02 0.0283203125
1 0.9607692307692308 0.8681640625 0.02 0.01611328125
1 0.9615384615384616 0.892578125 0.01769230769230769 0.0263671875