0 0.5130537974683544 0.33984375 0.06724683544303797 0.033203125
0 0.5114715189873418 0.3720703125 0.06091772151898734 0.02587890625
0 0.5083069620253164 0.40478515625 0.06408227848101265 0.0380859375
0 0.5087025316455697 0.43701171875 0.06645569620253164 0.0263671875
0 0.2076740506329114 0.399658203125 0.06487341772151899 0.0283203125
0 0.1293512658227848 0.39599609375 0.05775316455696203 0.0263671875
0 0.20609177215189872 0.430419921875 0.06487341772151899 0.02392578125
0 0.20688291139240506 0.462158203125 0.07199367088607594 0.033203125
0 0.20490506329113925 0.493896484375 0.06487341772151899 0.03369140625
0 0.2745253164556962 0.6943359375 0.06408227848101265 0.02587890625
0 0.2737341772151899 0.662109375 0.06882911392405064 0.03076171875
0 0.27056962025316456 0.72265625 0.06408227848101265 0.02734375
1 0.53125 0.342041015625 0.020569620253164556 0.03076171875
1 0.5280854430379747 0.369873046875 0.022943037974683545 0.01513671875
1 0.526503164556962 0.407958984375 0.022151898734177215 0.03076171875
1 0.5328322784810127 0.436279296875 0.02610759493670886 0.0146484375
1 0.2274525316455696 0.45458984375 0.030854430379746837 0.01708984375
1 0.2274525316455696 0.42822265625 0.022943037974683545 0.01708984375
1 0.22903481012658228 0.3984375 0.02689873417721519 0.02001953125
1 0.14873417721518986 0.39306640625 0.0189873417721519 0.01806640625
1 0.22349683544303797 0.48974609375 0.02531645569620253 0.025390625
1 0.2962816455696203 0.659423828125 0.028481012658227847 0.017578125
1 0.2935126582278481 0.688720703125 0.01740506329113924 0.01904296875
1 0.2911392405063291 0.723388671875 0.01977848101265823 0.01904296875
1 0.2950949367088608 0.757080078125 0.01977848101265823 0.01904296875
0 0.2745253164556962 0.75732421875 0.07278481012658228 0.03466796875