0 0.8757022471910112 0.159912109375 0.06741573033707865 0.03955078125
0 0.8781601123595506 0.197998046875 0.06671348314606741 0.03759765625
0 0.8788623595505618 0.236083984375 0.06390449438202248 0.03515625
0 0.8799157303370787 0.268798828125 0.06390449438202248 0.02734375
0 0.8806179775280899 0.295166015625 0.0625 0.02734375
0 0.8802668539325843 0.317626953125 0.0625 0.01953125
0 0.8816713483146067 0.346435546875 0.06530898876404495 0.04736328125
0 0.7696629213483146 0.275390625 0.04073033707865169 0.02099609375
0 0.7271769662921348 0.262939453125 0.03160112359550562 0.017578125
0 0.726123595505618 0.278076171875 0.03441011235955056 0.013671875
0 0.6864466292134831 0.255615234375 0.037219101123595506 0.0205078125
0 0.7268258426966292 0.242431640625 0.037921348314606744 0.02392578125
0 0.7275280898876404 0.219970703125 0.03441011235955056 0.0185546875
0 0.7278792134831461 0.1982421875 0.03581460674157303 0.02197265625
0 0.7707162921348315 0.18115234375 0.04564606741573034 0.02392578125
0 0.7707162921348315 0.2001953125 0.03441011235955056 0.0146484375
0 0.7689606741573034 0.220703125 0.03651685393258427 0.02685546875
0 0.6878511235955056 0.232421875 0.0351123595505618 0.02490234375
0 0.6885533707865169 0.205078125 0.037219101123595506 0.02587890625
0 0.6892556179775281 0.1826171875 0.037921348314606744 0.01953125
1 0.6990870786516854 0.18212890625 0.011235955056179775 0.0146484375
1 0.6990870786516854 0.19970703125 0.012640449438202247 0.015625
1 0.6983848314606742 0.23193359375 0.010533707865168539 0.02197265625
1 0.6962780898876404 0.2548828125 0.013342696629213483 0.02001953125
1 0.7391151685393258 0.23974609375 0.011938202247191011 0.01806640625
1 0.7387640449438202 0.21875 0.010533707865168539 0.0126953125
1 0.7373595505617978 0.19677734375 0.011235955056179775 0.01904296875
1 0.7819522471910112 0.1826171875 0.014044943820224719 0.02099609375
1 0.7826544943820225 0.19921875 0.011938202247191011 0.0087890625
1 0.7808988764044944 0.2197265625 0.012640449438202247 0.02197265625
1 0.7837078651685393 0.2744140625 0.011235955056179775 0.01611328125
1 0.7387640449438202 0.2763671875 0.011235955056179775 0.01025390625
1 0.7370084269662921 0.26318359375 0.009831460674157303 0.01416015625
1 0.9023876404494382 0.3359375 0.016151685393258428 0.0263671875
1 0.9034410112359551 0.31494140625 0.011235955056179775 0.0126953125
1 0.9041432584269663 0.29150390625 0.01544943820224719 0.021484375
1 0.9027387640449438 0.2626953125 0.013342696629213483 0.013671875
1 0.9034410112359551 0.23046875 0.0175561797752809 0.025390625
1 0.901685393258427 0.19287109375 0.016853932584269662 0.02587890625
1 0.9009831460674157 0.1552734375 0.016853932584269662 0.0302734375