0 0.06103515625 0.33923215356928615 0.0322265625 0.026994601079784044
0 0.06005859375 0.3644271145770846 0.03076171875 0.020995800839832032
0 0.061279296875 0.3884223155368926 0.029296875 0.02459508098380324
0 0.42041015625 0.47270545890821836 0.02880859375 0.022795440911817635
0 0.42041015625 0.501499700059988 0.03173828125 0.03239352129574085
0 0.267333984375 0.7963407318536293 0.029296875 0.023395320935812838
0 0.267578125 0.8179364127174565 0.02880859375 0.017996400719856028
0 0.26904296875 0.8443311337732453 0.03369140625 0.026994601079784044
0 0.27001953125 0.8725254949010198 0.03076171875 0.028194361127774445
0 0.566162109375 0.759748050389922 0.0244140625 0.02459508098380324
0 0.56591796875 0.7363527294541091 0.025390625 0.02579484103179364
0 0.56591796875 0.7123575284943011 0.025390625 0.02459508098380324
0 0.565185546875 0.6889622075584882 0.0234375 0.023395320935812838
0 0.9208984375 0.3203359328134373 0.0263671875 0.020995800839832032
0 0.922607421875 0.34433113377324537 0.0263671875 0.029394121175764846
0 0.722412109375 0.26874625074985004 0.03076171875 0.02459508098380324
0 0.721923828125 0.244751049790042 0.03076171875 0.02579484103179364
0 0.72119140625 0.22015596880623875 0.029296875 0.020995800839832032
1 0.72900390625 0.21925614877024596 0.01025390625 0.01919616076784643
1 0.729248046875 0.243251349730054 0.01025390625 0.017996400719856028
1 0.730712890625 0.26664667066586684 0.01025390625 0.015596880623875225
1 0.9287109375 0.3212357528494301 0.009765625 0.020995800839832032
1 0.929443359375 0.34403119376124774 0.0107421875 0.022195560887822437
1 0.571044921875 0.6883623275344931 0.0087890625 0.01919616076784643
1 0.5712890625 0.7105578884223155 0.00830078125 0.020995800839832032
1 0.57275390625 0.7351529694061187 0.00830078125 0.022795440911817635
1 0.572998046875 0.7609478104379124 0.00634765625 0.022195560887822437
1 0.42919921875 0.5005998800239952 0.01123046875 0.03059388122375525
1 0.4296875 0.47240551889622073 0.01025390625 0.022195560887822437
1 0.277587890625 0.7948410317936413 0.01025390625 0.020995800839832032
1 0.2783203125 0.8158368326334733 0.00830078125 0.014997000599880024
1 0.279296875 0.8452309538092382 0.013671875 0.02399520095980804
1 0.278076171875 0.8704259148170366 0.01025390625 0.021595680863827234
1 0.071533203125 0.3878224355128974 0.009765625 0.023395320935812838
1 0.07177734375 0.3644271145770846 0.00830078125 0.01919616076784643
1 0.0732421875 0.33773245350929815 0.00830078125 0.02519496100779844