0 0.9100572363041701 0.083984375 0.08585445625511039 0.029296875
0 0.9067865903515945 0.11376953125 0.09076042518397383 0.033203125
0 0.9002452984464432 0.296875 0.08830744071954211 0.03515625
0 0.8986099754701553 0.365234375 0.09239574816026165 0.041015625
0 0.9035159443990188 0.43310546875 0.08912510220768602 0.0322265625
0 0.8896156991005724 0.6806640625 0.08340147179067865 0.03271484375
0 0.8937040065412919 0.72021484375 0.0874897792313982 0.03955078125
0 0.8021259198691741 0.6806640625 0.08912510220768602 0.04345703125
0 0.7996729354047425 0.7744140625 0.07522485690923958 0.03369140625
0 0.8045789043336059 0.5341796875 0.08503679476696648 0.03369140625
0 0.8062142273098937 0.47509765625 0.0874897792313982 0.0341796875
0 0.8111201962387572 0.4375 0.09076042518397383 0.0341796875
0 0.812755519215045 0.39697265625 0.08258381030253475 0.04345703125
0 0.8086672117743254 0.35693359375 0.07604251839738348 0.03466796875
0 0.812755519215045 0.1279296875 0.07522485690923958 0.03759765625
0 0.8135731807031888 0.08935546875 0.0874897792313982 0.0390625
0 0.7277187244480785 0.1123046875 0.07522485690923958 0.0400390625
0 0.7260834014717906 0.35791015625 0.07604251839738348 0.03466796875
0 0.7260834014717906 0.39453125 0.07604251839738348 0.03955078125
0 0.7187244480784954 0.572265625 0.07358953393295176 0.03662109375
0 0.7179067865903516 0.61279296875 0.08094848732624693 0.041015625
0 0.713818479149632 0.8115234375 0.08912510220768602 0.03466796875
0 0.7187244480784954 0.8974609375 0.08830744071954211 0.03125
0 0.6295993458708095 0.87158203125 0.08258381030253475 0.04150390625
0 0.6377759607522485 0.55517578125 0.08094848732624693 0.04248046875
0 0.6385936222403925 0.140625 0.08340147179067865 0.03369140625
0 0.6410466067048242 0.17431640625 0.0866721177432543 0.03125
0 0.5625215290269828 0.28907465087890627 0.5944952551103843 0.29725657861328125 0.6118524349959117 0.2907110532226562 0.6063711684382666 0.23289208447265625 0.5771380752248569 0.22743746630859374 0.5643485715453802 0.24652865185546874 0.503898202780049 0.24771349609375 0.5077094268192968 0.2950747646484375 0.5625215290269828 0.28907465087890627
0 0.5511038430089943 0.35205078125 0.09566639411283728 0.03515625
0 0.5543744889615699 0.4873046875 0.08585445625511039 0.03662109375
0 0.5543744889615699 0.55029296875 0.07358953393295176 0.037109375
0 0.46361406377759606 0.5712890625 0.08994276369582993 0.0341796875
0 0.4717906786590352 0.42138671875 0.0973017170891251 0.04296875
0 0.46443172526574 0.73974609375 0.07113654946852004 0.0341796875
0 0.3900245298446443 0.14697265625 0.08421913327882256 0.03564453125
0 0.39329517579721995 0.10986328125 0.08503679476696648 0.0322265625
0 0.3965658217497956 0.08203125 0.08585445625511039 0.02587890625
0 0.2224039247751431 0.08251953125 0.0874897792313982 0.02685546875
0 0.2224039247751431 0.1123046875 0.09157808667211774 0.033203125
0 0.22567457072771874 0.16015625 0.08503679476696648 0.01953125
0 0.21749795584627965 0.193359375 0.08176614881439084 0.04248046875
0 0.2224039247751431 0.22802734375 0.09157808667211774 0.02294921875
0 0.22567457072771874 0.26171875 0.07195421095666395 0.0400390625
0 0.30744071954210955 0.38134765625 0.08421913327882256 0.0341796875
0 0.3082583810302535 0.4228515625 0.08421913327882256 0.03466796875
0 0.3090760425183974 0.4619140625 0.08258381030253475 0.04052734375
0 0.3008994276369583 0.52685546875 0.08830744071954211 0.037109375
0 0.29844644317252655 0.6767578125 0.08830744071954211 0.037109375
0 0.22451353066230578 0.708111310546875 0.2528331381847915 0.710293166015625 0.2500925396565822 0.6464741259765625 0.1658341177432543 0.6467013676757812 0.1678743867538839 0.6884746923828124 0.2181188135731807 0.6884746923828124 0.22451353066230578 0.708111310546875
0 0.21504497138184792 0.53564453125 0.0678659035159444 0.03369140625
0 0.30662305805396567 0.2119140625 0.08013082583810302 0.04443359375
0 0.39084219133278825 0.31005859375 0.08912510220768602 0.02783203125
0 0.39411283728536384 0.3486328125 0.09321340964840556 0.04296875
0 0.3793949304987735 0.75830078125 0.08013082583810302 0.05126953125
0 0.2919051512673753 0.73828125 0.06704824202780049 0.0224609375
0 0.29354047424366314 0.77197265625 0.08340147179067865 0.03759765625
0 0.21668029435813574 0.73486328125 0.08013082583810302 0.0341796875
0 0.21259198691741618 0.7685546875 0.07195421095666395 0.0322265625
0 0.294358135731807 0.875 0.07604251839738348 0.05224609375
0 0.13082583810302534 0.751953125 0.07604251839738348 0.02734375
0 0.06050695012264922 0.74267578125 0.05723630417007359 0.04736328125
0 0.06050695012264922 0.8203125 0.06704824202780049 0.0302734375
0 0.05233033524121014 0.890625 0.06295993458708095 0.03076171875
0 0.13000817661488143 0.517578125 0.07358953393295176 0.05126953125
0 0.06541291905151267 0.275390625 0.058871627146361405 0.02880859375
0 0.06459525756336877 0.23974609375 0.053147996729354045 0.0263671875
0 0.13327882256745707 0.1572265625 0.07604251839738348 0.02978515625
1 0.9313164349959117 0.08056640625 0.03025347506132461 0.02001953125
1 0.9337694194603434 0.1142578125 0.025347506132461162 0.03271484375
1 0.8381030253475061 0.08740234375 0.03025347506132461 0.03369140625
1 0.8356500408830744 0.12646484375 0.029435813573180702 0.029296875
1 0.9264104660670482 0.30126953125 0.025347506132461162 0.03515625
1 0.9296811120196239 0.3662109375 0.028618152085036794 0.04052734375
1 0.928045789043336 0.42919921875 0.04006541291905151 0.01806640625
1 0.8364677023712184 0.39697265625 0.032706459525756335 0.0400390625
1 0.8356500408830744 0.3564453125 0.024529844644317254 0.0302734375
1 0.83892068683565 0.4326171875 0.03107113654946852 0.02685546875
1 0.8372853638593623 0.47412109375 0.02698282910874898 0.02587890625
1 0.830744071954211 0.537109375 0.024529844644317254 0.0302734375
1 0.8348323793949305 0.6787109375 0.03761242845461979 0.02978515625
1 0.9165985282093213 0.6806640625 0.027800490596892886 0.03076171875
1 0.9165985282093213 0.7197265625 0.033524121013900246 0.0361328125
1 0.8225674570727719 0.7724609375 0.02125919869174162 0.03076171875
1 0.7448896156991006 0.81103515625 0.022076860179885527 0.0302734375
1 0.7457072771872445 0.89794921875 0.022894521668029435 0.02099609375
1 0.6582174979558463 0.8720703125 0.02616516762060507 0.041015625
1 0.4848732624693377 0.740234375 0.02616516762060507 0.0302734375
1 0.6623058053965658 0.5546875 0.024529844644317254 0.03662109375
1 0.7473426001635323 0.5703125 0.018806214227309895 0.02099609375
1 0.7457072771872445 0.6103515625 0.025347506132461162 0.033203125
1 0.5780866721177432 0.54248046875 0.019623875715453803 0.0205078125
1 0.5789043336058871 0.48974609375 0.035977105478331974 0.0302734375
1 0.5838103025347506 0.349609375 0.035977105478331974 0.025390625
1 0.5878986099754702 0.263671875 0.03515944399018806 0.05615234375
1 0.6704824202780049 0.166015625 0.03107113654946852 0.01806640625
1 0.6688470973017171 0.1396484375 0.023712183156173343 0.0302734375
1 0.749795584627964 0.11328125 0.023712183156173343 0.03564453125
1 0.4186426819296811 0.080078125 0.028618152085036794 0.0234375
1 0.41618969746524936 0.11083984375 0.03188879803761243 0.02880859375
1 0.4145543744889616 0.14013671875 0.022894521668029435 0.0205078125
1 0.32788225674570726 0.2041015625 0.027800490596892886 0.02978515625
1 0.24529844644317253 0.19189453125 0.024529844644317254 0.029296875
1 0.24938675388389206 0.15966796875 0.03188879803761243 0.0166015625
1 0.2518397383483238 0.10546875 0.028618152085036794 0.02197265625
1 0.24938675388389206 0.0791015625 0.03434178250204415 0.01708984375
1 0.24693376941946035 0.2236328125 0.03761242845461979 0.01708984375
1 0.24448078495502862 0.25732421875 0.027800490596892886 0.0361328125
1 0.41618969746524936 0.31005859375 0.032706459525756335 0.0205078125
1 0.4145543744889616 0.34619140625 0.03515944399018806 0.0439453125
1 0.4938675388389207 0.42333984375 0.03515944399018806 0.033203125
1 0.49141455437448894 0.5732421875 0.032706459525756335 0.04052734375
1 0.32461161079313167 0.529296875 0.03515944399018806 0.029296875
1 0.3336058871627146 0.46337890625 0.033524121013900246 0.04443359375
1 0.33524121013900243 0.42041015625 0.029435813573180702 0.037109375
1 0.33442354865085855 0.380859375 0.024529844644317254 0.03271484375
1 0.2338511856091578 0.52880859375 0.022894521668029435 0.01611328125
1 0.15290269828291086 0.52197265625 0.022076860179885527 0.03759765625
1 0.321340964840556 0.6728515625 0.029435813573180702 0.0263671875
1 0.23793949304987735 0.681640625 0.029435813573180702 0.05615234375
1 0.23875715453802127 0.73291015625 0.03025347506132461 0.0283203125
1 0.23548650858544562 0.7587890625 0.024529844644317254 0.0146484375
1 0.3197056418642682 0.73388671875 0.024529844644317254 0.01318359375
1 0.40065412919051513 0.767578125 0.03515944399018806 0.0380859375
1 0.3205233033524121 0.77197265625 0.025347506132461162 0.03515625
1 0.3172526573998365 0.87548828125 0.028618152085036794 0.052734375
1 0.15126737530662307 0.74951171875 0.03107113654946852 0.02392578125
1 0.07604251839738348 0.74169921875 0.024529844644317254 0.04296875
1 0.07686017988552739 0.8212890625 0.024529844644317254 0.02734375
1 0.06950122649223221 0.88818359375 0.017988552739165987 0.02099609375
1 0.08013082583810302 0.2763671875 0.022894521668029435 0.02783203125
1 0.07849550286181521 0.23974609375 0.022076860179885527 0.01953125
1 0.15780866721177433 0.15478515625 0.025347506132461162 0.02685546875
1 0.7481602616516762 0.38818359375 0.025347506132461162 0.0185546875
1 0.749795584627964 0.35791015625 0.023712183156173343 0.03173828125