0 0.8773364485981309 0.374755859375 0.0794392523364486 0.04638671875
0 0.8769470404984424 0.418212890625 0.08177570093457943 0.0361328125
0 0.9243778668224298 0.4819675576171875 0.9209971316199377 0.43828630908203126 0.834990179906542 0.43902211279296877 0.8452986378504672 0.47169975 0.8889659361370716 0.469592625 0.899610073987539 0.47870855078125 0.9243778668224298 0.4819675576171875
0 0.8938058426791278 0.5034823950195313 0.9091578917445483 0.5106460229492188 0.9277002024922119 0.5079992270507813 0.9270955848909657 0.48628249609375 0.8953274571651091 0.48038466943359376 0.8829899384735201 0.4726449765625 0.8417858543613708 0.47315270751953126 0.845719808411215 0.5023793735351563 0.8938058426791278 0.5034823950195313
0 0.9269253496884735 0.5112662104492187 0.9052022398753895 0.5085169838867187 0.8847170638629283 0.5035818583984375 0.8459163450155763 0.5048692568359375 0.8483655420560747 0.5352070048828125 0.9270442126168225 0.53108748046875 0.9269253496884735 0.5112662104492187
0 0.902704777258567 0.6209626840820313 0.9308517741433022 0.6211977573242188 0.9290167780373833 0.60193834375 0.8515306962616823 0.6022432124023438 0.8523091425233645 0.6302035478515625 0.8968722967289721 0.6291727700195312 0.902704777258567 0.6209626840820313
0 0.8514435186915889 0.6302130209960938 0.8527983325545171 0.6633262797851562 0.9308150646417446 0.661527318359375 0.9278902274143301 0.6236740444335938 0.9057796892523364 0.62255828515625 0.8947385054517134 0.6302822724609375 0.8514435186915889 0.6302130209960938
0 0.785436137071651 0.375244140625 0.0794392523364486 0.04296875
0 0.7850467289719626 0.413330078125 0.0794392523364486 0.03662109375
0 0.7893302180685359 0.453369140625 0.08021806853582554 0.041015625
0 0.7908878504672897 0.488037109375 0.08021806853582554 0.0302734375
0 0.7920560747663551 0.522216796875 0.07398753894080996 0.033203125
0 0.793613707165109 0.558837890625 0.0778816199376947 0.03759765625
0 0.7998442367601246 0.603759765625 0.08644859813084112 0.048828125
0 0.7951713395638629 0.643798828125 0.08177570093457943 0.03857421875
0 0.6997663551401869 0.377685546875 0.08411214953271028 0.04052734375
0 0.6962616822429907 0.420166015625 0.08333333333333333 0.0390625
0 0.69898753894081 0.460693359375 0.08411214953271028 0.03662109375
0 0.7017133956386293 0.493408203125 0.08566978193146417 0.02978515625
0 0.705607476635514 0.529541015625 0.08489096573208722 0.04248046875
0 0.7044392523364486 0.566650390625 0.08566978193146417 0.03369140625
0 0.7067757009345794 0.602783203125 0.08644859813084112 0.04052734375
0 0.7071651090342679 0.641845703125 0.08021806853582554 0.0390625
0 0.6055295950155763 0.377197265625 0.08177570093457943 0.044921875
0 0.6082554517133957 0.419677734375 0.08021806853582554 0.04052734375
0 0.610202492211838 0.458251953125 0.0778816199376947 0.03369140625
0 0.6137071651090342 0.498779296875 0.08021806853582554 0.0390625
0 0.6121495327102804 0.531982421875 0.08722741433021806 0.02685546875
0 0.6148753894080997 0.569091796875 0.07866043613707165 0.0419921875
0 0.6191588785046729 0.606689453125 0.07710280373831775 0.03173828125
0 0.6214953271028038 0.637939453125 0.08177570093457943 0.0302734375
0 0.5198598130841121 0.380615234375 0.08255451713395638 0.04541015625
0 0.5198598130841121 0.425048828125 0.08722741433021806 0.03466796875
0 0.522196261682243 0.464111328125 0.0911214953271028 0.03857421875
0 0.5237538940809969 0.510009765625 0.07866043613707165 0.052734375
0 0.522196261682243 0.548095703125 0.08255451713395638 0.033203125
0 0.5257009345794392 0.584228515625 0.0778816199376947 0.04150390625
0 0.5276479750778816 0.621826171875 0.07554517133956386 0.03515625
0 0.5299844236760125 0.650634765625 0.08177570093457943 0.02783203125
0 0.4248442367601246 0.380615234375 0.0778816199376947 0.046875
0 0.42601246105919005 0.423095703125 0.07554517133956386 0.03662109375
0 0.4279595015576324 0.463623046875 0.0763239875389408 0.033203125
0 0.43302180685358255 0.499755859375 0.07009345794392523 0.03857421875
0 0.4338006230529595 0.534423828125 0.07320872274143302 0.03955078125
0 0.43730529595015577 0.576416015625 0.07009345794392523 0.041015625
0 0.43302180685358255 0.614990234375 0.07866043613707165 0.03515625
0 0.4396417445482866 0.649658203125 0.08099688473520249 0.0341796875
0 0.3372274143302181 0.385009765625 0.0794392523364486 0.041015625
0 0.33917445482866043 0.424560546875 0.08411214953271028 0.037109375
0 0.3399532710280374 0.464111328125 0.08099688473520249 0.03466796875
0 0.34657320872274144 0.501220703125 0.08722741433021806 0.03857421875
0 0.345404984423676 0.543701171875 0.07866043613707165 0.04443359375
0 0.34579439252336447 0.586181640625 0.07087227414330217 0.03369140625
0 0.34579439252336447 0.618896484375 0.07710280373831775 0.03271484375
0 0.35085669781931467 0.651611328125 0.07554517133956386 0.033203125
0 0.8878504672897196 0.583251953125 0.0763239875389408 0.03515625
0 0.8901869158878505 0.550048828125 0.08177570093457943 0.03466796875
1 0.9030373831775701 0.37548828125 0.02570093457943925 0.03466796875
1 0.9065420560747663 0.4091796875 0.017133956386292833 0.0146484375
1 0.905373831775701 0.45947265625 0.02336448598130841 0.03662109375
1 0.9096573208722741 0.49560546875 0.021806853582554516 0.02392578125
1 0.9112149532710281 0.5205078125 0.022585669781931463 0.0205078125
1 0.9112149532710281 0.54931640625 0.016355140186915886 0.0341796875
1 0.9166666666666666 0.581787109375 0.02570093457943925 0.0322265625
1 0.9166666666666666 0.610107421875 0.021806853582554516 0.01318359375
1 0.9135514018691588 0.64013671875 0.02336448598130841 0.03173828125
1 0.8255451713395638 0.639404296875 0.016355140186915886 0.01904296875
1 0.8263239875389408 0.603271484375 0.02570093457943925 0.04833984375
1 0.8216510903426791 0.55712890625 0.018691588785046728 0.0361328125
1 0.8200934579439252 0.52197265625 0.01791277258566978 0.02392578125
1 0.8189252336448598 0.4853515625 0.019470404984423675 0.0234375
1 0.8181464174454829 0.45556640625 0.02102803738317757 0.03515625
1 0.8146417445482866 0.41162109375 0.014797507788161994 0.03173828125
1 0.8126947040498442 0.3759765625 0.017133956386292833 0.037109375
1 0.7239096573208723 0.37744140625 0.03115264797507788 0.037109375
1 0.7242990654205608 0.4140625 0.022585669781931463 0.0234375
1 0.7270249221183801 0.46044921875 0.022585669781931463 0.03076171875
1 0.7297507788161994 0.4921875 0.017133956386292833 0.02734375
1 0.735202492211838 0.529541015625 0.024143302180685357 0.03759765625
1 0.7332554517133957 0.56689453125 0.02336448598130841 0.02783203125
1 0.7348130841121495 0.60205078125 0.0264797507788162 0.03515625
1 0.735981308411215 0.6376953125 0.02102803738317757 0.021484375
1 0.6464174454828661 0.63525390625 0.027258566978193146 0.02490234375
1 0.6433021806853583 0.6064453125 0.02102803738317757 0.02880859375
1 0.6421339563862928 0.568359375 0.02102803738317757 0.03955078125
1 0.6417445482866043 0.53125 0.02336448598130841 0.0224609375
1 0.6378504672897196 0.4990234375 0.02336448598130841 0.03662109375
1 0.6366822429906542 0.45947265625 0.014018691588785047 0.02783203125
1 0.6370716510903427 0.41796875 0.014018691588785047 0.03369140625
1 0.6327881619937694 0.37939453125 0.018691588785046728 0.03369140625
1 0.5455607476635514 0.380859375 0.02570093457943925 0.037109375
1 0.5475077881619937 0.419921875 0.021806853582554516 0.0224609375
1 0.5502336448598131 0.4638671875 0.03348909657320872 0.03662109375
1 0.5502336448598131 0.50732421875 0.021806853582554516 0.04638671875
1 0.5514018691588785 0.55615234375 0.024143302180685357 0.01611328125
1 0.5521806853582555 0.5869140625 0.022585669781931463 0.0380859375
1 0.5556853582554517 0.625 0.019470404984423675 0.02587890625
1 0.5580218068535826 0.650146484375 0.018691588785046728 0.0205078125
1 0.4645638629283489 0.64892578125 0.02570093457943925 0.03271484375
1 0.45872274143302183 0.61376953125 0.022585669781931463 0.03173828125
1 0.4583333333333333 0.5771484375 0.019470404984423675 0.0341796875
1 0.45716510903426794 0.5341796875 0.017133956386292833 0.03759765625
1 0.45482866043613707 0.49853515625 0.01791277258566978 0.02783203125
1 0.45366043613707163 0.46337890625 0.018691588785046728 0.029296875
1 0.4517133956386293 0.42236328125 0.017133956386292833 0.0322265625
1 0.4517133956386293 0.3837890625 0.01557632398753894 0.037109375
1 0.3637071651090343 0.3837890625 0.02102803738317757 0.0380859375
1 0.3652647975077882 0.42333984375 0.01791277258566978 0.02880859375
1 0.36721183800623053 0.46337890625 0.02102803738317757 0.03125
1 0.37383177570093457 0.49853515625 0.024922118380062305 0.0341796875
1 0.3687694704049844 0.54345703125 0.024143302180685357 0.04248046875
1 0.3707165109034268 0.5859375 0.017133956386292833 0.03173828125
1 0.37305295950155765 0.61865234375 0.019470404984423675 0.0322265625
1 0.375 0.65234375 0.0264797507788162 0.03125