0 0.9326171875 0.22644683714670255 0.03662109375 0.06056527590847914
0 0.878662109375 0.867092866756393 0.04052734375 0.046433378196500674
0 0.797119140625 0.5548452220726783 0.03955078125 0.05787348586810229
0 0.75439453125 0.5457604306864065 0.03759765625 0.05585464333781965
0 0.58935546875 0.5767160161507402 0.03857421875 0.06123822341857335
0 0.58740234375 0.531628532974428 0.04345703125 0.033647375504710635
0 0.7177734375 0.34690444145356664 0.03857421875 0.05383580080753701
0 0.71826171875 0.30686406460296095 0.0380859375 0.04576043068640646
0 0.71728515625 0.2648048452220727 0.0400390625 0.04845222072678331
0 0.718994140625 0.2173620457604307 0.04150390625 0.06056527590847914
0 0.371337890625 0.20491251682368775 0.0478515625 0.05047106325706595
0 0.207275390625 0.21567967698519516 0.03662109375 0.0531628532974428
0 0.20849609375 0.4189098250336474 0.0302734375 0.04441453566621804
0 0.1611328125 0.6850605652759085 0.037109375 0.03566621803499327
0 0.161865234375 0.7503364737550471 0.03955078125 0.04979811574697174
0 0.242431640625 0.7833109017496636 0.02880859375 0.04374158815612382
0 0.241943359375 0.8297442799461642 0.0361328125 0.051816958277254375
0 0.3671875 0.8388290713324361 0.0341796875 0.047106325706594884
0 0.36669921875 0.8045087483176312 0.04052734375 0.028936742934051143
0 0.078857421875 0.8243606998654105 0.03662109375 0.026244952893674293
0 0.079833984375 0.8546433378196501 0.0390625 0.058546433378196504
0 0.408447265625 0.6359353970390309 0.04296875 0.051816958277254375
0 0.4111328125 0.5827725437415882 0.037109375 0.05047106325706595
0 0.41064453125 0.46029609690444145 0.033203125 0.03835800807537012
1 0.89306640625 0.8600269179004038 0.01171875 0.028936742934051143
1 0.7646484375 0.5380215343203231 0.01123046875 0.040376850605652756
1 0.80810546875 0.5518169582772544 0.01416015625 0.04306864064602961
1 0.60009765625 0.5306191117092867 0.01318359375 0.021534320323014805
1 0.598876953125 0.5582099596231493 0.015625 0.02759084791386272
1 0.72998046875 0.3465679676985195 0.01220703125 0.051816958277254375
1 0.72900390625 0.30148048452220727 0.01025390625 0.034320323014804845
1 0.731689453125 0.2597577388963661 0.01171875 0.0370121130551817
1 0.729248046875 0.2173620457604307 0.013671875 0.0423956931359354
1 0.94287109375 0.22678331090174966 0.01171875 0.0477792732166891
1 0.42138671875 0.45625841184387617 0.00927734375 0.03028263795423957
1 0.42333984375 0.5777254374158816 0.0126953125 0.03566621803499327
1 0.421142578125 0.6271870794078062 0.01123046875 0.039703903095558546
1 0.37939453125 0.7987886944818304 0.0126953125 0.016150740242261104
1 0.378662109375 0.8334454912516823 0.01171875 0.034320323014804845
1 0.251220703125 0.7819650067294751 0.0107421875 0.03835800807537012
1 0.252197265625 0.8250336473755047 0.01171875 0.03768506056527591
1 0.174560546875 0.7493270524899058 0.013671875 0.047106325706594884
1 0.0908203125 0.8462314939434724 0.0107421875 0.039703903095558546
1 0.089599609375 0.8186406460296097 0.01318359375 0.013458950201884253
1 0.17333984375 0.6820323014804845 0.01025390625 0.02489905787348587
1 0.216552734375 0.4078061911170929 0.01025390625 0.018842530282637954
1 0.218017578125 0.21063257065948857 0.01513671875 0.03835800807537012
1 0.385009765625 0.20659488559892328 0.0107421875 0.03768506056527591