0 0.9523809523809523 0.159912109375 0.06978653530377668 0.03466796875
0 0.951559934318555 0.192138671875 0.07307060755336617 0.03125
0 0.9507389162561576 0.248779296875 0.06568144499178982 0.02734375
0 0.9540229885057471 0.283935546875 0.06321839080459771 0.04345703125
0 0.9503284072249589 0.379150390625 0.07142857142857142 0.0322265625
0 0.9474548440065681 0.451904296875 0.06814449917898194 0.03857421875
0 0.9330870279146142 0.762939453125 0.06568144499178982 0.03076171875
0 0.9322660098522167 0.879150390625 0.06732348111658457 0.0361328125
0 0.8571428571428571 0.872314453125 0.08538587848932677 0.0322265625
0 0.8608374384236454 0.81982421875 0.09113300492610837 0.037109375
0 0.8641215106732348 0.62841796875 0.08620689655172414 0.0390625
0 0.8633004926108374 0.571533203125 0.06978653530377668 0.02392578125
0 0.8600164203612479 0.538818359375 0.08784893267651889 0.03857421875
0 0.8645320197044335 0.49853515625 0.08702791461412152 0.04052734375
0 0.8674055829228243 0.431640625 0.07471264367816093 0.0322265625
0 0.8739737274220033 0.32275390625 0.10180623973727422 0.04248046875
0 0.8735632183908046 0.2783203125 0.08620689655172414 0.041015625
0 0.8731527093596059 0.23828125 0.08374384236453201 0.02880859375
0 0.8715106732348111 0.20263671875 0.08292282430213464 0.0390625
0 0.7922824302134647 0.16845703125 0.07389162561576355 0.04052734375
0 0.7885878489326765 0.20361328125 0.0812807881773399 0.0322265625
0 0.7836617405582923 0.404296875 0.07881773399014778 0.03564453125
0 0.7836617405582923 0.49169921875 0.07635467980295567 0.03564453125
0 0.7807881773399015 0.552734375 0.07963875205254516 0.02978515625
0 0.7799671592775042 0.5888671875 0.08456486042692939 0.04296875
0 0.7820197044334976 0.689453125 0.07717569786535304 0.04248046875
0 0.7684729064039408 0.86376953125 0.08702791461412152 0.0458984375
0 0.6851395730706076 0.90625 0.08784893267651889 0.033203125
0 0.6863711001642037 0.87109375 0.07389162561576355 0.03857421875
0 0.69376026272578 0.66455078125 0.08210180623973727 0.03955078125
0 0.7027914614121511 0.359130859375 0.08292282430213464 0.03662109375
0 0.7032019704433498 0.318603515625 0.09113300492610837 0.04736328125
0 0.7044334975369458 0.275634765625 0.08620689655172414 0.03515625
0 0.7068965517241379 0.133056640625 0.09523809523809523 0.03759765625
0 0.6235632183908046 0.183837890625 0.09441707717569786 0.04296875
0 0.5447454844006568 0.0888671875 0.09277504105090312 0.0419921875
0 0.5307881773399015 0.238525390625 0.08292282430213464 0.04248046875
0 0.6182266009852216 0.279052734375 0.08374384236453201 0.03564453125
0 0.5324302134646962 0.311279296875 0.08866995073891626 0.0341796875
0 0.5316091954022989 0.350341796875 0.08456486042692939 0.04541015625
0 0.6157635467980296 0.382080078125 0.07881773399014778 0.0419921875
0 0.5320197044334976 0.529052734375 0.08702791461412152 0.0478515625
0 0.5324302134646962 0.567138671875 0.0812807881773399 0.0419921875
0 0.5192939244663383 0.816650390625 0.08045977011494253 0.0517578125
0 0.6026272577996716 0.867919921875 0.08949096880131363 0.04296875
0 0.5102627257799671 0.900634765625 0.08620689655172414 0.033203125
0 0.7064860426929392 0.091552734375 0.09195402298850575 0.04345703125
0 0.458128078817734 0.19482421875 0.09441707717569786 0.0341796875
0 0.44499178981937604 0.4990234375 0.08538587848932677 0.0439453125
0 0.4445812807881773 0.53857421875 0.08620689655172414 0.03662109375
0 0.43801313628899835 0.648681640625 0.08949096880131363 0.0478515625
0 0.4429392446633826 0.7353515625 0.08374384236453201 0.0361328125
0 0.3555008210180624 0.89208984375 0.08292282430213464 0.0341796875
0 0.3555008210180624 0.86083984375 0.09277504105090312 0.03173828125
0 0.3443623776683087 0.7993308208007812 0.38945057717569787 0.7995104077148437 0.4026522167487685 0.7627206640625 0.3838747799671593 0.7581983798828125 0.3588150533661741 0.7694778598632812 0.31085617569786533 0.7698945102539062 0.3118940287356322 0.7987052939453125 0.3443623776683087 0.7993308208007812
0 0.3593675123152709 0.7671756806640625 0.37169734893267653 0.7600914072265625 0.3965031403940887 0.7574640034179687 0.3997162339901478 0.7471117036132813 0.3924007208538588 0.7320342778320312 0.3119985771756979 0.7309707768554687 0.32537726272578 0.7688422431640625 0.3593675123152709 0.7671756806640625
0 0.35960591133004927 0.525390625 0.08538587848932677 0.03955078125
0 0.3669950738916256 0.3564453125 0.08620689655172414 0.0419921875
0 0.24327334400656817 0.06390276318359375 0.245064394909688 0.10200208984375 0.27010945730706076 0.10774339599609375 0.29957628243021345 0.11151117529296875 0.31491606321839083 0.10099627734375 0.3377659967159277 0.09892555419921875 0.3344022577996716 0.064848771484375 0.24289123809523808 0.0618590341796875 0.24327334400656817 0.06390276318359375
0 0.30363864285714287 0.1548269208984375 0.32906234564860426 0.131146123046875 0.33454443924466337 0.109566251953125 0.3197379679802956 0.1019118046875 0.2975104302134647 0.1158170859375 0.24050120853858786 0.1185071416015625 0.2600215566502463 0.15408563330078126 0.30363864285714287 0.1548269208984375
0 0.20566502463054187 0.238525390625 0.08949096880131363 0.04150390625
0 0.28776683087027916 0.285888671875 0.07635467980295567 0.0380859375
0 0.2799671592775041 0.643310546875 0.09113300492610837 0.04248046875
0 0.27216748768472904 0.815673828125 0.07307060755336617 0.03369140625
0 0.31182720689655175 0.86706503515625 0.31535968883415433 0.8293094448242188 0.29845346223316915 0.8271145268554687 0.23907738259441708 0.8362051181640625 0.24241171510673237 0.8862502719726563 0.2831288957307061 0.8866729565429687 0.31182720689655175 0.86706503515625
0 0.18883415435139572 0.855712890625 0.08456486042692939 0.04052734375
0 0.19540229885057472 0.588623046875 0.090311986863711 0.0390625
0 0.19991789819376027 0.431884765625 0.10016420361247948 0.04541015625
0 0.19663382594417078 0.397705078125 0.09113300492610837 0.0234375
0 0.20238095238095238 0.170654296875 0.08949096880131363 0.04443359375
0 0.12397372742200329 0.080078125 0.07963875205254516 0.041015625
0 0.11042692939244664 0.433349609375 0.08292282430213464 0.04248046875
0 0.09893267651888342 0.821533203125 0.08538587848932677 0.02978515625
1 0.9741379310344828 0.1591796875 0.022988505747126436 0.029296875
1 0.9749589490968801 0.18701171875 0.022988505747126436 0.017578125
1 0.9712643678160919 0.24853515625 0.021346469622331693 0.0205078125
1 0.9729064039408867 0.279296875 0.021346469622331693 0.037109375
1 0.9716748768472906 0.37939453125 0.026272577996715927 0.029296875
1 0.9671592775041051 0.451171875 0.020525451559934318 0.03466796875
1 0.9544334975369458 0.762451171875 0.017241379310344827 0.02587890625
1 0.9511494252873564 0.878662109375 0.022167487684729065 0.03369140625
1 0.882183908045977 0.87353515625 0.028735632183908046 0.0302734375
1 0.8895730706075534 0.820068359375 0.031198686371100164 0.03369140625
1 0.8903940886699507 0.628173828125 0.030377668308702793 0.03662109375
1 0.8854679802955665 0.56982421875 0.015599343185550082 0.02001953125
1 0.8879310344827587 0.539306640625 0.027093596059113302 0.0361328125
1 0.8891625615763546 0.498291015625 0.0361247947454844 0.037109375
1 0.8879310344827587 0.4296875 0.030377668308702793 0.029296875
1 0.9051724137931034 0.314208984375 0.031198686371100164 0.02197265625
1 0.9014778325123153 0.276611328125 0.022167487684729065 0.02490234375
1 0.8994252873563219 0.235595703125 0.030377668308702793 0.02197265625
1 0.8994252873563219 0.203369140625 0.027914614121510674 0.037109375
1 0.8177339901477833 0.164794921875 0.03284072249589491 0.03125
1 0.8148604269293924 0.201904296875 0.027914614121510674 0.02978515625
1 0.7282430213464697 0.27294921875 0.028735632183908046 0.0244140625
1 0.7261904761904762 0.3125 0.03776683087027915 0.0361328125
1 0.7241379310344828 0.359619140625 0.03366174055829228 0.0283203125
1 0.8091133004926109 0.405517578125 0.029556650246305417 0.03125
1 0.805008210180624 0.493408203125 0.029556650246305417 0.02685546875
1 0.8021346469622331 0.552978515625 0.03694581280788178 0.02783203125
1 0.8029556650246306 0.591552734375 0.03201970443349754 0.03466796875
1 0.8029556650246306 0.690673828125 0.035303776683087026 0.03955078125
1 0.7167487684729064 0.665283203125 0.029556650246305417 0.0380859375
1 0.5554187192118226 0.56689453125 0.029556650246305417 0.021484375
1 0.5533661740558292 0.52587890625 0.03366174055829228 0.029296875
1 0.6391625615763546 0.38134765625 0.029556650246305417 0.033203125
1 0.6461412151067324 0.279296875 0.027093596059113302 0.03076171875
1 0.6522988505747126 0.1767578125 0.03366174055829228 0.02490234375
1 0.5685550082101807 0.089599609375 0.03284072249589491 0.03173828125
1 0.4852216748768473 0.197021484375 0.03284072249589491 0.0283203125
1 0.5554187192118226 0.23828125 0.03201970443349754 0.037109375
1 0.5570607553366174 0.3115234375 0.03201970443349754 0.03076171875
1 0.5554187192118226 0.35009765625 0.035303776683087026 0.04541015625
1 0.4642857142857143 0.734619140625 0.034482758620689655 0.033203125
1 0.5422824302134647 0.818359375 0.03284072249589491 0.05029296875
1 0.6309523809523809 0.87255859375 0.030377668308702793 0.0302734375
1 0.5357142857142857 0.900390625 0.03366174055829228 0.02978515625
1 0.3768472906403941 0.891357421875 0.031198686371100164 0.02978515625
1 0.38095238095238093 0.860595703125 0.0361247947454844 0.02880859375
1 0.382183908045977 0.768798828125 0.023809523809523808 0.01611328125
1 0.3825944170771757 0.744384765625 0.03284072249589491 0.0205078125
1 0.46264367816091956 0.648681640625 0.03366174055829228 0.04296875
1 0.47044334975369456 0.532470703125 0.031198686371100164 0.01904296875
1 0.47044334975369456 0.501708984375 0.027914614121510674 0.03759765625
1 0.39326765188834156 0.352783203125 0.026272577996715927 0.02490234375
1 0.3111658456486043 0.28173828125 0.021346469622331693 0.02783203125
1 0.2319376026272578 0.23779296875 0.04187192118226601 0.037109375
1 0.229064039408867 0.1630859375 0.03858784893267652 0.02734375
1 0.3222495894909688 0.11669921875 0.025451559934318555 0.0224609375
1 0.3226600985221675 0.08447265625 0.029556650246305417 0.0341796875
1 0.1477832512315271 0.080322265625 0.03201970443349754 0.03564453125
1 0.7348111658456487 0.0830078125 0.029556650246305417 0.02587890625
1 0.13669950738916256 0.430908203125 0.027914614121510674 0.0361328125
1 0.2286535303776683 0.423828125 0.0361247947454844 0.02783203125
1 0.22454844006568145 0.3974609375 0.025451559934318555 0.0224609375
1 0.22372742200328408 0.59033203125 0.027914614121510674 0.0341796875
1 0.30952380952380953 0.64453125 0.029556650246305417 0.0400390625
1 0.2963875205254516 0.8115234375 0.022988505747126436 0.01416015625
1 0.298440065681445 0.84521484375 0.029556650246305417 0.0341796875
1 0.21182266009852216 0.85546875 0.03694581280788178 0.04052734375
1 0.12192118226600986 0.82080078125 0.03201970443349754 0.02880859375
1 0.3850574712643678 0.525146484375 0.03366174055829228 0.03662109375
1 0.7089490968801314 0.872314453125 0.025451559934318555 0.0322265625
1 0.7089490968801314 0.905029296875 0.028735632183908046 0.02978515625
1 0.7931034482758621 0.867919921875 0.027093596059113302 0.03662109375
1 0.7380952380952381 0.13232421875 0.029556650246305417 0.03515625