0 0.925537109375 0.20558546433378197 0.03662109375 0.06056527590847914
0 0.8876953125 0.8485868102288021 0.04052734375 0.046433378196500674
0 0.79833984375 0.5407133243606999 0.03955078125 0.05787348586810229
0 0.75537109375 0.5336473755047106 0.03759765625 0.05585464333781965
0 0.59130859375 0.572678331090175 0.03857421875 0.06123822341857335
0 0.588134765625 0.5275908479138627 0.04345703125 0.033647375504710635
0 0.7138671875 0.33681022880215344 0.03857421875 0.05383580080753701
0 0.71337890625 0.2964333781965007 0.0380859375 0.04576043068640646
0 0.711181640625 0.2547106325706595 0.0400390625 0.04845222072678331
0 0.711669921875 0.2069313593539704 0.04150390625 0.06056527590847914
0 0.364013671875 0.21130551816958276 0.0478515625 0.05047106325706595
0 0.2001953125 0.22981157469717362 0.03662109375 0.0531628532974428
0 0.20654296875 0.43304172274562586 0.0302734375 0.04441453566621804
0 0.166015625 0.7012113055181696 0.037109375 0.03566621803499327
0 0.16845703125 0.7664872139973082 0.03955078125 0.04979811574697174
0 0.249755859375 0.7954239569313594 0.02880859375 0.04374158815612382
0 0.25048828125 0.84185733512786 0.0361328125 0.051816958277254375
0 0.3759765625 0.844885598923284 0.0341796875 0.047106325706594884
0 0.37451171875 0.8105652759084792 0.04052734375 0.028936742934051143
0 0.08740234375 0.8445491251682369 0.03662109375 0.026244952893674293
0 0.089111328125 0.8748317631224765 0.0390625 0.058546433378196504
0 0.411865234375 0.6399730820995962 0.04296875 0.051816958277254375
0 0.4130859375 0.5868102288021534 0.037109375 0.05047106325706595
0 0.40966796875 0.46433378196500674 0.033203125 0.03835800807537012
1 0.90185546875 0.8408479138627187 0.01171875 0.028936742934051143
1 0.765380859375 0.525235531628533 0.01123046875 0.040376850605652756
1 0.80908203125 0.5370121130551817 0.01416015625 0.04306864064602961
1 0.600830078125 0.5259084791386271 0.01318359375 0.021534320323014805
1 0.600341796875 0.5534993270524899 0.015625 0.02759084791386272
1 0.72607421875 0.33580080753701214 0.01220703125 0.051816958277254375
1 0.723876953125 0.29071332436069985 0.01025390625 0.034320323014804845
1 0.725341796875 0.2489905787348587 0.01171875 0.0370121130551817
1 0.721923828125 0.20659488559892328 0.013671875 0.0423956931359354
1 0.935791015625 0.20558546433378197 0.01171875 0.0477792732166891
1 0.42041015625 0.46029609690444145 0.00927734375 0.03028263795423957
1 0.42529296875 0.5810901749663526 0.0126953125 0.03566621803499327
1 0.424560546875 0.6308882907133243 0.01123046875 0.039703903095558546
1 0.38720703125 0.8041722745625841 0.0126953125 0.016150740242261104
1 0.38720703125 0.8391655450874832 0.01171875 0.034320323014804845
1 0.258544921875 0.7937415881561238 0.0107421875 0.03835800807537012
1 0.260498046875 0.8368102288021534 0.01171875 0.03768506056527591
1 0.18115234375 0.7648048452220727 0.013671875 0.047106325706594884
1 0.099853515625 0.8657469717362046 0.0107421875 0.039703903095558546
1 0.097900390625 0.8381561238223418 0.01318359375 0.013458950201884253
1 0.17822265625 0.6975100942126514 0.01025390625 0.02489905787348587
1 0.21435546875 0.42126514131897713 0.01025390625 0.018842530282637954
1 0.2109375 0.2244279946164199 0.01513671875 0.03835800807537012
1 0.377685546875 0.2123149394347241 0.0107421875 0.03768506056527591