0 0.8056640625 0.1929397443700548 0.0205078125 0.015216068167985392
0 0.806640625 0.21606816798539258 0.0185546875 0.029214850882531954
0 0.8056640625 0.26110772976262936 0.01806640625 0.029214850882531954
0 0.806640625 0.28484479610468655 0.021484375 0.021911138161898967
0 0.63427734375 0.28971393791844186 0.0205078125 0.030432136335970784
0 0.63427734375 0.2641509433962264 0.0205078125 0.018259281801582473
0 0.33837890625 0.19415702982349362 0.02099609375 0.023128423615337797
0 0.302734375 0.2014607425441266 0.01953125 0.02130249543517955
0 0.12841796875 0.20754716981132076 0.0166015625 0.013390139987827145
0 0.12841796875 0.2288496652465003 0.0185546875 0.026171637248934874
1 0.81298828125 0.28119293974437004 0.00634765625 0.019476567255021303
1 0.8115234375 0.25684723067559345 0.00634765625 0.017650639074863056
1 0.8115234375 0.21667681071211198 0.0078125 0.02678027997565429
1 0.81103515625 0.1929397443700548 0.00634765625 0.013390139987827145
1 0.6376953125 0.2604990870359099 0.0078125 0.010955569080949483
1 0.63818359375 0.28423615337796715 0.00830078125 0.02008520998174072
1 0.34619140625 0.19537431527693244 0.00634765625 0.023128423615337797
1 0.3095703125 0.20085209981740718 0.00537109375 0.02008520998174072
1 0.13427734375 0.2063298843578819 0.005859375 0.010955569080949483
1 0.134765625 0.2288496652465003 0.00537109375 0.02556299452221546