0 0.8107457898957497 0.60400390625 0.06896551724137931 0.02978515625
0 0.8107457898957497 0.63671875 0.06976744186046512 0.03076171875
0 0.7353648757016841 0.669921875 0.05934242181234964 0.02734375
0 0.7353648757016841 0.8310546875 0.06896551724137931 0.0302734375
0 0.7353648757016841 0.8623046875 0.06896551724137931 0.02587890625
0 0.5773857257417803 0.669921875 0.0673616680032077 0.03125
0 0.5012028869286287 0.73388671875 0.0681635926222935 0.029296875
0 0.5036086607858862 0.70361328125 0.0673616680032077 0.0302734375
0 0.11948676824378508 0.7939453125 0.06655974338412189 0.03857421875
0 0.11788291900561347 0.76416015625 0.06655974338412189 0.02783203125
0 0.1210906174819567 0.6396484375 0.08901363271852446 0.03076171875
0 0.11708099438652766 0.6064453125 0.07778668805132317 0.03271484375
0 0.27586206896551724 0.34326171875 0.0681635926222935 0.041015625
0 0.27506014434643145 0.3115234375 0.06094627105052125 0.01904296875
1 0.830793905372895 0.60498046875 0.018444266238973536 0.02587890625
1 0.8331996792301524 0.63232421875 0.022453889334402566 0.01953125
1 0.7538091419406576 0.66845703125 0.02165196471531676 0.0244140625
1 0.5998396150761829 0.66796875 0.022453889334402566 0.03125
1 0.5196471531676022 0.70166015625 0.02165196471531676 0.02294921875
1 0.5212510024057738 0.72900390625 0.020850040096230954 0.0166015625
1 0.7586206896551724 0.82958984375 0.024057738572574178 0.017578125
1 0.7522052927024859 0.85888671875 0.020048115477145148 0.01708984375
1 0.14033680834001605 0.75927734375 0.02165196471531676 0.01611328125
1 0.13712910986367283 0.78955078125 0.022453889334402566 0.02783203125
1 0.1467522052927025 0.63134765625 0.02967121090617482 0.01611328125
1 0.14274258219727345 0.60595703125 0.020850040096230954 0.0322265625
1 0.2943063352044908 0.337890625 0.02566158781074579 0.02880859375
1 0.2967121090617482 0.3134765625 0.020048115477145148 0.0146484375