0 0.9208984375 0.25075895567698847 0.04736328125 0.06132361870066788
0 0.78271484375 0.3618700667880996 0.02685546875 0.029143897996357013
0 0.7802734375 0.3333333333333333 0.029296875 0.024893746205221615
0 0.7509765625 0.3296903460837887 0.02734375 0.030965391621129327
0 0.75 0.29690346083788705 0.029296875 0.033394049787492414
0 0.74951171875 0.2665452337583485 0.02978515625 0.023679417122040074
0 0.748046875 0.2392228293867638 0.0263671875 0.0230722525804493
0 0.77880859375 0.27808136004857315 0.0263671875 0.031572556162720096
0 0.6982421875 0.27625986642380085 0.03369140625 0.029143897996357013
0 0.69775390625 0.2416514875531269 0.03271484375 0.02853673345476624
0 0.7265625 0.381906496660595 0.02685546875 0.02853673345476624
0 0.72509765625 0.35397692774741957 0.025390625 0.021250758955676987
0 0.578125 0.3551912568306011 0.03125 0.024893746205221615
0 0.5771484375 0.3867638129933212 0.02880859375 0.03460837887067395
0 0.57763671875 0.2707953855494839 0.03125 0.024286581663630843
0 0.4462890625 0.22404371584699453 0.025390625 0.041287188828172436
0 0.39404296875 0.2204007285974499 0.02587890625 0.03217972070431087
0 0.3955078125 0.25561627200971465 0.02197265625 0.02853673345476624
0 0.57861328125 0.2956891317547055 0.03076171875 0.023679417122040074
1 0.93701171875 0.24468731026108076 0.01220703125 0.041287188828172436
1 0.78955078125 0.32908318154219796 0.0048828125 0.01639344262295082
1 0.79150390625 0.3588342440801457 0.0068359375 0.020036429872495445
1 0.78662109375 0.27808136004857315 0.01025390625 0.02185792349726776
1 0.75927734375 0.32908318154219796 0.0087890625 0.02853673345476624
1 0.75830078125 0.2975106253794778 0.00830078125 0.029143897996357013
1 0.75830078125 0.26533090467516696 0.009765625 0.021250758955676987
1 0.75732421875 0.23982999392835458 0.0078125 0.020643594414086218
1 0.70947265625 0.23679417122040072 0.00634765625 0.010321797207043109
1 0.708984375 0.2750455373406193 0.0087890625 0.026108075288403157
1 0.73388671875 0.3521554341226472 0.00634765625 0.012750455373406194
1 0.73583984375 0.37765634486945965 0.00634765625 0.017607771706132362
1 0.58837890625 0.3800850030358227 0.005859375 0.010321797207043109
1 0.58740234375 0.35397692774741957 0.0087890625 0.020643594414086218
1 0.587890625 0.2726168791742562 0.00732421875 0.020036429872495445
1 0.58984375 0.2956891317547055 0.00732421875 0.017607771706132362
1 0.45361328125 0.22404371584699453 0.00927734375 0.04189435336976321
1 0.40234375 0.21979356405585915 0.00830078125 0.0273224043715847
1 0.40185546875 0.24893746205221615 0.0068359375 0.013964784456587736