0 0.91552734375 0.35786802030456855 0.0244140625 0.024111675126903553
0 0.9169921875 0.3819796954314721 0.0244140625 0.022208121827411168
0 0.916748046875 0.4022842639593909 0.02587890625 0.01713197969543147
0 0.91650390625 0.4200507614213198 0.0234375 0.017766497461928935
0 0.917236328125 0.43908629441624364 0.02587890625 0.02284263959390863
0 0.88916015625 0.3534263959390863 0.02197265625 0.01649746192893401
0 0.890380859375 0.37055837563451777 0.0234375 0.017766497461928935
0 0.891845703125 0.4003807106598985 0.0185546875 0.01967005076142132
0 0.870849609375 0.4006979695431472 0.01953125 0.02982233502538071
1 0.9228515625 0.35850253807106597 0.0078125 0.02030456852791878
1 0.924072265625 0.3769035532994924 0.01025390625 0.010786802030456852
1 0.924560546875 0.4016497461928934 0.00927734375 0.015862944162436547
1 0.923828125 0.4200507614213198 0.00732421875 0.01649746192893401
1 0.923095703125 0.434010152284264 0.00537109375 0.01015228426395939
1 0.895751953125 0.4003807106598985 0.0087890625 0.018401015228426396
1 0.898193359375 0.36897208121827413 0.00537109375 0.01649746192893401
1 0.896484375 0.3534263959390863 0.00732421875 0.013959390862944163
1 0.877197265625 0.4006979695431472 0.00634765625 0.025380710659898477