0 0.06982421875 0.7171845275840203 0.03515625 0.029803424223208624
0 0.0703125 0.7425491439441978 0.03515625 0.022828154724159798
0 0.06982421875 0.7641090678503487 0.03759765625 0.027266962587190868
0 0.06005859375 0.8097653772986684 0.02392578125 0.022828154724159798
0 0.0849609375 0.8091312618896639 0.02490234375 0.028535193405199746
0 0.0859375 0.8363982244768547 0.02734375 0.024730500951173115
0 0.05908203125 0.8351299936588459 0.025390625 0.025364616360177554
0 0.63037109375 0.40456563094483194 0.0341796875 0.02092580849714648
0 0.63037109375 0.42866201648700064 0.03271484375 0.025364616360177554
0 0.63037109375 0.4540266328471782 0.03173828125 0.024730500951173115
0 0.6328125 0.4800253646163602 0.03173828125 0.028535193405199746
1 0.64208984375 0.47939124920735576 0.009765625 0.022828154724159798
1 0.6416015625 0.45339251743817377 0.00732421875 0.02155992390615092
1 0.6416015625 0.4280279010779962 0.009765625 0.02155992390615092
1 0.64208984375 0.40266328471781865 0.00927734375 0.013950538998097653
1 0.08056640625 0.7165504121750158 0.01025390625 0.02663284717818643
1 0.0810546875 0.7425491439441978 0.0087890625 0.018389346861128725
1 0.080078125 0.7653772986683577 0.01171875 0.02219403931515536
1 0.06640625 0.8097653772986684 0.00927734375 0.02155992390615092
1 0.09130859375 0.8040583386176284 0.0087890625 0.013316423589093214
1 0.0927734375 0.8325935320228282 0.00830078125 0.015218769816106531
1 0.06689453125 0.8344958782498415 0.00732421875 0.017121116043119847