0 0.9285134037367994 0.11279296875 0.09098294069861901 0.05517578125
0 0.9350121852152722 0.2421875 0.07473598700243704 0.0498046875
0 0.4232331437855402 0.48046875 0.11047928513403736 0.0439453125
0 0.4272948822095857 0.52734375 0.10073111291632819 0.048828125
0 0.41835905767668563 0.71826171875 0.12185215272136475 0.0546875
0 0.8310316815597075 0.451171875 0.11372867587327376 0.0341796875
0 0.8285946385052803 0.2314453125 0.11860276198212835 0.05078125
0 0.8269699431356621 0.6943359375 0.11616571892770106 0.04443359375
0 0.8253452477660439 0.73828125 0.11454102355808286 0.0400390625
0 0.42242079610073113 0.77490234375 0.11372867587327376 0.0615234375
0 0.5426482534524777 0.8076171875 0.12022745735174654 0.0498046875
0 0.6888708367181153 0.40087890625 0.12022745735174654 0.02880859375
0 0.6896831844029244 0.43017578125 0.12347684809098294 0.02978515625
0 0.5725203306255077 0.1680213564453125 0.6102098204711617 0.169214181640625 0.6191362851340373 0.09078563330078125 0.4845811697806661 0.08869253173828125 0.4812720503655564 0.14535759765625 0.5695448424045492 0.14893608642578124 0.5725203306255077 0.1680213564453125
0 0.5070595857026807 0.193667185546875 0.5338389813160033 0.2032098271484375 0.5730162152721365 0.21126142724609376 0.6072343314378553 0.22199689453125 0.6181445166531275 0.17547653759765625 0.5650816100731113 0.17517832080078125 0.5487164232331438 0.151918142578125 0.48978905361494723 0.14831767333984375 0.5070595857026807 0.193667185546875
0 0.40390930625507715 0.22617181640625 0.4381274679122665 0.23124133349609374 0.45449265475223394 0.25241405078125 0.4718496092607636 0.24794093994140626 0.4718496092607636 0.18173889306640625 0.3714956937449228 0.18260227197265624 0.37812172461413485 0.22408435546875 0.40390930625507715 0.22617181640625
0 0.36076472461413484 0.18173889306640625 0.4738333290008123 0.17726578173828125 0.4738333290008123 0.1355167529296875 0.348432208773355 0.1325170771484375 0.36076472461413484 0.18173889306640625
0 0.4199837530463038 0.111328125 0.10722989439480098 0.04248046875
0 0.42242079610073113 0.3193359375 0.10885458976441917 0.04296875
0 0.5491470349309504 0.46240234375 0.11129163281884646 0.04931640625
0 0.5499593826157595 0.36279296875 0.10479285134037368 0.048828125
0 0.2924451665312754 0.43994140625 0.11291632818846466 0.044921875
0 0.2867587327376117 0.203125 0.13078797725426483 0.0576171875
1 0.9561332250203087 0.11181640625 0.021121039805036556 0.04052734375
1 0.958570268074736 0.2451171875 0.021121039805036556 0.03125
1 0.8602761982128351 0.2255859375 0.03899268887083672 0.0263671875
1 0.8635255889520714 0.44921875 0.04061738424045491 0.033203125
1 0.8683996750609261 0.7333984375 0.03330625507717303 0.03125
1 0.8643379366368806 0.697265625 0.03411860276198213 0.0400390625
1 0.7262388302193339 0.427734375 0.03899268887083672 0.025390625
1 0.7238017871649066 0.39990234375 0.034930950446791224 0.0263671875
0 0.9325751421608448 0.75048828125 0.07473598700243704 0.04443359375
0 0.9350121852152722 0.79052734375 0.07879772542648253 0.0380859375
1 0.9601949634443542 0.78515625 0.024370430544272948 0.025390625
1 0.9569455727051178 0.7509765625 0.021121039805036556 0.037109375
1 0.5832656376929326 0.81201171875 0.030869212022745736 0.0400390625
1 0.45897644191714054 0.76708984375 0.03411860276198213 0.04150390625
1 0.45897644191714054 0.7216796875 0.03249390739236393 0.03955078125
1 0.46222583265637696 0.517578125 0.025995125913891144 0.03173828125
1 0.4614134849715678 0.48046875 0.024370430544272948 0.0263671875
1 0.5840779853777417 0.4658203125 0.03574329813160033 0.03564453125
1 0.5800162469536961 0.36669921875 0.03574329813160033 0.0341796875
1 0.45329000812347686 0.31884765625 0.038180341186027617 0.03857421875
1 0.45572705117790413 0.2158203125 0.02843216896831844 0.064453125
1 0.45572705117790413 0.15380859375 0.025182778229082048 0.02587890625
1 0.45816409423233145 0.109375 0.025995125913891144 0.029296875
1 0.5922014622258327 0.12841796875 0.02761982128350934 0.07275390625
1 0.5922014622258327 0.19580078125 0.02843216896831844 0.037109375
1 0.3290008123476848 0.44091796875 0.039805036555645816 0.04443359375
1 0.3273761169780666 0.19921875 0.039805036555645816 0.03466796875