0 0.4132877381533952 0.2545454545454545 0.05129457743038593 0.06787878787878789
0 0.3541768441621886 0.25575757575757574 0.05666829506595017 0.06424242424242424
0 0.4123106985832926 0.33151515151515154 0.05276013678553981 0.08242424242424243
0 0.4137762579384465 0.4127272727272727 0.060576453346360526 0.0696969696969697
0 0.4123106985832926 0.47333333333333333 0.05276013678553981 0.05090909090909091
0 0.4137762579384465 0.5339393939393939 0.05227161700048852 0.06424242424242424
0 0.3575964826575476 0.8818181818181818 0.05031753786028334 0.05272727272727273
0 0.3517342452369321 0.8315151515151515 0.06888128969223253 0.04
0 0.3507572056668295 0.7169696969696969 0.056179775280898875 0.06121212121212121
0 0.3517342452369321 0.576969696969697 0.05324865657059111 0.0503030303030303
0 0.3551538837322912 0.5248484848484849 0.05324865657059111 0.04606060606060606
0 0.3551538837322912 0.4678787878787879 0.05276013678553981 0.05333333333333334
0 0.3522227650219834 0.4103030303030303 0.055202735710796286 0.04666666666666667
0 0.29115779189057156 0.35454545454545455 0.055202735710796286 0.05090909090909091
0 0.29115779189057156 0.24787878787878787 0.06106497313141182 0.05272727272727273
0 0.22178798241328773 0.24909090909090909 0.05227161700048852 0.058787878787878785
0 0.22276502198339032 0.3181818181818182 0.0537371763556424 0.056363636363636366
0 0.22129946262823644 0.36848484848484847 0.061553492916463115 0.04242424242424243
0 0.22227650219833903 0.5860606060606061 0.0635075720566683 0.05515151515151515
0 0.2237420615534929 0.6442424242424243 0.060576453346360526 0.058787878787878785
0 0.2252076209086468 0.7315151515151516 0.05471421592574499 0.04181818181818182
0 0.2256961406936981 0.7757575757575758 0.0542256961406937 0.045454545454545456
0 0.22716170004885197 0.8218181818181818 0.043478260869565216 0.04181818181818182
0 0.1621885686370298 0.8309090909090909 0.05764533463605276 0.05696969696969697
0 0.15828041035661944 0.7727272727272727 0.05959941377625794 0.05090909090909091
0 0.15974596971177332 0.7151515151515152 0.063019052271617 0.05818181818181818
0 0.15876893014167073 0.66 0.06497313141182218 0.04727272727272727
0 0.2877381533952125 0.7290909090909091 0.051783097215437224 0.04727272727272727
0 0.2872496336101612 0.7830303030303031 0.05324865657059111 0.05272727272727273
0 0.2892037127503664 0.4690909090909091 0.05324865657059111 0.06303030303030303
0 0.09526135808500244 0.4896969696969697 0.05862237420615535 0.05818181818181818
0 0.09428431851489985 0.4254545454545455 0.060576453346360526 0.06424242424242424
0 0.09428431851489985 0.3212121212121212 0.05813385442110405 0.04787878787878788
0 0.15974596971177332 0.3624242424242424 0.055202735710796286 0.0496969696969697
0 0.15974596971177332 0.24848484848484848 0.055202735710796286 0.037575757575757575
0 0.15779189057156814 0.28424242424242424 0.057156814851001464 0.026060606060606062
0 0.09184171958964338 0.2606060606060606 0.05569125549584758 0.06666666666666667
1 0.4308744504152418 0.2545454545454545 0.013190034196384953 0.05757575757575758
1 0.42940889106008795 0.3181818181818182 0.015144113336590131 0.03939393939393939
1 0.4318514899853444 0.4121212121212121 0.01612115290669272 0.06727272727272728
1 0.4318514899853444 0.4727272727272727 0.013190034196384953 0.04606060606060606
1 0.432828529555447 0.5284848484848484 0.012701514411333659 0.045454545454545456
1 0.3727405959941378 0.5230303030303031 0.017586712261846604 0.034545454545454546
1 0.3702979970688813 0.5721212121212121 0.014655593551538837 0.024242424242424242
1 0.37127503663898387 0.46545454545454545 0.015144113336590131 0.03575757575757576
1 0.37225207620908646 0.40606060606060607 0.013190034196384953 0.041212121212121214
1 0.3751831949193942 0.24242424242424243 0.015144113336590131 0.03696969696969697
1 0.3126526624328285 0.24848484848484848 0.013678553981436248 0.05333333333333334
1 0.31118710307767466 0.35515151515151516 0.015632633121641426 0.0503030303030303
1 0.3077674645823156 0.46484848484848484 0.014167073766487542 0.037575757575757575
1 0.3693209574987787 0.7048484848484848 0.015144113336590131 0.03393939393939394
1 0.37371763556424037 0.8309090909090909 0.012212994626282364 0.038181818181818185
1 0.37469467513434296 0.8775757575757576 0.013678553981436248 0.028484848484848484
1 0.306790425012213 0.7775757575757576 0.01709819247679531 0.025454545454545455
1 0.3048363458720078 0.7272727272727273 0.017586712261846604 0.030303030303030304
1 0.2432828529555447 0.730909090909091 0.016609672691744015 0.03939393939393939
1 0.2432828529555447 0.7733333333333333 0.014655593551538837 0.03090909090909091
1 0.2418172936003908 0.8206060606060606 0.01612115290669272 0.03333333333333333
1 0.18124084025403028 0.82 0.016609672691744015 0.03090909090909091
1 0.180752320468979 0.7618181818181818 0.01074743527112848 0.023636363636363636
1 0.180752320468979 0.7066666666666667 0.017586712261846604 0.03333333333333333
1 0.18221787982413287 0.6575757575757576 0.01074743527112848 0.04303030303030303
1 0.243771372740596 0.6436363636363637 0.017586712261846604 0.05515151515151515
1 0.24572545188080117 0.5860606060606061 0.013190034196384953 0.05272727272727273
1 0.24084025403028822 0.3612121212121212 0.01612115290669272 0.02484848484848485
1 0.2418172936003908 0.31212121212121213 0.015144113336590131 0.034545454545454546
1 0.2423058133854421 0.2381818181818182 0.01172447484123107 0.025454545454545455
1 0.1797752808988764 0.283030303030303 0.011235955056179775 0.020606060606060607
1 0.1802638006839277 0.24909090909090909 0.013190034196384953 0.03090909090909091
1 0.11138251099169516 0.24787878787878787 0.01172447484123107 0.037575757575757575
1 0.11382510991695163 0.3145454545454546 0.014167073766487542 0.018787878787878787
1 0.11577918905715681 0.4212121212121212 0.015144113336590131 0.038181818181818185
1 0.11382510991695163 0.4866666666666667 0.01612115290669272 0.04303030303030303
1 0.17830972154372252 0.36 0.013190034196384953 0.03878787878787879