0 0.8931657501963864 0.19775390625 0.06520031421838178 0.03173828125
0 0.8114689709347996 0.1962890625 0.06441476826394343 0.02685546875
0 0.8091123330714847 0.23046875 0.06834249803613511 0.0263671875
0 0.8106834249803614 0.26123046875 0.07541241162608013 0.03466796875
0 0.8153967007069913 0.2958984375 0.07148468185388845 0.029296875
0 0.816967792615868 0.33154296875 0.07462686567164178 0.03271484375
0 0.8161822466614297 0.37109375 0.06755695208169678 0.0390625
0 0.8185388845247447 0.40576171875 0.06834249803613511 0.03564453125
0 0.7344854673998429 0.41162109375 0.05498821681068342 0.0361328125
0 0.7344854673998429 0.44921875 0.060487038491751764 0.03125
0 0.8177533385703064 0.44970703125 0.06912804399057344 0.0341796875
0 0.8201099764336214 0.48388671875 0.06441476826394343 0.03173828125
0 0.9010212097407698 0.47607421875 0.06284367635506677 0.0341796875
0 0.8978790259230165 0.51220703125 0.06755695208169678 0.0390625
0 0.9010212097407698 0.5498046875 0.06598586017282011 0.0283203125
0 0.9002356637863315 0.5849609375 0.06991358994501179 0.0361328125
0 0.9002356637863315 0.62353515625 0.0636292223095051 0.03173828125
0 0.9025923016496465 0.65380859375 0.07619795758051846 0.02734375
0 0.8248232521602514 0.62060546875 0.06284367635506677 0.03466796875
0 0.8240377062058131 0.58544921875 0.07069913589945012 0.03125
0 0.9018067556952082 0.69091796875 0.07069913589945012 0.03369140625
0 0.8201099764336214 0.693359375 0.06755695208169678 0.02978515625
0 0.8208955223880597 0.72607421875 0.07541241162608013 0.03125
0 0.9073055773762765 0.7568359375 0.06441476826394343 0.0283203125
0 0.9112333071484682 0.7939453125 0.060487038491751764 0.0419921875
0 0.9057344854673999 0.86474609375 0.07148468185388845 0.03271484375
0 0.7399842890809112 0.65869140625 0.0589159465828751 0.033203125
0 0.7384131971720346 0.5888671875 0.06441476826394343 0.0283203125
0 0.7344854673998429 0.55126953125 0.06441476826394343 0.03662109375
0 0.7344854673998429 0.3359375 0.06755695208169678 0.0439453125
0 0.7376276512175962 0.271484375 0.062058130400628436 0.0380859375
0 0.7321288295365279 0.23486328125 0.06912804399057344 0.0341796875
0 0.582089552238806 0.2021484375 0.05813040062843677 0.0302734375
0 0.5868028279654359 0.23583984375 0.061272584446190104 0.0341796875
0 0.589159465828751 0.41015625 0.062058130400628436 0.03271484375
0 0.591516103692066 0.44873046875 0.06677140612725845 0.0390625
0 0.5899450117831894 0.5205078125 0.06755695208169678 0.03369140625
0 0.5923016496465043 0.59033203125 0.061272584446190104 0.029296875
0 0.5930871956009427 0.61865234375 0.06284367635506677 0.0263671875
0 0.589159465828751 0.658203125 0.06520031421838178 0.0361328125
0 0.5907305577376276 0.69091796875 0.06598586017282011 0.04248046875
0 0.5946582875098193 0.763671875 0.06441476826394343 0.041015625
0 0.6716417910447762 0.7314453125 0.05577376276512176 0.03955078125
0 0.6684996072270227 0.77099609375 0.06284367635506677 0.029296875
0 0.6716417910447762 0.69873046875 0.0636292223095051 0.02685546875
0 0.6739984289080911 0.65869140625 0.06755695208169678 0.03271484375
0 0.6700706991358995 0.625 0.0589159465828751 0.03271484375
0 0.6622152395915161 0.48388671875 0.05577376276512176 0.03369140625
0 0.6606441476826395 0.40869140625 0.05341712490180676 0.03271484375
0 0.6590730557737627 0.30322265625 0.062058130400628436 0.037109375
0 0.5106048703849175 0.20361328125 0.04399057344854674 0.03076171875
0 0.5043205027494109 0.2333984375 0.05106048703849175 0.02734375
0 0.5082482325216026 0.27001953125 0.0589159465828751 0.033203125
0 0.5106048703849175 0.3056640625 0.0636292223095051 0.03125
0 0.5121759622937941 0.38037109375 0.0636292223095051 0.04150390625
0 0.5145326001571092 0.4560546875 0.060487038491751764 0.03173828125
0 0.5216025137470542 0.48583984375 0.0589159465828751 0.0283203125
0 0.5176747839748626 0.5205078125 0.07148468185388845 0.0341796875
0 0.5176747839748626 0.55615234375 0.061272584446190104 0.03369140625
0 0.5208169677926159 0.6201171875 0.05970149253731343 0.03955078125
0 0.5216025137470542 0.6591796875 0.05498821681068342 0.03564453125
0 0.5208169677926159 0.6943359375 0.05813040062843677 0.0302734375
0 0.5216025137470542 0.76806640625 0.07069913589945012 0.046875
0 0.5271013354281225 0.8330078125 0.05970149253731343 0.03173828125
0 0.5255302435192458 0.8671875 0.06912804399057344 0.03759765625
0 0.4509033778476041 0.83544921875 0.06598586017282011 0.033203125
0 0.4509033778476041 0.87158203125 0.06284367635506677 0.03173828125
0 0.45247446975648076 0.79736328125 0.05577376276512176 0.03173828125
0 0.4509033778476041 0.76708984375 0.062058130400628436 0.02783203125
0 0.4509033778476041 0.7314453125 0.061272584446190104 0.03125
0 0.3739198743126473 0.7314453125 0.06912804399057344 0.03125
0 0.3762765121759623 0.767578125 0.06991358994501179 0.03466796875
0 0.4469756480754124 0.6591796875 0.06520031421838178 0.03125
0 0.4461901021209741 0.552734375 0.0636292223095051 0.03759765625
0 0.44147682639434405 0.59228515625 0.07541241162608013 0.0546875
0 0.4461901021209741 0.48876953125 0.05498821681068342 0.03125
0 0.4391201885310291 0.4521484375 0.0636292223095051 0.0361328125
0 0.4391201885310291 0.41455078125 0.06677140612725845 0.03271484375
0 0.44069128043990574 0.33837890625 0.06755695208169678 0.03515625
0 0.4399057344854674 0.22802734375 0.05970149253731343 0.03662109375
0 0.44069128043990574 0.267578125 0.06441476826394343 0.05322265625
0 0.29379418695993714 0.2705078125 0.06284367635506677 0.029296875
0 0.36606441476826396 0.2685546875 0.06912804399057344 0.033203125
0 0.36684996072270226 0.23193359375 0.07069913589945012 0.02783203125
0 0.2922230950510605 0.236328125 0.061272584446190104 0.03466796875
0 0.22230950510604872 0.33984375 0.0636292223095051 0.0380859375
0 0.2246661429693637 0.3017578125 0.06441476826394343 0.03466796875
0 0.2969363707776905 0.37939453125 0.06520031421838178 0.03515625
0 0.22230950510604872 0.37744140625 0.07148468185388845 0.03125
0 0.23409269442262373 0.87109375 0.06520031421838178 0.03515625
0 0.23252160251374707 0.8017578125 0.06284367635506677 0.03466796875
0 0.23252160251374707 0.76513671875 0.07541241162608013 0.03076171875
0 0.23487824037706206 0.72900390625 0.06991358994501179 0.03271484375
0 0.2270227808326787 0.66552734375 0.061272584446190104 0.0341796875
0 0.2270227808326787 0.62890625 0.06441476826394343 0.03857421875
0 0.30243519245875883 0.62744140625 0.0636292223095051 0.0380859375
0 0.3699921445404556 0.623046875 0.05734485467399843 0.033203125
0 0.36606441476826396 0.55029296875 0.06677140612725845 0.03515625
0 0.2992930086410055 0.52099609375 0.0589159465828751 0.03369140625
0 0.22780832678711704 0.51904296875 0.07227022780832679 0.037109375
0 0.22623723487824038 0.45458984375 0.06284367635506677 0.03076171875
0 0.2945797329143755 0.4169921875 0.07384131971720345 0.029296875
0 0.36684996072270226 0.4150390625 0.06520031421838178 0.029296875
0 0.3684210526315789 0.44921875 0.06441476826394343 0.03759765625
0 0.3715632364493323 0.33544921875 0.06598586017282011 0.0380859375
0 0.598586017282011 0.83154296875 0.05577376276512176 0.037109375
1 0.9151610369206599 0.19677734375 0.021209740769835034 0.03173828125
1 0.8342498036135114 0.197265625 0.01728201099764336 0.02734375
1 0.8334642576590731 0.22607421875 0.019638648860958365 0.02099609375
1 0.8373919874312648 0.25341796875 0.02670856245090338 0.02001953125
1 0.8373919874312648 0.2890625 0.02670856245090338 0.02392578125
1 0.8366064414768264 0.32958984375 0.02670856245090338 0.02880859375
1 0.8366064414768264 0.3701171875 0.018067556952081697 0.0341796875
1 0.8397486252945797 0.40185546875 0.018853102906520033 0.025390625
1 0.8397486252945797 0.44775390625 0.016496465043205028 0.03125
1 0.8413197172034564 0.4814453125 0.018853102906520033 0.02978515625
1 0.9190887666928516 0.47509765625 0.016496465043205028 0.03076171875
1 0.9222309505106049 0.51171875 0.025923016496465043 0.037109375
1 0.9206598586017282 0.55078125 0.02199528672427337 0.02685546875
1 0.9214454045561665 0.583984375 0.022780832678711706 0.0361328125
1 0.9206598586017282 0.62158203125 0.015710919088766692 0.03076171875
1 0.9214454045561665 0.6484375 0.024351924587588374 0.0185546875
1 0.9238020424194815 0.6845703125 0.018853102906520033 0.021484375
1 0.9277297721916732 0.755859375 0.02199528672427337 0.02490234375
1 0.9293008641005499 0.79150390625 0.029850746268656716 0.03173828125
1 0.8460329929300864 0.72607421875 0.02199528672427337 0.03076171875
1 0.842890809112333 0.68798828125 0.018067556952081697 0.02685546875
1 0.8405341712490181 0.6162109375 0.019638648860958365 0.02685546875
1 0.845247446975648 0.5830078125 0.030636292223095052 0.0302734375
1 0.7517674783974863 0.41064453125 0.016496465043205028 0.03466796875
1 0.7572663000785546 0.44091796875 0.01728201099764336 0.01806640625
1 0.7564807541241163 0.33544921875 0.025923016496465043 0.0419921875
1 0.753338570306363 0.271484375 0.025923016496465043 0.0400390625
1 0.7517674783974863 0.23291015625 0.024351924587588374 0.03076171875
1 0.6787117046347211 0.302734375 0.018853102906520033 0.03466796875
1 0.603299293008641 0.23095703125 0.021209740769835034 0.0224609375
1 0.6017282010997643 0.197265625 0.018067556952081697 0.01611328125
1 0.5247446975648076 0.203125 0.014139827179890024 0.02978515625
1 0.5231736056559309 0.232421875 0.015710919088766692 0.0263671875
1 0.5286724273369993 0.27001953125 0.018853102906520033 0.0322265625
1 0.5294579732914375 0.3037109375 0.014925373134328358 0.021484375
1 0.5341712490180676 0.3759765625 0.021209740769835034 0.03125
1 0.6072270227808326 0.41162109375 0.018853102906520033 0.0185546875
1 0.608012568735271 0.4375 0.018067556952081697 0.02197265625
1 0.6802827965435978 0.4833984375 0.02199528672427337 0.033203125
1 0.7549096622152396 0.55078125 0.02356637863315004 0.03369140625
1 0.7580518460329929 0.58837890625 0.02199528672427337 0.03076171875
1 0.7604084838963079 0.65966796875 0.01728201099764336 0.0400390625
1 0.6857816182246661 0.6240234375 0.022780832678711706 0.03076171875
1 0.6944226237234878 0.6572265625 0.032992930086410056 0.03173828125
1 0.6928515318146111 0.69482421875 0.02513747054202671 0.01953125
1 0.6904948939512962 0.73095703125 0.014139827179890024 0.0380859375
1 0.6920659858601729 0.76611328125 0.018853102906520033 0.02392578125
1 0.6182246661429693 0.76220703125 0.02356637863315004 0.041015625
1 0.615082482325216 0.8310546875 0.022780832678711706 0.03564453125
1 0.5443833464257659 0.828125 0.01728201099764336 0.02490234375
1 0.5467399842890809 0.86328125 0.021209740769835034 0.03173828125
1 0.47289866457187746 0.83349609375 0.02199528672427337 0.0263671875
1 0.4713275726630008 0.869140625 0.01728201099764336 0.025390625
1 0.4721131186174391 0.79248046875 0.0204241948153967 0.0224609375
1 0.47368421052631576 0.76123046875 0.01728201099764336 0.01220703125
1 0.5435978004713276 0.767578125 0.0204241948153967 0.04931640625
1 0.46897093479968577 0.73046875 0.016496465043205028 0.02685546875
1 0.5420267085624509 0.68798828125 0.01728201099764336 0.017578125
1 0.6103692065985861 0.689453125 0.02356637863315004 0.0400390625
1 0.6103692065985861 0.65576171875 0.022780832678711706 0.02685546875
1 0.612725844461901 0.6162109375 0.024351924587588374 0.0224609375
1 0.6103692065985861 0.59033203125 0.022780832678711706 0.02685546875
1 0.6119402985074627 0.51416015625 0.025923016496465043 0.017578125
1 0.4626865671641791 0.4130859375 0.01728201099764336 0.03173828125
1 0.4603299293008641 0.33837890625 0.021209740769835034 0.03125
1 0.46111547525530244 0.2685546875 0.022780832678711706 0.05419921875
1 0.45718774548311075 0.22412109375 0.02513747054202671 0.029296875
1 0.38648860958366066 0.22705078125 0.018067556952081697 0.021484375
1 0.3880597014925373 0.2646484375 0.021209740769835034 0.029296875
1 0.3157894736842105 0.228515625 0.018067556952081697 0.02490234375
1 0.3157894736842105 0.271484375 0.012568735271013355 0.03369140625
1 0.38727415553809896 0.33544921875 0.019638648860958365 0.03564453125
1 0.38884524744697563 0.41064453125 0.01728201099764336 0.0224609375
1 0.391987431264729 0.44921875 0.02199528672427337 0.03369140625
1 0.3927729772191673 0.546875 0.02199528672427337 0.03125
1 0.4642576590730558 0.5478515625 0.022780832678711706 0.02880859375
1 0.46582875098193244 0.5927734375 0.018853102906520033 0.0576171875
1 0.4713275726630008 0.654296875 0.01335428122545169 0.01904296875
1 0.39120188531029065 0.62109375 0.021209740769835034 0.021484375
1 0.3197172034564022 0.62255859375 0.022780832678711706 0.02734375
1 0.2474469756480754 0.6259765625 0.019638648860958365 0.0302734375
1 0.24666142969363708 0.6630859375 0.01728201099764336 0.03759765625
1 0.25294579732914374 0.72802734375 0.02199528672427337 0.0302734375
1 0.3974862529457973 0.72802734375 0.0204241948153967 0.02880859375
1 0.25687352710133543 0.76318359375 0.02199528672427337 0.02587890625
1 0.25058915946582877 0.798828125 0.02513747054202671 0.029296875
1 0.2537313432835821 0.87109375 0.016496465043205028 0.02978515625
1 0.9316575019638649 0.86279296875 0.02356637863315004 0.02880859375
1 0.3173605655930872 0.5185546875 0.02356637863315004 0.02880859375
1 0.24666142969363708 0.51904296875 0.028279654359780047 0.03515625
1 0.24509033778476041 0.45263671875 0.02749410840534171 0.02685546875
1 0.31814611154752553 0.4150390625 0.021209740769835034 0.025390625
1 0.3157894736842105 0.37841796875 0.024351924587588374 0.03515625
1 0.24430479183032208 0.373046875 0.02670856245090338 0.02734375
1 0.24430479183032208 0.33740234375 0.02356637863315004 0.03369140625
1 0.24351924587588375 0.296875 0.02199528672427337 0.01953125
1 0.46190102120974075 0.443359375 0.018853102906520033 0.0185546875
1 0.4603299293008641 0.482421875 0.014139827179890024 0.02099609375
1 0.5341712490180676 0.48193359375 0.018067556952081697 0.01806640625
1 0.5349567949725059 0.45361328125 0.016496465043205028 0.02978515625
1 0.5388845247446976 0.51953125 0.025923016496465043 0.03369140625
1 0.5396700706991359 0.548828125 0.021209740769835034 0.01904296875
1 0.5412411626080126 0.62060546875 0.018853102906520033 0.03662109375
1 0.5404556166535742 0.6572265625 0.014925373134328358 0.03271484375
1 0.6787117046347211 0.4072265625 0.02513747054202671 0.0263671875
1 0.399057344854674 0.76611328125 0.01728201099764336 0.03515625