0 0.1083984375 0.2237082066869301 0.02783203125 0.02127659574468085
0 0.109619140625 0.24316109422492402 0.02587890625 0.01702127659574468
0 0.110595703125 0.26261398176291795 0.02783203125 0.023100303951367782
0 0.083251953125 0.24072948328267477 0.0244140625 0.019452887537993922
0 0.083251953125 0.2741641337386018 0.02880859375 0.019452887537993922
0 0.434326171875 0.6270516717325227 0.02587890625 0.02857142857142857
0 0.409912109375 0.6218844984802432 0.02001953125 0.02006079027355623
0 0.4072265625 0.6416413373860183 0.02197265625 0.0182370820668693
0 0.431396484375 0.6513677811550151 0.02392578125 0.023100303951367782
0 0.43212890625 0.6696048632218845 0.0263671875 0.01762917933130699
0 0.433837890625 0.6914893617021277 0.02490234375 0.0243161094224924
0 0.435546875 0.7145896656534955 0.0234375 0.02066869300911854
0 0.40966796875 0.7124620060790273 0.025390625 0.02553191489361702
0 0.408935546875 0.6875379939209726 0.0234375 0.02066869300911854
0 0.599365234375 0.6617021276595745 0.03076171875 0.02917933130699088
0 0.598876953125 0.6890577507598784 0.0322265625 0.02370820668693009
0 0.57421875 0.7030395136778116 0.02880859375 0.02188449848024316
0 0.574951171875 0.7316109422492402 0.03125 0.034650455927051675
0 0.574951171875 0.7620060790273556 0.0322265625 0.02735562310030395
0 0.608154296875 0.2480243161094225 0.02783203125 0.029787234042553193
0 0.609619140625 0.2765957446808511 0.0341796875 0.026747720364741642
1 0.1171875 0.22492401215805471 0.00830078125 0.0182370820668693
1 0.093017578125 0.2404255319148936 0.0048828125 0.013373860182370821
1 0.11767578125 0.24346504559270515 0.00634765625 0.01094224924012158
1 0.118408203125 0.2635258358662614 0.009765625 0.02188449848024316
1 0.092529296875 0.27082066869300914 0.00830078125 0.00911854103343465
1 0.415771484375 0.6224924012158055 0.00732421875 0.01762917933130699
1 0.441650390625 0.6279635258358662 0.009765625 0.02492401215805471
1 0.41650390625 0.6413373860182371 0.0068359375 0.01276595744680851
1 0.440673828125 0.6516717325227963 0.005859375 0.019452887537993922
1 0.4404296875 0.668693009118541 0.0078125 0.009726443768996961
1 0.440673828125 0.6893617021276596 0.0087890625 0.02006079027355623
1 0.44140625 0.711854103343465 0.0107421875 0.0182370820668693
1 0.41748046875 0.711854103343465 0.00830078125 0.023100303951367782
1 0.417724609375 0.6875379939209726 0.00732421875 0.02006079027355623
1 0.610107421875 0.6632218844984803 0.00927734375 0.02735562310030395
1 0.610107421875 0.6893617021276596 0.00927734375 0.0243161094224924
1 0.583984375 0.703951367781155 0.0078125 0.01762917933130699
1 0.585205078125 0.7319148936170212 0.0107421875 0.03343465045592705
1 0.584716796875 0.7623100303951368 0.01171875 0.02553191489361702
1 0.619384765625 0.27598784194528875 0.01318359375 0.022492401215805473
1 0.617919921875 0.2486322188449848 0.00830078125 0.02735562310030395