0 0.8928823114869626 0.165283203125 0.06412966878083157 0.0400390625
0 0.8925299506694856 0.204345703125 0.06060606060606061 0.0361328125
0 0.8925299506694856 0.240966796875 0.06201550387596899 0.03759765625
0 0.8921775898520085 0.272705078125 0.06483439041578576 0.0263671875
0 0.8921775898520085 0.300048828125 0.0613107822410148 0.02880859375
0 0.8918252290345313 0.323486328125 0.05919661733615222 0.01953125
0 0.890415785764623 0.352294921875 0.06553911205073996 0.04541015625
0 0.7843551797040169 0.25244140625 0.03382663847780127 0.02490234375
0 0.7840028188865398 0.2333984375 0.035940803382663845 0.01611328125
0 0.7832980972515856 0.212890625 0.035236081747709654 0.02294921875
0 0.7459478505990134 0.208984375 0.035940803382663845 0.025390625
0 0.7029598308668076 0.21240234375 0.037350246652572236 0.021484375
0 0.704369274136716 0.18603515625 0.03946441155743481 0.021484375
0 0.7040169133192389 0.255859375 0.042283298097251586 0.02392578125
1 0.7145877378435518 0.255859375 0.011980267794221282 0.01904296875
1 0.7156448202959831 0.20947265625 0.013389711064129669 0.01953125
1 0.7170542635658915 0.184814453125 0.01127554615926709 0.0107421875
1 0.7558139534883721 0.20751953125 0.014094432699083862 0.021484375
1 0.7938689217758985 0.20849609375 0.011980267794221282 0.01513671875
1 0.7938689217758985 0.23046875 0.01127554615926709 0.01025390625
1 0.792107117688513 0.251953125 0.013389711064129669 0.02490234375
1 0.912262156448203 0.3447265625 0.017618040873854827 0.029296875
1 0.9157857646229739 0.31787109375 0.01127554615926709 0.01025390625
1 0.9136715997181113 0.296875 0.014799154334038054 0.0205078125
1 0.9164904862579282 0.2685546875 0.015503875968992248 0.01171875
1 0.9164904862579282 0.2373046875 0.014799154334038054 0.02783203125
1 0.9150810429880197 0.2021484375 0.015503875968992248 0.0234375
1 0.916138125440451 0.16162109375 0.019027484143763214 0.03125