0 0.90283203125 0.2483262325015216 0.03564453125 0.041996348143639686
0 0.90234375 0.2866707242848448 0.0322265625 0.030432136335970784
0 0.154296875 0.22702373706634205 0.02294921875 0.02678027997565429
0 0.33203125 0.1929397443700548 0.02197265625 0.01582471089470481
0 0.3310546875 0.21363359707851493 0.02001953125 0.02251978088861838
0 0.32958984375 0.23858794887401097 0.021484375 0.02251978088861838
1 0.91357421875 0.248934875228241 0.0107421875 0.036518563603164945
1 0.91357421875 0.28119293974437004 0.0087890625 0.015216068167985392
1 0.33837890625 0.1935483870967742 0.0068359375 0.013390139987827145
1 0.3369140625 0.2130249543517955 0.00634765625 0.021911138161898967
1 0.33642578125 0.23797930614729154 0.005859375 0.020693852708460133
1 0.162109375 0.2282410225197809 0.00634765625 0.020693852708460133