0 0.4697265625 0.3088829071332436 0.0419921875 0.04306864064602961
0 0.4677734375 0.34791386271870794 0.04443359375 0.04979811574697174
0 0.463134765625 0.6732839838492598 0.037109375 0.03566621803499327
0 0.461669921875 0.7136608344549125 0.03662109375 0.0423956931359354
0 0.462646484375 0.756056527590848 0.0302734375 0.040376850605652756
0 0.462158203125 0.7923956931359354 0.0302734375 0.031628532974428
0 0.419677734375 0.7557200538358008 0.0322265625 0.0531628532974428
0 0.418701171875 0.7072678331090175 0.0361328125 0.04845222072678331
0 0.3779296875 0.6907806191117093 0.03759765625 0.06056527590847914
0 0.418701171875 0.5619111709286676 0.0439453125 0.046433378196500674
0 0.420166015625 0.5201884253028264 0.0390625 0.03768506056527591
0 0.382568359375 0.4858681022880215 0.03125 0.05450874831763122
0 0.383056640625 0.4387617765814266 0.03125 0.03633916554508748
0 0.4287109375 0.2728802153432032 0.029296875 0.0477792732166891
0 0.4287109375 0.22039030955585465 0.03125 0.05383580080753701
0 0.343505859375 0.3341184387617766 0.03271484375 0.02826379542395693
0 0.34326171875 0.3731493943472409 0.04541015625 0.05047106325706595
0 0.262939453125 0.2560565275908479 0.03857421875 0.05787348586810229
0 0.262939453125 0.21096904441453568 0.03955078125 0.051816958277254375
0 0.17919921875 0.25874831763122474 0.03955078125 0.04912516823687752
0 0.1767578125 0.4539030955585464 0.04248046875 0.06729475100942127
0 0.2177734375 0.6433378196500673 0.04296875 0.06662180349932706
0 0.212158203125 0.7920592193808883 0.037109375 0.026244952893674293
0 0.213134765625 0.8236877523553163 0.03564453125 0.03297442799461642
0 0.214111328125 0.8600269179004038 0.04052734375 0.040376850605652756
1 0.4375 0.22106325706594884 0.01416015625 0.0477792732166891
1 0.48291015625 0.3024899057873486 0.01025390625 0.03230148048452221
1 0.4814453125 0.33815612382234184 0.0126953125 0.033647375504710635
1 0.475341796875 0.6716016150740243 0.0107421875 0.03028263795423957
1 0.474365234375 0.7146702557200538 0.00927734375 0.03768506056527591
1 0.471923828125 0.7550471063257066 0.00927734375 0.03297442799461642
1 0.473388671875 0.7920592193808883 0.0078125 0.026244952893674293
1 0.429443359375 0.7479811574697174 0.0126953125 0.03297442799461642
1 0.430419921875 0.7089502018842531 0.00927734375 0.031628532974428
1 0.390625 0.693135935397039 0.00927734375 0.05450874831763122
1 0.434814453125 0.5555181695827726 0.009765625 0.02557200538358008
1 0.432861328125 0.5218707940780619 0.009765625 0.03028263795423957
1 0.391845703125 0.4791386271870794 0.0107421875 0.03835800807537012
1 0.391357421875 0.43808882907133245 0.0107421875 0.03028263795423957
1 0.4365234375 0.26345895020188426 0.00927734375 0.017496635262449527
1 0.355224609375 0.3654104979811575 0.015625 0.02489905787348587
1 0.353759765625 0.3341184387617766 0.009765625 0.02759084791386272
1 0.273681640625 0.24562584118438763 0.0126953125 0.033647375504710635
1 0.276123046875 0.2072678331090175 0.0107421875 0.034320323014804845
1 0.193359375 0.25639300134589504 0.01171875 0.039703903095558546
1 0.19140625 0.45625841184387617 0.01318359375 0.06594885598923284
1 0.22900390625 0.642328398384926 0.01611328125 0.06258411843876177
1 0.225341796875 0.7907133243606999 0.00732421875 0.026917900403768506
1 0.224853515625 0.819650067294751 0.0107421875 0.02288021534320323
1 0.2255859375 0.8495962314939435 0.015625 0.017496635262449527