0 0.9147368421052632 0.21142578125 0.04912280701754386 0.0244140625
0 0.9133333333333333 0.234375 0.042105263157894736 0.021484375
0 0.9168421052631579 0.262451171875 0.04280701754385965 0.0224609375
0 0.9178947368421052 0.284423828125 0.04421052631578947 0.0244140625
0 0.916140350877193 0.318115234375 0.042105263157894736 0.0244140625
0 0.9171929824561403 0.338134765625 0.04 0.01806640625
0 0.9133333333333333 0.37255859375 0.04491228070175438 0.021484375
0 0.9150877192982456 0.395751953125 0.04350877192982456 0.02490234375
1 0.9273684210526316 0.230712890625 0.010526315789473684 0.01220703125
1 0.9280701754385965 0.212158203125 0.011929824561403509 0.021484375
1 0.9287719298245614 0.263916015625 0.014035087719298246 0.017578125
1 0.9305263157894736 0.281982421875 0.014736842105263158 0.01611328125
1 0.9280701754385965 0.318115234375 0.016140350877192983 0.017578125
1 0.9298245614035088 0.334228515625 0.011228070175438596 0.00927734375
1 0.9280701754385965 0.372802734375 0.014736842105263158 0.0205078125
1 0.9263157894736842 0.394775390625 0.014736842105263158 0.02099609375