0 0.64765625 0.3076171875 0.06875 0.03125
0 0.64609375 0.275390625 0.071875 0.03857421875
0 0.43046875 0.7626953125 0.06171875 0.0302734375
0 0.578125 0.8271484375 0.06015625 0.02587890625
0 0.58046875 0.8564453125 0.0671875 0.02978515625
0 0.7328125 0.6318359375 0.07578125 0.0341796875
0 0.72734375 0.59619140625 0.0640625 0.0322265625
0 0.27734375 0.8642578125 0.0640625 0.03271484375
0 0.278125 0.89599609375 0.0703125 0.03173828125
1 0.66484375 0.27490234375 0.02734375 0.03369140625
1 0.66484375 0.306640625 0.021875 0.02490234375
1 0.74765625 0.59765625 0.02578125 0.0263671875
1 0.75 0.62744140625 0.02890625 0.025390625
1 0.45234375 0.76123046875 0.02421875 0.02783203125
1 0.5984375 0.82666015625 0.01640625 0.0224609375
1 0.6 0.85400390625 0.01953125 0.0234375
1 0.296875 0.86474609375 0.03046875 0.02978515625
1 0.296875 0.88916015625 0.01875 0.01220703125