0 0.92041015625 0.22398052343274497 0.03759765625 0.03712720632988436
0 0.92041015625 0.26171637248934876 0.03662109375 0.03956177723676202
0 0.656982421875 0.19689592209373097 0.02685546875 0.01704199634814364
0 0.65771484375 0.21880706025562993 0.0263671875 0.02556299452221546
0 0.62109375 0.2595861229458308 0.0185546875 0.023737066342057214
0 0.62158203125 0.2839318320146074 0.0166015625 0.023737066342057214
0 0.775634765625 0.20450395617772368 0.021484375 0.02130249543517955
0 0.7958984375 0.22732805842970177 0.0205078125 0.023128423615337797
1 0.93212890625 0.22245891661594644 0.01025390625 0.03469263542300669
1 0.9326171875 0.2559342665855143 0.01025390625 0.024345709068776627
1 0.802734375 0.22702373706634205 0.00830078125 0.019476567255021303
1 0.783935546875 0.20328667072428486 0.0078125 0.018259281801582473
1 0.664794921875 0.1978088861838101 0.0087890625 0.016433353621424222
1 0.66552734375 0.21850273889227023 0.0087890625 0.024345709068776627
1 0.6259765625 0.26019476567255023 0.00634765625 0.02008520998174072
1 0.6259765625 0.2839318320146074 0.00830078125 0.019476567255021303