0 0.9384141647421094 0.30908203125 0.09699769053117784 0.0537109375
0 0.8560431100846805 0.79931640625 0.08545034642032333 0.0576171875
0 0.859122401847575 0.84619140625 0.0800615858352579 0.037109375
0 0.8498845265588915 0.88232421875 0.0962278675904542 0.0361328125
0 0.3287143956889915 0.8955078125 0.11239414934565051 0.03857421875
0 0.43956889915319475 0.6650390625 0.08160123171670516 0.064453125
0 0.9491916859122402 0.76171875 0.07236335642802155 0.0498046875
0 0.6420323325635104 0.71337890625 0.11085450346420324 0.052734375
0 0.6451116243264049 0.65478515625 0.10546574287913779 0.06103515625
0 0.11624326404926867 0.56591796875 0.10007698229407236 0.04248046875
0 0.11855273287143957 0.6171875 0.1100846805234796 0.05810546875
0 0.21939953810623555 0.5751953125 0.09930715935334873 0.0517578125
0 0.22478829869130101 0.67919921875 0.11085450346420324 0.05712890625
0 0.1170130869899923 0.90625 0.11624326404926867 0.05126953125
0 0.11239414934565051 0.31494140625 0.09853733641262509 0.060546875
0 0.21709006928406466 0.2890625 0.08622016936104696 0.06591796875
0 0.3325635103926097 0.35205078125 0.09853733641262509 0.06298828125
0 0.5296381832178599 0.29345703125 0.1077752117013087 0.05517578125
0 0.5319476520400308 0.2451171875 0.10392609699769054 0.0322265625
0 0.6443418013856813 0.2099609375 0.11316397228637413 0.0576171875
0 0.5465742879137798 0.3525390625 0.09930715935334873 0.046875
0 0.5404157043879908 0.404296875 0.100846805234796 0.05224609375
1 0.36643571978444955 0.35205078125 0.025404157043879907 0.0654296875
1 0.13856812933025403 0.3125 0.03387220939183987 0.044921875
1 0.25096227867590454 0.28759765625 0.02155504234026174 0.0595703125
1 0.14549653579676675 0.556640625 0.03002309468822171 0.01904296875
1 0.24403387220939185 0.57470703125 0.03926096997690531 0.05029296875
1 0.15165511932255582 0.609375 0.03849114703618168 0.04248046875
1 0.2602001539645881 0.68212890625 0.04311008468052348 0.0517578125
1 0.1562740569668976 0.9052734375 0.03464203233256351 0.04150390625
1 0.3641262509622787 0.89208984375 0.03849114703618168 0.03759765625
1 0.4649730561970747 0.6650390625 0.033102386451116246 0.05908203125
1 0.6759045419553503 0.654296875 0.03926096997690531 0.05859375
1 0.6720554272517321 0.7109375 0.03695150115473441 0.0498046875
1 0.8783679753656659 0.80078125 0.036181678214010776 0.0517578125
1 0.8806774441878368 0.845703125 0.03002309468822171 0.03076171875
1 0.8845265588914549 0.88134765625 0.02617397998460354 0.02978515625
1 0.9676674364896074 0.75537109375 0.02386451116243264 0.02294921875
1 0.5696689761354888 0.4013671875 0.03849114703618168 0.04345703125
1 0.573518090839107 0.3525390625 0.04157043879907621 0.04736328125
1 0.5712086220169361 0.29052734375 0.03002309468822171 0.048828125
1 0.565050038491147 0.24853515625 0.030792917628945343 0.02001953125
1 0.6720554272517321 0.20068359375 0.042340261739799843 0.041015625
1 0.9661277906081601 0.30517578125 0.03002309468822171 0.0400390625