0 0.89697265625 0.45827725437415884 0.04248046875 0.059892328398384924
0 0.94287109375 0.6386271870794078 0.03955078125 0.03768506056527591
0 0.94384765625 0.6790040376850606 0.03466796875 0.04104979811574697
0 0.943359375 0.7261103633916555 0.037109375 0.05047106325706595
0 0.90234375 0.8082099596231493 0.04150390625 0.04912516823687752
0 0.81640625 0.7940780619111709 0.041015625 0.04374158815612382
0 0.7763671875 0.8310901749663526 0.03369140625 0.034993270524899055
0 0.7763671875 0.8687752355316285 0.03759765625 0.04306864064602961
0 0.8173828125 0.7133243606998654 0.04052734375 0.039030955585464336
0 0.77392578125 0.6574697173620457 0.0400390625 0.0477792732166891
0 0.77490234375 0.6103633916554508 0.03955078125 0.04508748317631225
0 0.77490234375 0.5370121130551817 0.0380859375 0.04508748317631225
0 0.77392578125 0.49057873485868103 0.041015625 0.04912516823687752
0 0.8134765625 0.2557200538358008 0.037109375 0.059892328398384924
0 0.72998046875 0.2597577388963661 0.03759765625 0.05383580080753701
0 0.72705078125 0.20659488559892328 0.037109375 0.05047106325706595
0 0.60791015625 0.34185733512786004 0.041015625 0.04374158815612382
0 0.607421875 0.4549125168236878 0.03369140625 0.03297442799461642
0 0.60986328125 0.4919246298788694 0.033203125 0.034993270524899055
0 0.60888671875 0.531628532974428 0.0419921875 0.0423956931359354
0 0.5673828125 0.44347240915208613 0.03564453125 0.04441453566621804
0 0.61279296875 0.7476446837146703 0.04052734375 0.031628532974428
0 0.611328125 0.7839838492597577 0.0390625 0.05585464333781965
0 0.57177734375 0.7765814266487214 0.03125 0.03566621803499327
0 0.4443359375 0.5208613728129206 0.03857421875 0.04979811574697174
0 0.4443359375 0.436742934051144 0.037109375 0.04576043068640646
0 0.28076171875 0.7779273216689099 0.02978515625 0.02759084791386272
0 0.279296875 0.8088829071332436 0.03466796875 0.046433378196500674
0 0.2822265625 0.8506056527590848 0.03369140625 0.034320323014804845
0 0.19873046875 0.7792732166890982 0.03466796875 0.03835800807537012
0 0.1982421875 0.819650067294751 0.03759765625 0.04441453566621804
0 0.1982421875 0.8781965006729475 0.0419921875 0.03028263795423957
0 0.07568359375 0.8243606998654105 0.03515625 0.03835800807537012
0 0.0751953125 0.860699865410498 0.044921875 0.05383580080753701
0 0.24072265625 0.5935397039030955 0.03662109375 0.04979811574697174
0 0.12109375 0.2274562584118439 0.03466796875 0.06594885598923284
1 0.9111328125 0.45625841184387617 0.009765625 0.05047106325706595
1 0.95654296875 0.6379542395693136 0.00830078125 0.03230148048452221
1 0.9560546875 0.676985195154778 0.009765625 0.034320323014804845
1 0.95458984375 0.7240915208613729 0.0126953125 0.033647375504710635
1 0.830078125 0.7099596231493943 0.01171875 0.033647375504710635
1 0.83056640625 0.7893674293405114 0.00830078125 0.03230148048452221
1 0.9169921875 0.8082099596231493 0.015625 0.03566621803499327
1 0.787109375 0.8324360699865411 0.0126953125 0.02489905787348587
1 0.78857421875 0.8647375504710633 0.0126953125 0.034993270524899055
1 0.625 0.7402422611036339 0.0146484375 0.016150740242261104
1 0.623046875 0.7759084791386271 0.01220703125 0.03768506056527591
1 0.58056640625 0.7765814266487214 0.0107421875 0.034993270524899055
1 0.62109375 0.5269179004037685 0.0126953125 0.034993270524899055
1 0.61962890625 0.4899057873485868 0.01123046875 0.03297442799461642
1 0.619140625 0.45558546433378194 0.009765625 0.03028263795423957
1 0.580078125 0.43808882907133245 0.0068359375 0.02826379542395693
1 0.623046875 0.3344549125168237 0.013671875 0.03028263795423957
1 0.8251953125 0.2489905787348587 0.01171875 0.04306864064602961
1 0.7412109375 0.25370121130551815 0.0107421875 0.039703903095558546
1 0.73974609375 0.20524899057873486 0.01123046875 0.03835800807537012
1 0.7890625 0.49125168236877526 0.009765625 0.03633916554508748
1 0.7880859375 0.5349932705248991 0.01171875 0.039703903095558546
1 0.787109375 0.607671601615074 0.0107421875 0.034320323014804845
1 0.78662109375 0.654777927321669 0.01220703125 0.03095558546433378
1 0.4560546875 0.43943472409152085 0.00927734375 0.039030955585464336
1 0.45703125 0.5168236877523553 0.009765625 0.033647375504710635
1 0.25 0.5921938088829072 0.01171875 0.03633916554508748
1 0.29052734375 0.7732166890982504 0.01123046875 0.016150740242261104
1 0.2919921875 0.8028263795423957 0.00732421875 0.03633916554508748
1 0.29052734375 0.8485868102288021 0.0126953125 0.028936742934051143
1 0.212890625 0.8768506056527591 0.01318359375 0.02557200538358008
1 0.212890625 0.8082099596231493 0.00830078125 0.021534320323014805
1 0.21142578125 0.7732166890982504 0.0068359375 0.020188425302826378
1 0.08984375 0.8169582772543742 0.009765625 0.020188425302826378
1 0.0908203125 0.8539703903095559 0.0146484375 0.040376850605652756
1 0.1318359375 0.22274562584118437 0.01123046875 0.04374158815612382