0 0.12876008804108585 0.2646484375 0.07043286867204696 0.03173828125
0 0.13169479090242112 0.316162109375 0.05575935436537051 0.03369140625
0 0.13352898019075568 0.363525390625 0.06969919295671313 0.0341796875
0 0.13279530447542187 0.442138671875 0.055025678650036686 0.02099609375
0 0.13499633162142333 0.553955078125 0.05796038151137197 0.025390625
0 0.13793103448275862 0.583251953125 0.06382978723404255 0.03173828125
0 0.13866471019809246 0.611572265625 0.05429200293470286 0.02783203125
0 0.13829787234042554 0.653564453125 0.05722670579603815 0.0361328125
0 0.13536316947909025 0.7744140625 0.055025678650036686 0.03125
0 0.1371973587674248 0.805908203125 0.06676449009537784 0.029296875
0 0.2057960381511372 0.90869140625 0.04548789435069699 0.02685546875
0 0.20396184886280264 0.85986328125 0.052090975788701394 0.03271484375
0 0.2688921496698459 0.857666015625 0.04768892149669846 0.03271484375
0 0.14847678723404256 0.8711753676757813 0.16587422303741747 0.8702482700195312 0.16842953778429934 0.822370408203125 0.1090802399119589 0.8211051235351563 0.11419067278063096 0.8509119506835937 0.1435999574468085 0.8512952358398438 0.14847678723404256 0.8711753676757813
0 0.20359501100513572 0.6884765625 0.05429200293470286 0.033203125
0 0.20139398385913426 0.62841796875 0.052090975788701394 0.03857421875
0 0.2028613352898019 0.6005859375 0.058694057226705794 0.02099609375
0 0.20322817314746883 0.529296875 0.05062362435803375 0.02880859375
0 0.20176082171680118 0.498046875 0.05282465150403522 0.02880859375
0 0.20469552457813647 0.4736328125 0.05429200293470286 0.03125
0 0.20102714600146734 0.4443359375 0.052090975788701394 0.0263671875
0 0.1966250917094644 0.25537109375 0.05135730007336757 0.02978515625
0 0.19845928099779897 0.2890625 0.05062362435803375 0.0361328125
0 0.19699192956713132 0.322265625 0.05796038151137197 0.03564453125
0 0.19992663242846662 0.3798828125 0.05062362435803375 0.0400390625
0 0.25678650036683787 0.252685546875 0.05722670579603815 0.02490234375
0 0.2582538517975055 0.278564453125 0.06309611151870873 0.0322265625
0 0.2589875275128393 0.311767578125 0.05796038151137197 0.03271484375
0 0.25972120322817316 0.337646484375 0.06016140865737344 0.02392578125
0 0.25678650036683787 0.362548828125 0.05575935436537051 0.02490234375
0 0.260454878943507 0.385498046875 0.05429200293470286 0.021484375
0 0.2619222303741746 0.423095703125 0.06089508437270726 0.02783203125
0 0.26338958180484223 0.447998046875 0.06749816581071166 0.03759765625
0 0.2674247982391783 0.511962890625 0.049889948642699924 0.02294921875
0 0.264490095377843 0.536376953125 0.052090975788701394 0.02587890625
0 0.26338958180484223 0.640869140625 0.0491562729273661 0.01220703125
0 0.26595744680851063 0.661376953125 0.055025678650036686 0.02587890625
0 0.26669112252384447 0.704833984375 0.06016140865737344 0.0283203125
0 0.2677916360968452 0.728759765625 0.06309611151870873 0.02734375
0 0.2663242846661775 0.782470703125 0.06016140865737344 0.03076171875
0 0.33418928833455613 0.8193359375 0.06236243580337491 0.02587890625
0 0.3334556126192223 0.79541015625 0.05649303008070433 0.0224609375
0 0.3290535583272194 0.77197265625 0.06016140865737344 0.03125
0 0.33565663976522375 0.7373046875 0.06236243580337491 0.03173828125
0 0.32868672046955244 0.609375 0.06236243580337491 0.03662109375
0 0.32831988261188555 0.65478515625 0.05135730007336757 0.02880859375
0 0.330520909757887 0.7080078125 0.0652971386647102 0.0244140625
0 0.3235509904622157 0.5791015625 0.06309611151870873 0.0234375
0 0.32575201760821715 0.55517578125 0.055025678650036686 0.0283203125
0 0.3294203961848863 0.52734375 0.05135730007336757 0.03076171875
0 0.3231841526045488 0.482421875 0.05575935436537051 0.0283203125
0 0.3231841526045488 0.45263671875 0.055025678650036686 0.03369140625
0 0.32134996331621424 0.36083984375 0.05722670579603815 0.03076171875
0 0.32795304475421866 0.29833984375 0.04768892149669846 0.0322265625
0 0.3815113719735877 0.3271484375 0.04842259721203228 0.0341796875
0 0.3877476155539252 0.381591796875 0.055025678650036686 0.03662109375
0 0.39143277989728537 0.2952919243164063 0.4142823800440205 0.29466398779296876 0.41554954585473225 0.23918888037109376 0.3551446903888481 0.2377019951171875 0.35645031621423334 0.269236806640625 0.38801766837857665 0.26887009423828123 0.39143277989728537 0.2952919243164063
0 0.3862802641232575 0.455810546875 0.05575935436537051 0.01708984375
0 0.3877476155539252 0.479736328125 0.052090975788701394 0.02880859375
0 0.3903154805575935 0.590087890625 0.05942773294203962 0.02587890625
0 0.4002201027146001 0.620361328125 0.05942773294203962 0.02734375
0 0.4012368547322084 0.5445537255859375 0.4104323081438004 0.5422719868164062 0.4109245994130594 0.4987679248046875 0.35780347615553926 0.4947849809570313 0.36821983125458546 0.53116278125 0.39166123404255315 0.5323404223632813 0.4012368547322084 0.5445537255859375
0 0.3917828319882612 0.560302734375 0.05282465150403522 0.033203125
0 0.3976522377109318 0.643798828125 0.05575935436537051 0.02294921875
0 0.3961848862802641 0.671630859375 0.061628760088041086 0.02783203125
0 0.3932501834189288 0.699951171875 0.05942773294203962 0.03173828125
0 0.3943506969919296 0.742431640625 0.04842259721203228 0.0302734375
0 0.3943506969919296 0.773193359375 0.05282465150403522 0.0244140625
0 0.3932501834189288 0.802978515625 0.05575935436537051 0.03173828125
0 0.3932501834189288 0.842041015625 0.04842259721203228 0.02978515625
0 0.8231841526045488 0.2529296875 0.06089508437270726 0.03076171875
0 0.8283198826118855 0.39306640625 0.05429200293470286 0.02978515625
0 0.6368305209097579 0.253662109375 0.05649303008070433 0.0302734375
0 0.6346294937637564 0.281005859375 0.06676449009537784 0.03125
0 0.6353631694790902 0.309814453125 0.06676449009537784 0.02978515625
0 0.6298606016140865 0.33935546875 0.055025678650036686 0.02734375
0 0.7006603081438004 0.35498046875 0.06749816581071166 0.037109375
0 0.6962582538517975 0.384521484375 0.06749816581071166 0.03125
0 0.6999266324284666 0.41015625 0.06969919295671313 0.02099609375
0 0.7032281731474688 0.43505859375 0.07043286867204696 0.0322265625
0 0.7021276595744681 0.4658203125 0.06896551724137931 0.0283203125
0 0.7013939838591343 0.50439453125 0.06896551724137931 0.04638671875
0 0.7010271460014673 0.5400390625 0.07043286867204696 0.0244140625
0 0.7010271460014673 0.568359375 0.06969919295671313 0.03076171875
0 0.7046955245781364 0.5986328125 0.06823184152604549 0.03076171875
0 0.6375641966250917 0.80078125 0.05575935436537051 0.02587890625
0 0.6360968451944241 0.82958984375 0.061628760088041086 0.02978515625
0 0.6382978723404256 0.8603515625 0.05942773294203962 0.02978515625
0 0.6397652237710931 0.88525390625 0.06456346294937637 0.037109375
0 0.8534318429933969 0.8680459760742187 0.8343636478356566 0.8675425595703125 0.8358037644900953 0.8809377973632813 0.7967090366837858 0.8799775400390625 0.7966712597212031 0.9042290224609375 0.8576383433602348 0.9038832426757812 0.8534318429933969 0.8680459760742187
0 0.8283198826118855 0.752197265625 0.06089508437270726 0.033203125
0 0.8319882611885546 0.78125 0.058694057226705794 0.0263671875
0 0.8283198826118855 0.69580078125 0.07263389581804842 0.0341796875
0 0.8275862068965517 0.64208984375 0.06749816581071166 0.03271484375
0 0.8301540719002201 0.59326171875 0.06089508437270726 0.033203125
0 0.8275862068965517 0.53125 0.0748349229640499 0.0361328125
0 0.4501100513573001 0.2587890625 0.06382978723404255 0.03662109375
0 0.8235509904622157 0.28125 0.05796038151137197 0.02490234375
0 0.822450476889215 0.302978515625 0.06016140865737344 0.01611328125
0 0.8268525311812179 0.32373046875 0.06089508437270726 0.02978515625
0 0.8246515040352165 0.35693359375 0.06309611151870873 0.0390625
0 0.8297872340425532 0.4462890625 0.05282465150403522 0.02685546875
0 0.8268525311812179 0.47265625 0.06896551724137931 0.0302734375
0 0.8257520176082171 0.822509765625 0.06089508437270726 0.01708984375
0 0.8301540719002201 0.846923828125 0.06456346294937637 0.033203125
0 0.6375641966250917 0.755859375 0.06969919295671313 0.0390625
0 0.6426999266324285 0.690673828125 0.06603081438004402 0.03466796875
0 0.640498899486427 0.662353515625 0.06382978723404255 0.02294921875
0 0.6368305209097579 0.61572265625 0.06382978723404255 0.03125
0 0.6382978723404256 0.587158203125 0.06749816581071166 0.0283203125
0 0.6302274394717535 0.56201171875 0.05722670579603815 0.0224609375
0 0.6375641966250917 0.532470703125 0.06016140865737344 0.03076171875
0 0.6327953044754219 0.48779296875 0.061628760088041086 0.0283203125
0 0.6349963316214233 0.4560546875 0.061628760088041086 0.0341796875
0 0.6316947909024211 0.38916015625 0.06089508437270726 0.01953125
0 0.6384449486427 0.4257352885742188 0.6441069369038885 0.4364192080078125 0.6591274754218636 0.43457253515625 0.6672283624358034 0.41512898046875 0.6628382090975788 0.3982193588867188 0.606770296404989 0.39929900927734374 0.6093921782831988 0.42607278955078126 0.6384449486427 0.4257352885742188
0 0.6302274394717535 0.3662109375 0.06309611151870873 0.02587890625
0 0.578954376375642 0.2778417163085937 0.5975867050623624 0.2769086215820312 0.5954646977256053 0.23703996630859375 0.5320533492296405 0.2389655126953125 0.5316830645634629 0.240169728515625 0.5460204922964049 0.2669968525390625 0.578954376375642 0.2778417163085937
0 0.5674981658107117 0.370849609375 0.0491562729273661 0.02001953125
0 0.5685986793837124 0.393310546875 0.05355832721936904 0.02392578125
0 0.5715333822450477 0.418212890625 0.06089508437270726 0.033203125
0 0.5685986793837124 0.448486328125 0.052090975788701394 0.025390625
0 0.57006603081438 0.470947265625 0.05575935436537051 0.02978515625
0 0.5678650036683786 0.497802734375 0.05355832721936904 0.01953125
0 0.574101247248716 0.51904296875 0.05796038151137197 0.02587890625
0 0.574101247248716 0.602294921875 0.04842259721203228 0.029296875
0 0.5719002201027146 0.629150390625 0.05942773294203962 0.02490234375
0 0.578503301540719 0.658203125 0.058694057226705794 0.03173828125
0 0.5777696258253852 0.68603515625 0.05942773294203962 0.0234375
0 0.5766691122523845 0.813720703125 0.05355832721936904 0.0244140625
0 0.574468085106383 0.840576171875 0.06236243580337491 0.029296875
0 0.5810711665443874 0.86865234375 0.05942773294203962 0.033203125
0 0.5088041085840058 0.79052734375 0.05429200293470286 0.03271484375
0 0.5135730007336757 0.861328125 0.05135730007336757 0.0341796875
0 0.512472487160675 0.740234375 0.05649303008070433 0.02490234375
0 0.5132061628760088 0.714111328125 0.058694057226705794 0.02685546875
0 0.5154071900220103 0.654541015625 0.05796038151137197 0.0419921875
0 0.5110051357300074 0.6044921875 0.05649303008070433 0.02490234375
0 0.44900953778429936 0.58203125 0.05429200293470286 0.02783203125
0 0.44900953778429936 0.729736328125 0.05575935436537051 0.0234375
0 0.45267791636096844 0.75390625 0.05575935436537051 0.02294921875
0 0.45267791636096844 0.77734375 0.052090975788701394 0.0244140625
0 0.45267791636096844 0.80517578125 0.0491562729273661 0.02880859375
0 0.45231107850330154 0.845703125 0.058694057226705794 0.0224609375
0 0.454512105649303 0.8740234375 0.05796038151137197 0.02880859375
0 0.4501100513573001 0.2890625 0.05796038151137197 0.021484375
0 0.4479090242112986 0.31396484375 0.0652971386647102 0.02587890625
0 0.44937637564196625 0.34228515625 0.05649303008070433 0.0283203125
0 0.44240645634629494 0.391845703125 0.05135730007336757 0.02978515625
0 0.4442406456346295 0.432373046875 0.05355832721936904 0.0263671875
0 0.4486426999266324 0.48681640625 0.05942773294203962 0.0283203125
0 0.45231107850330154 0.509765625 0.04842259721203228 0.015625
0 0.44680851063829785 0.551513671875 0.055025678650036686 0.02978515625
0 0.450476889214967 0.63916015625 0.055025678650036686 0.04248046875
0 0.5047688921496698 0.30908203125 0.05062362435803375 0.03076171875
0 0.5084372707263389 0.338134765625 0.052090975788701394 0.0234375
0 0.508070432868672 0.369140625 0.061628760088041086 0.0322265625
0 0.5062362435803375 0.3935546875 0.05355832721936904 0.01513671875
0 0.5062362435803375 0.41650390625 0.06309611151870873 0.02685546875
0 0.5062362435803375 0.4404296875 0.061628760088041086 0.02099609375
0 0.5066030814380044 0.46484375 0.055025678650036686 0.02734375
0 0.5084372707263389 0.4931640625 0.05282465150403522 0.029296875
0 0.5084372707263389 0.52197265625 0.05135730007336757 0.02490234375
0 0.5095377842993397 0.54833984375 0.05649303008070433 0.0263671875
0 0.5106382978723404 0.5771484375 0.052090975788701394 0.0263671875
0 0.20469552457813647 0.80419921875 0.05135730007336757 0.0400390625
1 0.8488628026412326 0.88427734375 0.016140865737344093 0.03173828125
1 0.8506969919295672 0.84228515625 0.02347762289068232 0.02587890625
1 0.8462949376375642 0.8212890625 0.016140865737344093 0.0126953125
1 0.8473954512105649 0.7783203125 0.015407190022010272 0.0185546875
1 0.8495964783565664 0.7529296875 0.016140865737344093 0.029296875
1 0.8525311812179017 0.688720703125 0.02127659574468085 0.01953125
1 0.8503301540719003 0.640869140625 0.022743947175348497 0.0302734375
1 0.8481291269258987 0.587646484375 0.013206162876008804 0.0224609375
1 0.8473954512105649 0.529052734375 0.019809244314013204 0.02978515625
1 0.8503301540719003 0.470458984375 0.022010271460014674 0.02294921875
1 0.8451944240645635 0.4453125 0.019075568598679385 0.0224609375
1 0.8415260454878943 0.39306640625 0.019809244314013204 0.02685546875
1 0.8400586940572267 0.3564453125 0.016874541452677916 0.0302734375
1 0.8448275862068966 0.322998046875 0.022743947175348497 0.0244140625
1 0.8415260454878943 0.30126953125 0.018341892883345562 0.0126953125
1 0.8422597212032281 0.28076171875 0.016140865737344093 0.02001953125
1 0.8426265590608951 0.25341796875 0.012472487160674981 0.03076171875
1 0.6522377109317682 0.251220703125 0.022010271460014674 0.0263671875
1 0.5858400586940572 0.25732421875 0.020542920029347028 0.03759765625
1 0.6537050623624358 0.280029296875 0.016140865737344093 0.02685546875
1 0.6544387380777696 0.306396484375 0.022010271460014674 0.02001953125
1 0.7248716067498165 0.358154296875 0.019075568598679385 0.03466796875
1 0.7219369038884813 0.386474609375 0.013939838591342627 0.025390625
1 0.7204695524578136 0.408935546875 0.01760821716801174 0.0166015625
1 0.723037417461482 0.434814453125 0.02641232575201761 0.02978515625
1 0.6493030080704328 0.338134765625 0.019075568598679385 0.02587890625
1 0.6518708730741013 0.366455078125 0.018341892883345562 0.02392578125
1 0.6500366837857667 0.388916015625 0.014673514306676448 0.015625
1 0.6551724137931034 0.416748046875 0.024944974321349962 0.03369140625
1 0.6533382245047689 0.456298828125 0.02347762289068232 0.03369140625
1 0.648936170212766 0.483642578125 0.02127659574468085 0.01904296875
1 0.7204695524578136 0.464599609375 0.020542920029347028 0.02490234375
1 0.7182685253118122 0.5029296875 0.020542920029347028 0.0498046875
1 0.7215700660308144 0.541259765625 0.016874541452677916 0.021484375
1 0.719369038884813 0.56884765625 0.016874541452677916 0.0283203125
1 0.586940572267058 0.470703125 0.01760821716801174 0.029296875
1 0.586940572267058 0.44384765625 0.018341892883345562 0.015625
1 0.5898752751283932 0.41650390625 0.022010271460014674 0.0302734375
1 0.586940572267058 0.3896484375 0.016874541452677916 0.01611328125
1 0.5836390315480557 0.36865234375 0.016140865737344093 0.015625
1 0.520909757887014 0.308349609375 0.018341892883345562 0.0283203125
1 0.5231107850330154 0.338623046875 0.01760821716801174 0.0244140625
1 0.5256786500366838 0.367919921875 0.020542920029347028 0.0322265625
1 0.524578136463683 0.393310546875 0.018341892883345562 0.0126953125
1 0.5238444607483492 0.416259765625 0.020542920029347028 0.02783203125
1 0.5260454878943507 0.441162109375 0.016874541452677916 0.0166015625
1 0.5278796771826852 0.463134765625 0.02641232575201761 0.02685546875
1 0.5234776228906823 0.490966796875 0.019809244314013204 0.0263671875
1 0.5260454878943507 0.522216796875 0.01760821716801174 0.02197265625
1 0.5902421129860601 0.51953125 0.02127659574468085 0.0244140625
1 0.5876742479823918 0.49560546875 0.014673514306676448 0.015625
1 0.5880410858400587 0.60107421875 0.020542920029347028 0.02783203125
1 0.5880410858400587 0.626953125 0.013939838591342627 0.0185546875
1 0.5939104915627292 0.6591796875 0.024944974321349962 0.02978515625
1 0.6573734409391049 0.614013671875 0.019809244314013204 0.02392578125
1 0.6573734409391049 0.586181640625 0.024944974321349962 0.0244140625
1 0.7201027146001467 0.59912109375 0.01760821716801174 0.0283203125
1 0.6551724137931034 0.558837890625 0.016874541452677916 0.01611328125
1 0.6515040352164343 0.532958984375 0.022743947175348497 0.0283203125
1 0.6595744680851063 0.661865234375 0.01760821716801174 0.0234375
1 0.6625091709464417 0.68798828125 0.03008070432868672 0.03369140625
1 0.6573734409391049 0.754150390625 0.02347762289068232 0.03759765625
1 0.657006603081438 0.798095703125 0.019809244314013204 0.02783203125
1 0.5308143800440206 0.712158203125 0.020542920029347028 0.021484375
1 0.5946441672780631 0.68701171875 0.022743947175348497 0.02099609375
1 0.5293470286133529 0.656005859375 0.019809244314013204 0.04541015625
1 0.5275128393250184 0.605712890625 0.019809244314013204 0.0234375
1 0.528980190755686 0.576904296875 0.02127659574468085 0.02685546875
1 0.5275128393250184 0.549072265625 0.02127659574468085 0.02490234375
1 0.4713866471019809 0.258544921875 0.020542920029347028 0.0361328125
1 0.3987527512839325 0.266845703125 0.019075568598679385 0.0546875
1 0.4684519442406456 0.288818359375 0.019075568598679385 0.02099609375
1 0.4640498899486427 0.3427734375 0.02347762289068232 0.02685546875
1 0.46625091709464417 0.314208984375 0.01760821716801174 0.025390625
1 0.4600146735143067 0.3916015625 0.011005135730007337 0.021484375
1 0.4611151870873074 0.43212890625 0.015407190022010272 0.0263671875
1 0.40242112986060163 0.378173828125 0.016874541452677916 0.03173828125
1 0.4002201027146001 0.324462890625 0.016874541452677916 0.02685546875
1 0.34262655906089506 0.299072265625 0.022743947175348497 0.03173828125
1 0.27953044754218637 0.27734375 0.019809244314013204 0.0302734375
1 0.27879677182685253 0.24951171875 0.018341892883345562 0.0166015625
1 0.20983125458547322 0.25439453125 0.019809244314013204 0.02685546875
1 0.2094644167278063 0.2890625 0.018341892883345562 0.03564453125
1 0.21093176815847395 0.3203125 0.01760821716801174 0.02490234375
1 0.2751283932501834 0.312255859375 0.020542920029347028 0.02783203125
1 0.2773294203961849 0.33740234375 0.020542920029347028 0.0205078125
1 0.2765957446808511 0.361572265625 0.016140865737344093 0.02099609375
1 0.2743947175348496 0.382568359375 0.014673514306676448 0.01513671875
1 0.338958180484226 0.36279296875 0.019075568598679385 0.03076171875
1 0.2765957446808511 0.419677734375 0.02421129860601614 0.01708984375
1 0.2802641232575202 0.44677734375 0.022743947175348497 0.0361328125
1 0.3393250183418929 0.45263671875 0.020542920029347028 0.03076171875
1 0.3400586940572267 0.482421875 0.016140865737344093 0.02783203125
1 0.4046221570066031 0.454345703125 0.020542920029347028 0.01171875
1 0.4046221570066031 0.480224609375 0.019075568598679385 0.03076171875
1 0.46551724137931033 0.4833984375 0.02641232575201761 0.02685546875
1 0.46551724137931033 0.50732421875 0.014673514306676448 0.01318359375
1 0.40388848129126925 0.520263671875 0.016140865737344093 0.04296875
1 0.46515040352164344 0.552734375 0.02127659574468085 0.029296875
1 0.4057226705796038 0.561767578125 0.02127659574468085 0.0234375
1 0.4057226705796038 0.590576171875 0.020542920029347028 0.02783203125
1 0.4658840792369773 0.5791015625 0.020542920029347028 0.02490234375
1 0.4086573734409391 0.6181640625 0.02714600146735143 0.02685546875
1 0.46368305209097577 0.64013671875 0.019075568598679385 0.0390625
1 0.4086573734409391 0.64453125 0.02421129860601614 0.0244140625
1 0.41085840058694056 0.6708984375 0.022743947175348497 0.025390625
1 0.4086573734409391 0.69775390625 0.013939838591342627 0.01513671875
1 0.46881878209831257 0.7294921875 0.020542920029347028 0.01904296875
1 0.4702861335289802 0.75146484375 0.020542920029347028 0.017578125
1 0.471019809244314 0.77685546875 0.019075568598679385 0.02490234375
1 0.528613352898019 0.738037109375 0.020542920029347028 0.0224609375
1 0.5293470286133529 0.787841796875 0.016874541452677916 0.0322265625
1 0.5920763022743947 0.8134765625 0.020542920029347028 0.0224609375
1 0.6548055759354365 0.827880859375 0.019809244314013204 0.025390625
1 0.5957446808510638 0.83984375 0.02421129860601614 0.0283203125
1 0.6577402787967719 0.855224609375 0.019075568598679385 0.0185546875
1 0.661041819515774 0.886474609375 0.019809244314013204 0.03857421875
1 0.5986793837123991 0.8701171875 0.02421129860601614 0.0322265625
1 0.5275128393250184 0.861083984375 0.022010271460014674 0.0361328125
1 0.4699192956713133 0.84619140625 0.022010271460014674 0.0224609375
1 0.4713866471019809 0.8759765625 0.019809244314013204 0.03173828125
1 0.40792369772560527 0.843017578125 0.02421129860601614 0.03125
1 0.40939104915627295 0.803955078125 0.020542920029347028 0.02685546875
1 0.4104915627292737 0.77294921875 0.01760821716801174 0.029296875
1 0.4053558327219369 0.740478515625 0.016140865737344093 0.03076171875
1 0.47175348495964786 0.8056640625 0.013939838591342627 0.02880859375
1 0.15150403521643432 0.2646484375 0.01760821716801174 0.02978515625
1 0.14856933235509906 0.315673828125 0.018341892883345562 0.03369140625
1 0.1533382245047689 0.36083984375 0.022010271460014674 0.0302734375
1 0.2123991195891416 0.37744140625 0.020542920029347028 0.0361328125
1 0.15113719735876743 0.441162109375 0.013939838591342627 0.01904296875
1 0.21349963316214232 0.44482421875 0.015407190022010272 0.02392578125
1 0.2193690388848129 0.473876953125 0.02347762289068232 0.03125
1 0.21716801173881145 0.502197265625 0.016140865737344093 0.0244140625
1 0.21496698459280997 0.529296875 0.019809244314013204 0.02734375
1 0.2806309611151871 0.509765625 0.022743947175348497 0.0263671875
1 0.2780630961115187 0.535888671875 0.014673514306676448 0.0234375
1 0.3418928833455613 0.52783203125 0.02421129860601614 0.02685546875
1 0.33822450476889215 0.55419921875 0.016874541452677916 0.025390625
1 0.3437270726338958 0.575927734375 0.018341892883345562 0.0146484375
1 0.3466617754952311 0.601806640625 0.022010271460014674 0.02197265625
1 0.34519442406456347 0.654541015625 0.019809244314013204 0.0263671875
1 0.27879677182685253 0.640380859375 0.016874541452677916 0.01171875
1 0.28576669112252384 0.6611328125 0.02127659574468085 0.0283203125
1 0.28283198826118855 0.7041015625 0.01760821716801174 0.02587890625
1 0.3503301540719002 0.707275390625 0.02714600146735143 0.02734375
1 0.3503301540719002 0.733154296875 0.02714600146735143 0.02734375
1 0.28686720469552457 0.73046875 0.02641232575201761 0.025390625
1 0.2839325018341893 0.78173828125 0.02127659574468085 0.033203125
1 0.3488628026412326 0.772216796875 0.02421129860601614 0.033203125
1 0.3466617754952311 0.798095703125 0.019809244314013204 0.0185546875
1 0.3517975055025679 0.820556640625 0.02421129860601614 0.0224609375
1 0.28283198826118855 0.855224609375 0.01760821716801174 0.0244140625
1 0.2215700660308144 0.862548828125 0.015407190022010272 0.02392578125
1 0.1537050623624358 0.845458984375 0.019809244314013204 0.04736328125
1 0.21900220102714602 0.908203125 0.018341892883345562 0.0166015625
1 0.21790168745414526 0.8056640625 0.019075568598679385 0.04150390625
1 0.15223771093176816 0.774658203125 0.018341892883345562 0.02685546875
1 0.15627292736610418 0.806884765625 0.025678650036683785 0.02783203125
1 0.22046955245781363 0.684814453125 0.02127659574468085 0.02587890625
1 0.1573734409391049 0.64990234375 0.02347762289068232 0.03125
1 0.21753484959647837 0.62890625 0.019809244314013204 0.0361328125
1 0.21900220102714602 0.598388671875 0.02641232575201761 0.01904296875
1 0.15407190022010273 0.613037109375 0.025678650036683785 0.0263671875
1 0.15627292736610418 0.58251953125 0.025678650036683785 0.03173828125
1 0.15407190022010273 0.552734375 0.019809244314013204 0.02197265625