0 0.1318359375 0.2525494901019796 0.0322265625 0.027594481103779243
0 0.1328125 0.2861427714457109 0.03271484375 0.03239352129574085
0 0.1318359375 0.3167366526694661 0.033203125 0.022195560887822437
0 0.1337890625 0.34553089382123575 0.03759765625 0.026394721055788842
0 0.13232421875 0.36892621475704857 0.03515625 0.01919616076784643
0 0.09912109375 0.38392321535692864 0.03173828125 0.026994601079784044
0 0.1005859375 0.3395320935812837 0.0283203125 0.03539292141571686
0 0.1015625 0.28854229154169164 0.0263671875 0.03419316136772645
0 0.10205078125 0.2543491301739652 0.02490234375 0.029994001199760048
0 0.5927734375 0.5248950209958009 0.03125 0.01979604079184163
0 0.59326171875 0.5458908218356329 0.0283203125 0.016796640671865627
0 0.59375 0.5674865026994601 0.0263671875 0.020995800839832032
0 0.564453125 0.5578884223155369 0.02392578125 0.02519496100779844
0 0.564453125 0.584883023395321 0.0283203125 0.027594481103779243
0 0.56396484375 0.611877624475105 0.02587890625 0.022195560887822437
0 0.564453125 0.6364727054589082 0.029296875 0.026394721055788842
0 0.5634765625 0.6760647870425914 0.02685546875 0.02399520095980804
0 0.849609375 0.3809238152369526 0.0263671875 0.02459508098380324
0 0.8515625 0.4097180563887223 0.02685546875 0.028794241151769647
0 0.8358121640625 0.44094897000599875 0.8507190317382812 0.43957599040191964 0.8540730825195313 0.45239051649670065 0.863017208984375 0.45284817036592684 0.8674892578125 0.43545705038992205 0.8551911088867188 0.42676151709658067 0.8499736997070313 0.4203542189562088 0.833152701171875 0.4191144151169766 0.8358121640625 0.44094897000599875
0 0.8212890625 0.4325134973005399 0.0244140625 0.03059388122375525
0 0.82470703125 0.4673065386922616 0.03125 0.023395320935812838
1 0.14208984375 0.2483503299340132 0.00927734375 0.016796640671865627
1 0.1083984375 0.2549490101979604 0.009765625 0.02579484103179364
1 0.1083984375 0.28854229154169164 0.0087890625 0.03059388122375525
1 0.1435546875 0.28494301139772044 0.01171875 0.03059388122375525
1 0.1416015625 0.3155368926214757 0.01025390625 0.017996400719856028
1 0.14404296875 0.34613077384523094 0.0107421875 0.027594481103779243
1 0.14306640625 0.370125974805039 0.009765625 0.015596880623875225
1 0.11181640625 0.385122975404919 0.0126953125 0.016796640671865627
1 0.10888671875 0.33893221355728853 0.01123046875 0.032993401319736056
1 0.60205078125 0.525494901019796 0.00927734375 0.016196760647870425
1 0.6015625 0.5458908218356329 0.00732421875 0.015596880623875225
1 0.60107421875 0.5662867426514697 0.00732421875 0.01859628074385123
1 0.57275390625 0.5578884223155369 0.0078125 0.02519496100779844
1 0.572265625 0.5836832633473306 0.01025390625 0.02519496100779844
1 0.56884765625 0.608878224355129 0.0087890625 0.014997000599880024
1 0.572265625 0.6340731853629274 0.00927734375 0.015596880623875225
1 0.56982421875 0.674865026994601 0.00830078125 0.023395320935812838
1 0.85888671875 0.4427114577084583 0.00830078125 0.026394721055788842
1 0.8330078125 0.46790641871625677 0.0126953125 0.021595680863827234
1 0.83056640625 0.4337132573485303 0.00634765625 0.028194361127774445
1 0.85986328125 0.4097180563887223 0.01025390625 0.029994001199760048
1 0.85986328125 0.3815236952609478 0.0087890625 0.022195560887822437