0 0.80126953125 0.1862446743761412 0.0205078125 0.01582471089470481
0 0.802734375 0.209373097991479 0.01904296875 0.02982349360925137
0 0.80224609375 0.25441265976871574 0.0185546875 0.02982349360925137
0 0.803466796875 0.278149726110773 0.02197265625 0.02251978088861838
0 0.63134765625 0.28697504564820453 0.02099609375 0.0310407790626902
0 0.630859375 0.26141205112598903 0.02099609375 0.018867924528301886
0 0.334228515625 0.1978088861838101 0.021484375 0.023737066342057214
0 0.298583984375 0.2057212416311625 0.02001953125 0.021911138161898967
0 0.124267578125 0.21576384662203288 0.0166015625 0.01399878271454656
0 0.124755859375 0.23706634205721241 0.01904296875 0.02678027997565429
1 0.809814453125 0.2744978697504565 0.0068359375 0.019476567255021303
1 0.80810546875 0.25015216068167984 0.0068359375 0.017650639074863056
1 0.8076171875 0.20998174071819842 0.00830078125 0.02678027997565429
1 0.806640625 0.1862446743761412 0.00634765625 0.013390139987827145
1 0.63427734375 0.25745587340231285 0.0078125 0.010955569080949483
1 0.63525390625 0.28119293974437004 0.0087890625 0.02008520998174072
1 0.342041015625 0.19872185027388922 0.0068359375 0.023128423615337797
1 0.305419921875 0.20511259890444308 0.005859375 0.02008520998174072
1 0.130126953125 0.21424223980523432 0.005859375 0.010955569080949483
1 0.131103515625 0.23676202069385271 0.005859375 0.02556299452221546