0 0.8777231201686577 0.16023448949682462 0.06816584680252986 0.04396678065461651
0 0.8805340829234013 0.19980459208597948 0.06184118060435699 0.0361504640937958
0 0.8798313422347154 0.23644357596482657 0.06394940267041462 0.03712750366389839
0 0.8847505270555165 0.26917440156326333 0.06324666198172874 0.02247191011235955
0 0.8854532677442024 0.29311187103077674 0.060435699226985246 0.02784562774792379
0 0.8854532677442024 0.3160723009281876 0.06535488404778636 0.02051783097215437
0 0.8854532677442024 0.34684904738641914 0.06535488404778636 0.04689789936492428
0 0.7702037947997189 0.27699071812408405 0.03724525650035137 0.01612115290669272
0 0.7702037947997189 0.2530532486565706 0.03935347856640899 0.03224230581338544
0 0.769501054111033 0.21250610649731314 0.035839775122979624 0.020029311187103077
0 0.7709065354884048 0.189057156814851 0.036542515811665496 0.02979970688812897
0 0.7280393534785664 0.18514899853444064 0.03865073787772312 0.021983390327308255
0 0.7301475755446241 0.21104054714215925 0.03935347856640899 0.02149487054225696
0 0.6872803935347856 0.2061553492916463 0.04005621925509487 0.019540791402051783
1 0.780744905130007 0.2525647288715193 0.011243851018973999 0.030776746458231558
1 0.7814476458186929 0.27454811919882754 0.009135628952916374 0.008304836345872008
1 0.780744905130007 0.1895456765999023 0.009838369641602248 0.02882266731802638
1 0.7800421644413211 0.21250610649731314 0.010541110330288124 0.013678553981436248
1 0.7434996486296557 0.20957498778700537 0.014054813773717497 0.017586712261846604
1 0.7406886858749122 0.18612603810454323 0.009838369641602248 0.018563751831949193
1 0.6999297259311315 0.20810942843185148 0.008432888264230498 0.0180752320468979
1 0.9072382290934645 0.33512457254518807 0.014054813773717497 0.02344894968246214
1 0.9086437104708363 0.31216414264777725 0.010541110330288124 0.011235955056179775
1 0.9065354884047786 0.29115779189057156 0.011946591707659873 0.022960429897410845
1 0.9051300070274069 0.26477772349780165 0.009838369641602248 0.013190034196384953
1 0.9051300070274069 0.2335124572545188 0.010541110330288124 0.028334147532975085
1 0.9037245256500351 0.19345383488031265 0.010541110330288124 0.02247191011235955
1 0.9030217849613492 0.15534929164631167 0.014757554462403373 0.030776746458231558