0 0.9365234375 0.3215356928614277 0.0244140625 0.023395320935812838
0 0.93603515625 0.3017396520695861 0.0234375 0.01739652069586083
0 0.93505859375 0.22135572885422916 0.02294921875 0.01859628074385123
0 0.93505859375 0.2393521295740852 0.01953125 0.013197360527894421
0 0.91259765625 0.22135572885422916 0.01806640625 0.022195560887822437
0 0.87744140625 0.22075584883023394 0.013671875 0.014997000599880024
0 0.89453125 0.21835632873425315 0.017578125 0.014397120575884824
0 0.8955078125 0.23215356928614278 0.017578125 0.016196760647870425
0 0.89599609375 0.250749850029994 0.01953125 0.01919616076784643
1 0.94287109375 0.22135572885422916 0.0087890625 0.016796640671865627
1 0.9169921875 0.21835632873425315 0.00537109375 0.010197960407918417
1 0.94189453125 0.2375524895020996 0.00537109375 0.009598080383923215
1 0.94384765625 0.3005398920215957 0.00634765625 0.014997000599880024
1 0.9423828125 0.32213557288542294 0.0087890625 0.021595680863827234
1 0.90234375 0.2513497300539892 0.00439453125 0.017996400719856028
1 0.9013671875 0.23035392921415718 0.00390625 0.008398320335932814
1 0.9013671875 0.22195560887822435 0.0048828125 0.007198560287942412
1 0.88232421875 0.22075584883023394 0.00390625 0.013197360527894421