0 0.13499633162142333 0.26025390625 0.06969919295671313 0.03076171875
0 0.13646368305209097 0.31201171875 0.055025678650036686 0.033203125
0 0.1371973587674248 0.359375 0.06896551724137931 0.033203125
0 0.13426265590608952 0.43798828125 0.05429200293470286 0.0205078125
0 0.13352898019075568 0.5498046875 0.05722670579603815 0.02490234375
0 0.13573000733675716 0.5791015625 0.06309611151870873 0.03125
0 0.13573000733675716 0.607421875 0.05355832721936904 0.02734375
0 0.13426265590608952 0.6494140625 0.05649303008070433 0.03564453125
0 0.12839325018341893 0.77001953125 0.05429200293470286 0.03076171875
0 0.12912692589875274 0.8017578125 0.06603081438004402 0.0283203125
0 0.19515774027879676 0.9052734375 0.04475421863536317 0.0263671875
0 0.19442406456346295 0.8564453125 0.05135730007336757 0.0322265625
0 0.25972120322817316 0.85498046875 0.04695524578136464 0.0322265625
0 0.13879683639031548 0.867035875 0.15621593396918562 0.8663109907226563 0.16002638151137197 0.8184701010742188 0.10071930300807043 0.8165156635742188 0.10504731988261189 0.8463773090820312 0.13444207483492296 0.8471021264648437 0.13879683639031548 0.867035875
0 0.1988261188554659 0.68505859375 0.05355832721936904 0.03271484375
0 0.19809244314013205 0.625 0.05135730007336757 0.0380859375
0 0.20029347028613353 0.59716796875 0.05796038151137197 0.0205078125
0 0.202494497432135 0.52587890625 0.049889948642699924 0.0283203125
0 0.20176082171680118 0.49462890625 0.052090975788701394 0.0283203125
0 0.20542920029347028 0.47021484375 0.05355832721936904 0.03076171875
0 0.202494497432135 0.44091796875 0.05135730007336757 0.02587890625
0 0.20322817314746883 0.251953125 0.05062362435803375 0.029296875
0 0.20396184886280264 0.28564453125 0.049889948642699924 0.03564453125
0 0.20176082171680118 0.31884765625 0.05722670579603815 0.03515625
0 0.20322817314746883 0.37646484375 0.049889948642699924 0.03955078125
0 0.26338958180484223 0.25 0.05649303008070433 0.0244140625
0 0.26412325752017607 0.27587890625 0.06236243580337491 0.03173828125
0 0.26412325752017607 0.30908203125 0.05722670579603815 0.0322265625
0 0.26412325752017607 0.3349609375 0.05942773294203962 0.0234375
0 0.260454878943507 0.35986328125 0.055025678650036686 0.0244140625
0 0.26338958180484223 0.3828125 0.05355832721936904 0.02099609375
0 0.26412325752017607 0.42041015625 0.06016140865737344 0.02734375
0 0.2648569332355099 0.4453125 0.06676449009537784 0.03662109375
0 0.26705796038151136 0.50927734375 0.0491562729273661 0.0224609375
0 0.26338958180484223 0.53369140625 0.05135730007336757 0.025390625
0 0.25972120322817316 0.63818359375 0.0491562729273661 0.01171875
0 0.2619222303741746 0.65869140625 0.05429200293470286 0.025390625
0 0.2611885546588408 0.7021484375 0.05942773294203962 0.02783203125
0 0.2619222303741746 0.72607421875 0.06236243580337491 0.02685546875
0 0.2589875275128393 0.77978515625 0.05942773294203962 0.0302734375
0 0.32575201760821715 0.8173828125 0.061628760088041086 0.025390625
0 0.32575201760821715 0.79345703125 0.05575935436537051 0.02197265625
0 0.3220836390315481 0.77001953125 0.05942773294203962 0.03076171875
0 0.3294203961848863 0.7353515625 0.061628760088041086 0.03125
0 0.32575201760821715 0.607421875 0.061628760088041086 0.0361328125
0 0.32428466617754953 0.65283203125 0.05062362435803375 0.0283203125
0 0.32501834189288337 0.7060546875 0.06456346294937637 0.0234375
0 0.32134996331621424 0.5771484375 0.06236243580337491 0.02294921875
0 0.32428466617754953 0.55322265625 0.05429200293470286 0.02783203125
0 0.32868672046955244 0.525390625 0.05062362435803375 0.0302734375
0 0.3235509904622157 0.48046875 0.055025678650036686 0.02783203125
0 0.32428466617754953 0.45068359375 0.05429200293470286 0.033203125
0 0.32501834189288337 0.35888671875 0.05649303008070433 0.0302734375
0 0.3330887747615554 0.29638671875 0.04695524578136464 0.03173828125
0 0.3859134262655906 0.32568359375 0.04768892149669846 0.03369140625
0 0.39104915627292736 0.38037109375 0.05429200293470286 0.0361328125
0 0.3968174622157007 0.29406208837890624 0.41968004915627294 0.293699646484375 0.42240176889214964 0.23824770654296876 0.3620451049156273 0.2360594423828125 0.36252358107116656 0.26760461572265626 0.39409574174614825 0.26760461572265626 0.3968174622157007 0.29406208837890624
0 0.3873807776962582 0.45458984375 0.055025678650036686 0.0166015625
0 0.38811445341159206 0.478515625 0.05135730007336757 0.0283203125
0 0.38811445341159206 0.5888671875 0.058694057226705794 0.025390625
0 0.39691856199559794 0.619140625 0.058694057226705794 0.02685546875
0 0.40008354585473216 0.54339980078125 0.40933743360234776 0.54122521484375 0.4109704754218635 0.4977334970703125 0.357961889214967 0.49313415478515626 0.36742270726338955 0.5296274013671874 0.3908296581071167 0.5310771362304687 0.40008354585473216 0.54339980078125
0 0.3903154805575935 0.55908203125 0.052090975788701394 0.03271484375
0 0.39398385913426265 0.642578125 0.055025678650036686 0.0224609375
0 0.3917828319882612 0.67041015625 0.06089508437270726 0.02734375
0 0.38811445341159206 0.69873046875 0.058694057226705794 0.03125
0 0.38811445341159206 0.7412109375 0.04768892149669846 0.02978515625
0 0.3873807776962582 0.77197265625 0.052090975788701394 0.02392578125
0 0.38517975055025677 0.8017578125 0.055025678650036686 0.03125
0 0.384446074834923 0.8408203125 0.04768892149669846 0.029296875
0 0.8297872340425532 0.2568359375 0.06016140865737344 0.0302734375
0 0.8312545854732208 0.39697265625 0.05355832721936904 0.029296875
0 0.6434336023477623 0.25537109375 0.05575935436537051 0.02978515625
0 0.640498899486427 0.28271484375 0.06603081438004402 0.0302734375
0 0.640498899486427 0.3115234375 0.06603081438004402 0.02880859375
0 0.6338958180484225 0.3408203125 0.05429200293470286 0.02685546875
0 0.7043286867204696 0.357421875 0.06676449009537784 0.0361328125
0 0.6991929567131328 0.38671875 0.06676449009537784 0.0302734375
0 0.7021276595744681 0.41259765625 0.06896551724137931 0.02001953125
0 0.7050623624358033 0.4375 0.06969919295671313 0.03125
0 0.7028613352898019 0.46826171875 0.06823184152604549 0.02734375
0 0.7013939838591343 0.5068359375 0.06749816581071166 0.04541015625
0 0.6999266324284666 0.54248046875 0.06969919295671313 0.0234375
0 0.6991929567131328 0.57080078125 0.06896551724137931 0.02978515625
0 0.7021276595744681 0.60107421875 0.06749816581071166 0.02978515625
0 0.6294937637564196 0.80224609375 0.055025678650036686 0.025390625
0 0.6272927366104182 0.8310546875 0.06089508437270726 0.029296875
0 0.6287600880410859 0.86181640625 0.058694057226705794 0.029296875
0 0.6294937637564196 0.88671875 0.06382978723404255 0.0361328125
0 0.8437265876742479 0.87209505078125 0.8246744981658108 0.8713702329101563 0.8257631261922231 0.8847801572265624 0.7866995341159208 0.883365958984375 0.7860258055759354 0.9076133090820313 0.8469926713132796 0.9079757177734376 0.8437265876742479 0.87209505078125
0 0.8217168011738811 0.755859375 0.06016140865737344 0.03271484375
0 0.8246515040352165 0.78515625 0.05796038151137197 0.02587890625
0 0.8231841526045488 0.69970703125 0.0719002201027146 0.033203125
0 0.8239178283198826 0.64599609375 0.06676449009537784 0.03173828125
0 0.8275862068965517 0.59716796875 0.06016140865737344 0.03271484375
0 0.8268525311812179 0.53515625 0.07410124724871607 0.03515625
0 0.45634629493763756 0.25830078125 0.06309611151870873 0.0361328125
0 0.8290535583272194 0.28515625 0.05722670579603815 0.0244140625
0 0.8275862068965517 0.306640625 0.05942773294203962 0.015625
0 0.8312545854732208 0.32763671875 0.06016140865737344 0.029296875
0 0.8283198826118855 0.36083984375 0.06236243580337491 0.03857421875
0 0.8312545854732208 0.4501953125 0.052090975788701394 0.0263671875
0 0.8275862068965517 0.4765625 0.06823184152604549 0.029296875
0 0.8173147468818782 0.826171875 0.06016140865737344 0.0166015625
0 0.8209831254585473 0.8505859375 0.06382978723404255 0.0322265625
0 0.6309611151870873 0.75732421875 0.06896551724137931 0.0380859375
0 0.6375641966250917 0.6923828125 0.0652971386647102 0.03369140625
0 0.6360968451944241 0.6640625 0.06309611151870873 0.0224609375
0 0.6338958180484225 0.6171875 0.06309611151870873 0.03076171875
0 0.6360968451944241 0.5888671875 0.06676449009537784 0.02734375
0 0.6287600880410859 0.5634765625 0.05649303008070433 0.02197265625
0 0.6368305209097579 0.5341796875 0.05942773294203962 0.0302734375
0 0.6331621423330888 0.4892578125 0.06089508437270726 0.02783203125
0 0.6360968451944241 0.45751953125 0.06089508437270726 0.03369140625
0 0.6346294937637564 0.390625 0.06016140865737344 0.01904296875
0 0.6403713382245048 0.42735464501953124 0.6457522949376376 0.43810270166015625 0.6608189721203228 0.4364307744140625 0.6694285018341893 0.41708427294921874 0.6654824453411593 0.4001262353515625 0.6093947593543654 0.4005544892578125 0.6113141423330888 0.42735464501953124 0.6403713382245048 0.42735464501953124
0 0.6338958180484225 0.36767578125 0.06236243580337491 0.025390625
0 0.5847681027146001 0.278792611328125 0.6034220623624359 0.27807607421875 0.6023458708730741 0.23818884375 0.5388936859867939 0.23937757080078126 0.5384918789435069 0.24057730224609375 0.552123623624358 0.26756687060546874 0.5847681027146001 0.278792611328125
0 0.5707997065297139 0.37158203125 0.04842259721203228 0.01953125
0 0.5715333822450477 0.39404296875 0.05282465150403522 0.0234375
0 0.5737344093910491 0.4189453125 0.06016140865737344 0.03271484375
0 0.57006603081438 0.44921875 0.05135730007336757 0.02490234375
0 0.5707997065297139 0.4716796875 0.055025678650036686 0.029296875
0 0.5678650036683786 0.49853515625 0.05282465150403522 0.01904296875
0 0.5737344093910491 0.52001953125 0.05722670579603815 0.025390625
0 0.5715333822450477 0.60302734375 0.04768892149669846 0.02880859375
0 0.5685986793837124 0.6298828125 0.058694057226705794 0.0244140625
0 0.574468085106383 0.6591796875 0.05796038151137197 0.03125
0 0.5730007336757154 0.68701171875 0.058694057226705794 0.02294921875
0 0.5685986793837124 0.814453125 0.05282465150403522 0.02392578125
0 0.5656639765223771 0.84130859375 0.061628760088041086 0.02880859375
0 0.5715333822450477 0.86962890625 0.058694057226705794 0.03271484375
0 0.5011005135730008 0.79052734375 0.05355832721936904 0.0322265625
0 0.504035216434336 0.861328125 0.05062362435803375 0.03369140625
0 0.5062362435803375 0.740234375 0.05575935436537051 0.0244140625
0 0.5077035950110051 0.71435546875 0.05796038151137197 0.0263671875
0 0.5113719735876743 0.65478515625 0.05722670579603815 0.04150390625
0 0.5084372707263389 0.6044921875 0.05575935436537051 0.0244140625
0 0.44680851063829785 0.58154296875 0.05355832721936904 0.02734375
0 0.4431401320616288 0.72900390625 0.055025678650036686 0.02294921875
0 0.44607483492296407 0.75341796875 0.055025678650036686 0.0224609375
0 0.44534115920763023 0.77685546875 0.05135730007336757 0.02392578125
0 0.4446074834922964 0.8046875 0.04842259721203228 0.0283203125
0 0.4431401320616288 0.84521484375 0.05796038151137197 0.02197265625
0 0.4446074834922964 0.87353515625 0.05722670579603815 0.0283203125
0 0.4556126192223037 0.28857421875 0.05722670579603815 0.02099609375
0 0.45267791636096844 0.3134765625 0.06456346294937637 0.02490234375
0 0.45341159207630227 0.341796875 0.05575935436537051 0.02783203125
0 0.44534115920763023 0.39111328125 0.05062362435803375 0.029296875
0 0.44607483492296407 0.431640625 0.05282465150403522 0.02587890625
0 0.44900953778429936 0.486328125 0.058694057226705794 0.02783203125
0 0.45194424064563465 0.50927734375 0.04768892149669846 0.01513671875
0 0.44534115920763023 0.55078125 0.05429200293470286 0.029296875
0 0.44680851063829785 0.638671875 0.05429200293470286 0.0419921875
0 0.5099046221570066 0.30908203125 0.049889948642699924 0.0302734375
0 0.5128393250183418 0.33837890625 0.05135730007336757 0.02294921875
0 0.5113719735876743 0.369140625 0.06089508437270726 0.03173828125
0 0.5091709464416728 0.3935546875 0.05282465150403522 0.0146484375
0 0.5084372707263389 0.41650390625 0.06236243580337491 0.0263671875
0 0.5077035950110051 0.4404296875 0.06089508437270726 0.0205078125
0 0.5077035950110051 0.46484375 0.05429200293470286 0.02685546875
0 0.5084372707263389 0.4931640625 0.052090975788701394 0.02880859375
0 0.5077035950110051 0.52197265625 0.05062362435803375 0.0244140625
0 0.5084372707263389 0.54833984375 0.05575935436537051 0.02587890625
0 0.5084372707263389 0.5771484375 0.05135730007336757 0.02587890625
0 0.1966250917094644 0.80078125 0.05062362435803375 0.03955078125
1 0.8385913426265591 0.88818359375 0.015407190022010272 0.03173828125
1 0.8415260454878943 0.84619140625 0.022743947175348497 0.025390625
1 0.8378576669112252 0.8251953125 0.016140865737344093 0.0126953125
1 0.8400586940572267 0.7822265625 0.014673514306676448 0.0185546875
1 0.842993396918562 0.7568359375 0.015407190022010272 0.029296875
1 0.8473954512105649 0.69287109375 0.020542920029347028 0.01953125
1 0.8466617754952311 0.64501953125 0.022010271460014674 0.02978515625
1 0.8459280997798972 0.591796875 0.012472487160674981 0.0224609375
1 0.8466617754952311 0.533203125 0.019075568598679385 0.02978515625
1 0.851063829787234 0.474609375 0.02127659574468085 0.02294921875
1 0.8466617754952311 0.44921875 0.018341892883345562 0.0224609375
1 0.8444607483492297 0.39697265625 0.019075568598679385 0.02685546875
1 0.8437270726338958 0.3603515625 0.016140865737344093 0.0302734375
1 0.8495964783565664 0.3271484375 0.022010271460014674 0.02392578125
1 0.8466617754952311 0.30517578125 0.018341892883345562 0.0126953125
1 0.8481291269258987 0.28466796875 0.015407190022010272 0.02001953125
1 0.8488628026412326 0.25732421875 0.01173881144534116 0.03076171875
1 0.6588407923697726 0.2529296875 0.02127659574468085 0.0263671875
1 0.5920763022743947 0.25830078125 0.019809244314013204 0.03759765625
1 0.6595744680851063 0.28173828125 0.015407190022010272 0.02685546875
1 0.6595744680851063 0.30810546875 0.02127659574468085 0.02001953125
1 0.7285399853264857 0.36083984375 0.018341892883345562 0.03466796875
1 0.7248716067498165 0.38916015625 0.013206162876008804 0.025390625
1 0.7226705796038151 0.41162109375 0.016874541452677916 0.0166015625
1 0.7248716067498165 0.4375 0.025678650036683785 0.029296875
1 0.6537050623624358 0.33984375 0.018341892883345562 0.02587890625
1 0.6551724137931034 0.3681640625 0.01760821716801174 0.02392578125
1 0.652971386647102 0.390625 0.013939838591342627 0.015625
1 0.6573734409391049 0.41845703125 0.02421129860601614 0.033203125
1 0.6544387380777696 0.4580078125 0.022743947175348497 0.033203125
1 0.6493030080704328 0.4853515625 0.020542920029347028 0.01904296875
1 0.7212032281731474 0.46728515625 0.019809244314013204 0.02490234375
1 0.7182685253118122 0.50537109375 0.019075568598679385 0.0498046875
1 0.7204695524578136 0.5439453125 0.016140865737344093 0.021484375
1 0.7175348495964784 0.5712890625 0.016140865737344093 0.0283203125
1 0.5876742479823918 0.4716796875 0.016874541452677916 0.029296875
1 0.5884079236977257 0.44482421875 0.01760821716801174 0.015625
1 0.5920763022743947 0.41748046875 0.02127659574468085 0.0302734375
1 0.5898752751283932 0.390625 0.016140865737344093 0.01611328125
1 0.586940572267058 0.36962890625 0.015407190022010272 0.015625
1 0.5260454878943507 0.30859375 0.01760821716801174 0.0283203125
1 0.5275128393250184 0.3388671875 0.016874541452677916 0.0244140625
1 0.528980190755686 0.3681640625 0.019809244314013204 0.0322265625
1 0.5275128393250184 0.3935546875 0.018341892883345562 0.0126953125
1 0.5260454878943507 0.41650390625 0.019809244314013204 0.02783203125
1 0.5275128393250184 0.44140625 0.016140865737344093 0.0166015625
1 0.528980190755686 0.46337890625 0.025678650036683785 0.0263671875
1 0.5238444607483492 0.4912109375 0.019075568598679385 0.0263671875
1 0.5253118121790169 0.5224609375 0.016874541452677916 0.02197265625
1 0.5898752751283932 0.5205078125 0.020542920029347028 0.0244140625
1 0.5876742479823918 0.49658203125 0.013939838591342627 0.015625
1 0.5854732208363903 0.60205078125 0.019809244314013204 0.02783203125
1 0.5847395451210565 0.6279296875 0.013206162876008804 0.0185546875
1 0.5898752751283932 0.66015625 0.02421129860601614 0.029296875
1 0.6544387380777696 0.61572265625 0.019075568598679385 0.02392578125
1 0.6551724137931034 0.587890625 0.02421129860601614 0.02392578125
1 0.7175348495964784 0.6015625 0.016874541452677916 0.0283203125
1 0.6537050623624358 0.560546875 0.016140865737344093 0.01611328125
1 0.6507703595011005 0.53466796875 0.022010271460014674 0.02783203125
1 0.6551724137931034 0.66357421875 0.016874541452677916 0.0234375
1 0.6573734409391049 0.68994140625 0.029347028613352897 0.033203125
1 0.6507703595011005 0.755859375 0.022743947175348497 0.037109375
1 0.6493030080704328 0.7998046875 0.019075568598679385 0.02783203125
1 0.5253118121790169 0.71240234375 0.019809244314013204 0.021484375
1 0.5898752751283932 0.68798828125 0.022010271460014674 0.0205078125
1 0.5253118121790169 0.65625 0.018341892883345562 0.04541015625
1 0.524578136463683 0.60595703125 0.019075568598679385 0.0234375
1 0.5267791636096845 0.5771484375 0.020542920029347028 0.02685546875
1 0.5260454878943507 0.54931640625 0.020542920029347028 0.02490234375
1 0.4776228906823184 0.25830078125 0.019809244314013204 0.0361328125
1 0.40498899486427 0.265625 0.01760821716801174 0.0546875
1 0.4739545121056493 0.28857421875 0.018341892883345562 0.02099609375
1 0.46808510638297873 0.34228515625 0.022743947175348497 0.0263671875
1 0.471019809244314 0.31396484375 0.016874541452677916 0.025390625
1 0.462949376375642 0.39111328125 0.010271460014673514 0.021484375
1 0.462949376375642 0.431640625 0.014673514306676448 0.0263671875
1 0.4057226705796038 0.376953125 0.016140865737344093 0.03173828125
1 0.40498899486427 0.3232421875 0.016140865737344093 0.02685546875
1 0.34776228906823187 0.29736328125 0.022010271460014674 0.03125
1 0.28539985326485695 0.27490234375 0.019075568598679385 0.0302734375
1 0.28539985326485695 0.2470703125 0.01760821716801174 0.0166015625
1 0.2164343360234776 0.2509765625 0.019075568598679385 0.02685546875
1 0.21496698459280997 0.28564453125 0.01760821716801174 0.03564453125
1 0.2157006603081438 0.31689453125 0.016874541452677916 0.02490234375
1 0.2802641232575202 0.3095703125 0.019809244314013204 0.02783203125
1 0.2817314746881878 0.3349609375 0.019809244314013204 0.0205078125
1 0.2802641232575202 0.35888671875 0.015407190022010272 0.02099609375
1 0.2773294203961849 0.3798828125 0.013939838591342627 0.01513671875
1 0.34262655906089506 0.36083984375 0.018341892883345562 0.03076171875
1 0.27879677182685253 0.4169921875 0.02347762289068232 0.0166015625
1 0.2817314746881878 0.4443359375 0.022010271460014674 0.03564453125
1 0.3404255319148936 0.45068359375 0.019809244314013204 0.03076171875
1 0.3404255319148936 0.48046875 0.015407190022010272 0.02783203125
1 0.4057226705796038 0.453125 0.020542920029347028 0.01171875
1 0.40498899486427 0.47900390625 0.018341892883345562 0.03076171875
1 0.4658840792369773 0.48291015625 0.025678650036683785 0.0263671875
1 0.46515040352164344 0.5068359375 0.014673514306676448 0.01318359375
1 0.40352164343360236 0.51904296875 0.014673514306676448 0.04296875
1 0.46368305209097577 0.55224609375 0.020542920029347028 0.029296875
1 0.40425531914893614 0.560546875 0.020542920029347028 0.0234375
1 0.40352164343360236 0.58935546875 0.019809244314013204 0.02783203125
1 0.46368305209097577 0.57861328125 0.019809244314013204 0.02490234375
1 0.4057226705796038 0.6171875 0.02641232575201761 0.0263671875
1 0.4600146735143067 0.6396484375 0.018341892883345562 0.0390625
1 0.40498899486427 0.6435546875 0.02347762289068232 0.02392578125
1 0.40645634629493765 0.669921875 0.022010271460014674 0.02490234375
1 0.40352164343360236 0.69677734375 0.013206162876008804 0.01513671875
1 0.462949376375642 0.72900390625 0.019809244314013204 0.01904296875
1 0.46368305209097577 0.7509765625 0.019809244314013204 0.017578125
1 0.46368305209097577 0.7763671875 0.018341892883345562 0.02490234375
1 0.5223771093176816 0.73828125 0.019809244314013204 0.0224609375
1 0.5216434336023478 0.7880859375 0.016140865737344093 0.0322265625
1 0.5840058694057226 0.814453125 0.019809244314013204 0.0224609375
1 0.6463683052090976 0.82958984375 0.019075568598679385 0.025390625
1 0.586940572267058 0.8408203125 0.02347762289068232 0.02783203125
1 0.6485693323550991 0.85693359375 0.018341892883345562 0.0185546875
1 0.6507703595011005 0.88818359375 0.019075568598679385 0.03857421875
1 0.5891415994130594 0.87109375 0.02347762289068232 0.03173828125
1 0.5179750550256786 0.861328125 0.02127659574468085 0.0361328125
1 0.4607483492296405 0.845703125 0.02127659574468085 0.0224609375
1 0.4614820249449743 0.87548828125 0.019075568598679385 0.03173828125
1 0.3991195891415994 0.841796875 0.02347762289068232 0.03076171875
1 0.4013206162876009 0.802734375 0.019809244314013204 0.02685546875
1 0.40352164343360236 0.77197265625 0.016874541452677916 0.029296875
1 0.3991195891415994 0.7392578125 0.015407190022010272 0.03076171875
1 0.46368305209097577 0.80517578125 0.013206162876008804 0.02880859375
1 0.15774027879677183 0.2607421875 0.016874541452677916 0.02978515625
1 0.1533382245047689 0.3115234375 0.01760821716801174 0.03369140625
1 0.15700660308143802 0.35693359375 0.02127659574468085 0.0302734375
1 0.2157006603081438 0.3740234375 0.019809244314013204 0.0361328125
1 0.15260454878943508 0.43701171875 0.013206162876008804 0.01904296875
1 0.21496698459280997 0.44140625 0.014673514306676448 0.02392578125
1 0.22010271460014674 0.470703125 0.022743947175348497 0.03076171875
1 0.21716801173881145 0.4990234375 0.015407190022010272 0.0244140625
1 0.21423330887747616 0.52587890625 0.019075568598679385 0.02734375
1 0.2802641232575202 0.50732421875 0.022010271460014674 0.02587890625
1 0.2773294203961849 0.533203125 0.013939838591342627 0.0234375
1 0.34115920763022745 0.52587890625 0.02347762289068232 0.0263671875
1 0.3367571533382245 0.55224609375 0.016140865737344093 0.025390625
1 0.3418928833455613 0.57421875 0.01760821716801174 0.0146484375
1 0.34409391049156274 0.60009765625 0.02127659574468085 0.02197265625
1 0.34115920763022745 0.65283203125 0.019075568598679385 0.0263671875
1 0.2751283932501834 0.6376953125 0.016874541452677916 0.01171875
1 0.2817314746881878 0.65869140625 0.020542920029347028 0.0283203125
1 0.2773294203961849 0.70166015625 0.016874541452677916 0.02587890625
1 0.3448275862068966 0.70556640625 0.02641232575201761 0.02685546875
1 0.34409391049156274 0.7314453125 0.02641232575201761 0.02685546875
1 0.280997798972854 0.72802734375 0.025678650036683785 0.02490234375
1 0.2765957446808511 0.779296875 0.020542920029347028 0.033203125
1 0.3418928833455613 0.7705078125 0.02347762289068232 0.03271484375
1 0.338958180484226 0.79638671875 0.019075568598679385 0.0185546875
1 0.3433602347762289 0.81884765625 0.02347762289068232 0.02197265625
1 0.2736610418195158 0.8525390625 0.016874541452677916 0.0244140625
1 0.21203228173147468 0.859375 0.014673514306676448 0.02392578125
1 0.144534115920763 0.84130859375 0.018341892883345562 0.04736328125
1 0.20836390315480557 0.90478515625 0.01760821716801174 0.0166015625
1 0.20983125458547322 0.80224609375 0.018341892883345562 0.04150390625
1 0.14526779163609685 0.7705078125 0.01760821716801174 0.02685546875
1 0.14820249449743214 0.802734375 0.024944974321349962 0.02734375
1 0.2157006603081438 0.681640625 0.020542920029347028 0.02587890625
1 0.1533382245047689 0.64599609375 0.022743947175348497 0.03076171875
1 0.21423330887747616 0.62548828125 0.019075568598679385 0.0361328125
1 0.2164343360234776 0.59521484375 0.025678650036683785 0.0185546875
1 0.15113719735876743 0.60888671875 0.024944974321349962 0.02587890625
1 0.15407190022010273 0.57861328125 0.024944974321349962 0.03125
1 0.15260454878943508 0.548828125 0.019075568598679385 0.02197265625