0 0.967529296875 0.3146883005977797 0.0224609375 0.029888983774551667
0 0.94482421875 0.336464560204953 0.02392578125 0.029888983774551667
0 0.944580078125 0.3637916310845431 0.02490234375 0.03159692570452605
0 0.967529296875 0.36848847139197266 0.01953125 0.03159692570452605
0 0.968505859375 0.4184457728437233 0.02294921875 0.033304867634500426
0 0.96826171875 0.44961571306575576 0.02197265625 0.034158838599487616
0 0.968505859375 0.5119555935098207 0.02197265625 0.04099060631938514
0 0.9443359375 0.49701110162254486 0.02099609375 0.034158838599487616
0 0.944091796875 0.5226302305721605 0.02001953125 0.02305721605465414
0 0.9443359375 0.5789923142613151 0.025390625 0.034158838599487616
0 0.969482421875 0.569598633646456 0.0234375 0.04099060631938514
0 0.94580078125 0.6438941076003416 0.02392578125 0.030742954739538857
0 0.945556640625 0.6703672075149445 0.0234375 0.02305721605465414
0 0.96875 0.7280102476515798 0.02099609375 0.03159692570452605
0 0.945556640625 0.7164816396242528 0.02294921875 0.029035012809564473
0 0.943359375 0.748932536293766 0.0234375 0.037574722459436376
0 0.966064453125 0.8134073441502989 0.0185546875 0.036720751494449186
0 0.9453125 0.8266438941076003 0.02099609375 0.027327070879590094
0 0.946044921875 0.852263023057216 0.0244140625 0.02391118701964133
0 0.895751953125 0.7617421007685738 0.02685546875 0.04611443210930828
0 0.89404296875 0.53800170794193 0.0234375 0.034158838599487616
0 0.916259765625 0.5183603757472246 0.0244140625 0.04611443210930828
0 0.916259765625 0.46968403074295473 0.021484375 0.04013663535439795
0 0.893310546875 0.4730999146029035 0.01953125 0.04355251921434671
0 0.914306640625 0.4210076857386849 0.01953125 0.033304867634500426
0 0.893310546875 0.4252775405636208 0.0205078125 0.037574722459436376
0 0.893798828125 0.3672075149444919 0.0205078125 0.036720751494449186
0 0.916259765625 0.3748932536293766 0.02392578125 0.04355251921434671
0 0.917236328125 0.3193851409052092 0.0244140625 0.035866780529461996
0 0.89404296875 0.3373185311699402 0.02294921875 0.027327070879590094
0 0.8408203125 0.7856532877882152 0.02392578125 0.037574722459436376
0 0.866455078125 0.726729291204099 0.02294921875 0.034158838599487616
0 0.841796875 0.6934244235695987 0.021484375 0.035012809564474806
0 0.840576171875 0.6660973526900086 0.021484375 0.02305721605465414
0 0.86572265625 0.5935098206660974 0.0224609375 0.029035012809564473
0 0.865478515625 0.5610589239965841 0.0244140625 0.032450896669513236
0 0.86328125 0.4995730145175064 0.02587890625 0.04013663535439795
0 0.865234375 0.43979504696840305 0.02392578125 0.034158838599487616
0 0.86376953125 0.40649017933390263 0.02734375 0.033304867634500426
0 0.86328125 0.3484201537147737 0.021484375 0.035866780529461996
0 0.862548828125 0.31682322801024765 0.02392578125 0.030742954739538857
0 0.84130859375 0.34585824081981215 0.0205078125 0.04355251921434671
0 0.790283203125 0.8509820666097353 0.021484375 0.03159692570452605
0 0.7945536630859374 0.794177804440649 0.803461955078125 0.793905853970965 0.8032280078125 0.7497015883859949 0.77734262890625 0.7515789726729291 0.7780498491210938 0.7809108659265586 0.7914978076171875 0.7786883868488471 0.7945536630859374 0.794177804440649
0 0.7900390625 0.6818958155422715 0.0244140625 0.04184457728437233
0 0.791748046875 0.6178479931682322 0.02392578125 0.04184457728437233
0 0.813720703125 0.5789923142613151 0.02001953125 0.032450896669513236
0 0.791259765625 0.5597779675491034 0.02392578125 0.035866780529461996
0 0.813232421875 0.47224594363791633 0.02099609375 0.027327070879590094
0 0.8134765625 0.4474807856532878 0.02197265625 0.028181041844577284
0 0.790771484375 0.41716481639624253 0.02001953125 0.032450896669513236
0 0.81298828125 0.3962425277540564 0.02197265625 0.04269854824935952
0 0.7890625 0.34628522630230574 0.0224609375 0.034158838599487616
0 0.761474609375 0.31981212638770284 0.02099609375 0.037574722459436376
0 0.73583984375 0.3479931682322801 0.0224609375 0.03928266438941076
0 0.737060546875 0.41545687446626817 0.02294921875 0.02391118701964133
0 0.7373046875 0.4487617421007686 0.0224609375 0.03842869342442357
0 0.76025390625 0.45046968403074295 0.0234375 0.036720751494449186
0 0.76171875 0.4880444064901793 0.021484375 0.04099060631938514
0 0.762451171875 0.5273270708795901 0.02001953125 0.037574722459436376
0 0.738037109375 0.5290350128095644 0.02294921875 0.04269854824935952
0 0.735595703125 0.6784799316823228 0.02294921875 0.03842869342442357
0 0.736328125 0.7783945345858241 0.0263671875 0.04355251921434671
0 0.738037109375 0.8210930828351836 0.0283203125 0.0444064901793339
0 0.6875 0.8356105892399659 0.02197265625 0.030742954739538857
0 0.686767578125 0.8057216054654142 0.0234375 0.030742954739538857
0 0.708984375 0.5836891545687447 0.02294921875 0.03842869342442357
0 0.68603515625 0.5512382578992314 0.02294921875 0.034158838599487616
0 0.685546875 0.43936806148590946 0.02490234375 0.035012809564474806
0 0.684326171875 0.3847139197267293 0.02392578125 0.04099060631938514
0 0.68408203125 0.3471391972672929 0.02099609375 0.04013663535439795
0 0.707763671875 0.3633646456020495 0.025390625 0.04526046114432109
0 0.707275390625 0.32066609735269 0.02294921875 0.04099060631938514
0 0.6240234375 0.31298035866780527 0.0234375 0.03159692570452605
0 0.6220703125 0.34543125533731855 0.0234375 0.03159692570452605
0 0.62255859375 0.39496157130657555 0.02587890625 0.03928266438941076
0 0.622802734375 0.46498719043552517 0.0244140625 0.04099060631938514
0 0.599853515625 0.4735269000853971 0.02197265625 0.04526046114432109
0 0.624267578125 0.5298889837745516 0.0234375 0.034158838599487616
0 0.62353515625 0.5947907771135781 0.02734375 0.04099060631938514
0 0.624755859375 0.625533731853117 0.02197265625 0.02305721605465414
0 0.62744140625 0.7527754056362084 0.0244140625 0.04355251921434671
0 0.62841796875 0.7903501280956448 0.02392578125 0.03928266438941076
0 0.629150390625 0.8612297181895816 0.02294921875 0.032450896669513236
0 0.603759765625 0.8125533731853117 0.0224609375 0.06917164816396243
0 0.6025390625 0.7536293766011956 0.02294921875 0.036720751494449186
0 0.568115234375 0.3189581554227156 0.0185546875 0.04269854824935952
0 0.5458984375 0.3479931682322801 0.0234375 0.037574722459436376
0 0.571533203125 0.36934244235695984 0.021484375 0.027327070879590094
0 0.569091796875 0.4188727583262169 0.025390625 0.03159692570452605
0 0.5703125 0.4470538001707942 0.02197265625 0.025619128949615714
0 0.546142578125 0.4632792485055508 0.02099609375 0.037574722459436376
0 0.570556640625 0.477796754910333 0.0205078125 0.027327070879590094
0 0.54736328125 0.49743808710503845 0.02099609375 0.027327070879590094
0 0.56982421875 0.5076857386848848 0.02099609375 0.029888983774551667
0 0.548095703125 0.5281810418445773 0.02197265625 0.032450896669513236
0 0.572265625 0.558070025619129 0.02197265625 0.033304867634500426
0 0.572265625 0.5862510674637063 0.0244140625 0.028181041844577284
0 0.572509765625 0.6101622544833476 0.02392578125 0.02391118701964133
0 0.57470703125 0.6374893253629377 0.025390625 0.032450896669513236
0 0.548583984375 0.611870196413322 0.0224609375 0.03842869342442357
0 0.57421875 0.6844577284372332 0.0205078125 0.035866780529461996
0 0.57421875 0.7442356959863364 0.021484375 0.034158838599487616
0 0.5478515625 0.7536293766011956 0.0244140625 0.035012809564474806
0 0.5498046875 0.7877882152006832 0.0234375 0.035012809564474806
0 0.574462890625 0.827070879590094 0.0205078125 0.032450896669513236
0 0.574951171875 0.854397950469684 0.02392578125 0.028181041844577284
0 0.551025390625 0.856532877882152 0.02294921875 0.029888983774551667
0 0.498779296875 0.8249359521776259 0.021484375 0.04013663535439795
0 0.49951171875 0.7890691716481639 0.0234375 0.029035012809564473
0 0.521728515625 0.7681468830059778 0.02392578125 0.032450896669513236
0 0.52197265625 0.7391118701964133 0.0224609375 0.033304867634500426
0 0.520751953125 0.7092228864218617 0.02392578125 0.02305721605465414
0 0.496826171875 0.6336464560204953 0.02685546875 0.036720751494449186
0 0.49755859375 0.5986336464560205 0.0234375 0.034158838599487616
0 0.4970703125 0.5038428693424424 0.0244140625 0.037574722459436376
0 0.51904296875 0.4880444064901793 0.02734375 0.029888983774551667
0 0.4951171875 0.4594363791631085 0.01904296875 0.03842869342442357
0 0.516845703125 0.4188727583262169 0.0244140625 0.03842869342442357
0 0.49560546875 0.3552519214346712 0.0234375 0.037574722459436376
0 0.5185546875 0.356532877882152 0.021484375 0.035012809564474806
0 0.517333984375 0.3232280102476516 0.021484375 0.032450896669513236
0 0.464111328125 0.3257899231426131 0.025390625 0.04355251921434671
0 0.46826171875 0.39709649871904357 0.02490234375 0.03928266438941076
0 0.44287109375 0.46114432109308284 0.0234375 0.037574722459436376
0 0.46533203125 0.5999146029035013 0.0234375 0.04099060631938514
0 0.445068359375 0.6216908625106746 0.02880859375 0.04013663535439795
0 0.465087890625 0.6673783091374893 0.0263671875 0.04696840307429547
0 0.443115234375 0.7190435525192144 0.021484375 0.03928266438941076
0 0.443115234375 0.681468830059778 0.01806640625 0.037574722459436376
0 0.4677734375 0.7062339880444065 0.02490234375 0.028181041844577284
0 0.46923828125 0.7361229718189581 0.0224609375 0.029035012809564473
0 0.443359375 0.8539709649871904 0.0244140625 0.04782237403928266
0 0.46630859375 0.7894961571306576 0.02197265625 0.029035012809564473
0 0.31201171875 0.12083689154568744 0.0234375 0.04355251921434671
0 0.3125 0.16524338172502134 0.02490234375 0.03928266438941076
0 0.31298828125 0.2053800170794193 0.02392578125 0.035866780529461996
0 0.315185546875 0.24551665243381726 0.02392578125 0.04355251921434671
0 0.315673828125 0.29077711357813835 0.02392578125 0.03842869342442357
0 0.317138671875 0.3394534585824082 0.02587890625 0.04782237403928266
0 0.288330078125 0.2241673783091375 0.0244140625 0.035012809564474806
0 0.2890625 0.25320239111870196 0.0244140625 0.04355251921434671
0 0.29150390625 0.40606319385140904 0.02880859375 0.034158838599487616
0 0.29248046875 0.4453458582408198 0.02734375 0.04099060631938514
0 0.26611328125 0.44278394534585824 0.0263671875 0.04184457728437233
0 0.26513671875 0.4026473099914603 0.02490234375 0.032450896669513236
0 0.264404296875 0.33603757472245943 0.0283203125 0.053800170794193
0 0.263671875 0.2677198975234842 0.02783203125 0.04526046114432109
0 0.262451171875 0.22587532023911186 0.02685546875 0.03928266438941076
0 0.234619140625 0.2327070879590094 0.02685546875 0.035866780529461996
0 0.2333984375 0.16695132365499574 0.033203125 0.04184457728437233
0 0.233642578125 0.1259607173356106 0.02978515625 0.037574722459436376
0 0.20361328125 0.12339880444064902 0.02734375 0.034158838599487616
0 0.20263671875 0.16438941076003416 0.02685546875 0.04611443210930828
0 0.20458984375 0.2036720751494449 0.02880859375 0.028181041844577284
0 0.206787109375 0.22929120409906062 0.02783203125 0.030742954739538857
0 0.20849609375 0.29846285226302305 0.02734375 0.05038428693424424
0 0.23486328125 0.3471391972672929 0.0263671875 0.035866780529461996
0 0.206787109375 0.3445772843723313 0.03076171875 0.035866780529461996
0 0.208251953125 0.38727583262169085 0.03125 0.04184457728437233
0 0.23828125 0.4120409906063194 0.02490234375 0.035012809564474806
0 0.23681640625 0.446199829205807 0.029296875 0.03159692570452605
0 0.238037109375 0.482066609735269 0.02880859375 0.05038428693424424
0 0.2392578125 0.5478223740392827 0.02685546875 0.035866780529461996
0 0.20947265625 0.5461144321093083 0.02685546875 0.035866780529461996
0 0.24169921875 0.7092228864218617 0.02392578125 0.027327070879590094
0 0.2412109375 0.7365499573014518 0.02490234375 0.025619128949615714
0 0.269287109375 0.6716481639624253 0.02880859375 0.036720751494449186
0 0.269287109375 0.7143467122117848 0.02734375 0.04867634500426986
0 0.297119140625 0.6742100768573869 0.021484375 0.02305721605465414
0 0.29931640625 0.7011101622544833 0.0244140625 0.029035012809564473
0 0.297607421875 0.7280102476515798 0.0224609375 0.01964133219470538
0 0.293701171875 0.4846285226302306 0.02099609375 0.0444064901793339
0 0.266845703125 0.48719043552519214 0.0283203125 0.04013663535439795
0 0.27001953125 0.6046114432109309 0.0263671875 0.04696840307429547
0 0.150390625 0.30102476515798465 0.02880859375 0.034158838599487616
0 0.177001953125 0.2241673783091375 0.02880859375 0.04184457728437233
0 0.177001953125 0.18317677198975235 0.0263671875 0.027327070879590094
0 0.2421875 0.7980358667805295 0.03173828125 0.04355251921434671
0 0.244873046875 0.8753202391118702 0.02734375 0.03842869342442357
0 0.24365234375 0.9069171648163963 0.02490234375 0.02391118701964133
0 0.246337890625 0.9274124679760888 0.02978515625 0.027327070879590094
0 0.214111328125 0.8757472245943638 0.02685546875 0.033304867634500426
0 0.213623046875 0.6733561058923997 0.02734375 0.029888983774551667
0 0.1796875 0.4444918872758326 0.02880859375 0.035012809564474806
0 0.180908203125 0.47865072587532026 0.03076171875 0.028181041844577284
0 0.178955078125 0.5375747224594364 0.02880859375 0.037574722459436376
0 0.185302734375 0.7775405636208369 0.03076171875 0.04184457728437233
0 0.18701171875 0.8411614005123825 0.02978515625 0.029888983774551667
0 0.187255859375 0.8770281810418445 0.0283203125 0.03928266438941076
0 0.159423828125 0.9214346712211785 0.02490234375 0.037574722459436376
0 0.158203125 0.8877028181041845 0.02783203125 0.029888983774551667
0 0.1572265625 0.8432963279248505 0.0302734375 0.04013663535439795
0 0.15625 0.7485055508112725 0.03125 0.04867634500426986
0 0.154541015625 0.6767719897523484 0.0302734375 0.03928266438941076
0 0.153076171875 0.6340734415029889 0.02880859375 0.04099060631938514
0 0.151611328125 0.5853970964987191 0.02587890625 0.05209222886421862
0 0.151123046875 0.5384286934244236 0.02587890625 0.04099060631938514
0 0.15283203125 0.4965841161400512 0.0244140625 0.04611443210930828
0 0.11865234375 0.15328778821520067 0.02978515625 0.03842869342442357
0 0.118896484375 0.19171648163962426 0.02880859375 0.035012809564474806
0 0.120361328125 0.2736976942783945 0.02783203125 0.035866780529461996
0 0.122802734375 0.3300597779675491 0.03369140625 0.03842869342442357
0 0.12255859375 0.39837745516652434 0.029296875 0.04184457728437233
0 0.12451171875 0.46157130657557643 0.029296875 0.035866780529461996
0 0.123779296875 0.5247651579846285 0.029296875 0.04269854824935952
0 0.124755859375 0.5819812126387702 0.0302734375 0.03928266438941076
0 0.124755859375 0.6366353543979505 0.02587890625 0.035012809564474806
0 0.124755859375 0.6656703672075149 0.02783203125 0.029888983774551667
0 0.129638671875 0.8347566182749786 0.0234375 0.037574722459436376
0 0.12890625 0.8851409052092228 0.0263671875 0.035866780529461996
0 0.041259765625 0.8339026473099914 0.029296875 0.034158838599487616
0 0.071044921875 0.7339880444064901 0.02880859375 0.035012809564474806
0 0.0400390625 0.611870196413322 0.029296875 0.04013663535439795
0 0.068359375 0.5597779675491034 0.033203125 0.032450896669513236
0 0.0712890625 0.6024765157984628 0.0302734375 0.05038428693424424
0 0.03369140625 0.3514090520922289 0.02783203125 0.04184457728437233
0 0.064208984375 0.33432963279248507 0.03125 0.033304867634500426
0 0.06640625 0.36934244235695984 0.0302734375 0.037574722459436376
0 0.03369140625 0.2523484201537148 0.0322265625 0.03928266438941076
0 0.033447265625 0.1891545687446627 0.02734375 0.04099060631938514
0 0.08935546875 0.20196413321947054 0.0283203125 0.030742954739538857
0 0.09228515625 0.4180187873612297 0.0244140625 0.04013663535439795
0 0.091796875 0.45388556789069173 0.0263671875 0.04526046114432109
0 0.095458984375 0.5350128095644748 0.02734375 0.053800170794193
0 0.100830078125 0.7382578992314262 0.02685546875 0.027327070879590094
0 0.102294921875 0.7698548249359521 0.029296875 0.03842869342442357
0 0.067138671875 0.522203245089667 0.03076171875 0.04269854824935952
0 0.065673828125 0.4803586678052946 0.02587890625 0.036720751494449186
0 0.066650390625 0.4436379163108454 0.02392578125 0.032450896669513236
0 0.064453125 0.26857386848847137 0.02734375 0.0444064901793339
1 0.974365234375 0.3116994022203245 0.0078125 0.02305721605465414
1 0.95166015625 0.33475661827497866 0.00732421875 0.02305721605465414
1 0.951416015625 0.36464560204953034 0.00830078125 0.024765157984628524
1 0.974365234375 0.36891545687446625 0.00732421875 0.02049530315969257
1 0.976318359375 0.41588385994876176 0.0068359375 0.025619128949615714
1 0.97509765625 0.44918872758326217 0.0068359375 0.029035012809564473
1 0.974609375 0.5046968403074296 0.00830078125 0.02305721605465414
1 0.951171875 0.4995730145175064 0.00732421875 0.029888983774551667
1 0.950927734375 0.5234842015371477 0.00634765625 0.011101622544833475
1 0.951416015625 0.5772843723313408 0.0087890625 0.029888983774551667
1 0.976318359375 0.5704526046114432 0.0068359375 0.029888983774551667
1 0.95263671875 0.64133219470538 0.00732421875 0.026473099914602904
1 0.952392578125 0.667805294619983 0.009765625 0.015371477369769428
1 0.973388671875 0.7241673783091375 0.00927734375 0.025619128949615714
1 0.951904296875 0.71733561058924 0.0078125 0.02391118701964133
1 0.95166015625 0.7472245943637916 0.00732421875 0.028181041844577284
1 0.973388671875 0.8129803586678053 0.00537109375 0.03159692570452605
1 0.95166015625 0.8249359521776259 0.00634765625 0.02391118701964133
1 0.951416015625 0.8505550811272417 0.00732421875 0.018787361229718188
1 0.902587890625 0.7613151152860803 0.01025390625 0.036720751494449186
1 0.90087890625 0.5375747224594364 0.0078125 0.029888983774551667
1 0.922607421875 0.5175064047822374 0.00830078125 0.04269854824935952
1 0.921630859375 0.47224594363791633 0.0078125 0.029035012809564473
1 0.898681640625 0.47181895815542274 0.00830078125 0.035012809564474806
1 0.898681640625 0.42485055508112723 0.00830078125 0.032450896669513236
1 0.922119140625 0.4175918018787361 0.0078125 0.018787361229718188
1 0.923095703125 0.3748932536293766 0.00732421875 0.04184457728437233
1 0.899658203125 0.36421861656703675 0.0068359375 0.02134927412467976
1 0.900390625 0.3368915456874466 0.00830078125 0.027327070879590094
1 0.923095703125 0.318531169940222 0.0107421875 0.033304867634500426
1 0.870849609375 0.31981212638770284 0.00634765625 0.018787361229718188
1 0.86962890625 0.34671221178479933 0.00634765625 0.02305721605465414
1 0.87060546875 0.4035012809564475 0.0087890625 0.015371477369769428
1 0.8701171875 0.43552519214346713 0.0068359375 0.017933390264730998
1 0.87060546875 0.4987190435525192 0.009765625 0.037574722459436376
1 0.871337890625 0.5606319385140905 0.00927734375 0.029035012809564473
1 0.87158203125 0.5930828351836037 0.009765625 0.02305721605465414
1 0.847412109375 0.6639624252775406 0.00732421875 0.02049530315969257
1 0.84619140625 0.6947053800170794 0.00830078125 0.028181041844577284
1 0.872802734375 0.7263023057216055 0.00830078125 0.030742954739538857
1 0.8486328125 0.7860802732707088 0.0078125 0.034158838599487616
1 0.8466796875 0.34543125533731855 0.00830078125 0.030742954739538857
1 0.8193359375 0.3958155422715628 0.00634765625 0.0444064901793339
1 0.796875 0.34543125533731855 0.0068359375 0.032450896669513236
1 0.797119140625 0.4180187873612297 0.00732421875 0.030742954739538857
1 0.81884765625 0.4479077711357814 0.0068359375 0.029035012809564473
1 0.820068359375 0.4726729291204099 0.005859375 0.015371477369769428
1 0.799072265625 0.558070025619129 0.0087890625 0.025619128949615714
1 0.819091796875 0.5802732707087959 0.0087890625 0.029035012809564473
1 0.798095703125 0.6169940222032451 0.0087890625 0.037574722459436376
1 0.798583984375 0.6733561058923997 0.00732421875 0.02391118701964133
1 0.798095703125 0.7707087959009393 0.0078125 0.04184457728437233
1 0.79736328125 0.8492741246797609 0.005859375 0.028181041844577284
1 0.745361328125 0.8210930828351836 0.01123046875 0.035866780529461996
1 0.74365234375 0.7801024765157984 0.0087890625 0.036720751494449186
1 0.743896484375 0.6767719897523484 0.00634765625 0.030742954739538857
1 0.744384765625 0.5298889837745516 0.00830078125 0.036720751494449186
1 0.768798828125 0.5264730999146029 0.00830078125 0.034158838599487616
1 0.76708984375 0.4880444064901793 0.01025390625 0.03842869342442357
1 0.76708984375 0.45046968403074295 0.0087890625 0.024765157984628524
1 0.744140625 0.4487617421007686 0.0068359375 0.033304867634500426
1 0.745361328125 0.41588385994876176 0.0068359375 0.013663535439795047
1 0.74267578125 0.3479931682322801 0.00634765625 0.033304867634500426
1 0.766845703125 0.3189581554227156 0.009765625 0.034158838599487616
1 0.715576171875 0.581127241673783 0.00830078125 0.030742954739538857
1 0.69287109375 0.5491033304867634 0.0087890625 0.027327070879590094
1 0.69189453125 0.4372331340734415 0.009765625 0.025619128949615714
1 0.69189453125 0.38770281810418444 0.00732421875 0.027327070879590094
1 0.68994140625 0.34500426985482496 0.00732421875 0.033304867634500426
1 0.7158203125 0.3582408198121264 0.00830078125 0.029035012809564473
1 0.714599609375 0.32066609735269 0.00830078125 0.036720751494449186
1 0.693603515625 0.8035866780529461 0.0068359375 0.024765157984628524
1 0.693359375 0.8317677198975235 0.00634765625 0.026473099914602904
1 0.634521484375 0.8595217762596071 0.0078125 0.025619128949615714
1 0.60888671875 0.8010247651579846 0.01123046875 0.04355251921434671
1 0.63525390625 0.7916310845431256 0.00830078125 0.025619128949615714
1 0.63427734375 0.7523484201537147 0.0087890625 0.03842869342442357
1 0.609375 0.7523484201537147 0.00732421875 0.02391118701964133
1 0.632080078125 0.625533731853117 0.00634765625 0.018787361229718188
1 0.6328125 0.5964987190435526 0.009765625 0.034158838599487616
1 0.631591796875 0.531596925704526 0.00634765625 0.01964133219470538
1 0.607666015625 0.47993168232280103 0.0078125 0.029035012809564473
1 0.630126953125 0.46498719043552517 0.00830078125 0.03842869342442357
1 0.63037109375 0.3932536293766012 0.00634765625 0.03928266438941076
1 0.6298828125 0.3471391972672929 0.0068359375 0.032450896669513236
1 0.630126953125 0.3155422715627669 0.01025390625 0.028181041844577284
1 0.576171875 0.30913748932536295 0.0068359375 0.017933390264730998
1 0.55419921875 0.3518360375747225 0.01123046875 0.035866780529461996
1 0.578369140625 0.36806148590947907 0.00830078125 0.02049530315969257
1 0.578369140625 0.41588385994876176 0.00927734375 0.029035012809564473
1 0.553466796875 0.4645602049530316 0.0078125 0.033304867634500426
1 0.57861328125 0.448334756618275 0.0078125 0.01964133219470538
1 0.577880859375 0.47566182749786506 0.00634765625 0.02134927412467976
1 0.5556640625 0.4918872758326217 0.00830078125 0.018787361229718188
1 0.578369140625 0.5123825789923142 0.00830078125 0.017933390264730998
1 0.555908203125 0.5209222886421861 0.009765625 0.018787361229718188
1 0.5791015625 0.555935098206661 0.00927734375 0.029035012809564473
1 0.5791015625 0.5849701110162254 0.0068359375 0.02391118701964133
1 0.55517578125 0.6080273270708796 0.0087890625 0.034158838599487616
1 0.580810546875 0.6105892399658411 0.00830078125 0.02049530315969257
1 0.579833984375 0.6310845431255337 0.00732421875 0.016225448334756618
1 0.57958984375 0.6831767719897524 0.009765625 0.032450896669513236
1 0.5810546875 0.7429547395388557 0.005859375 0.029888983774551667
1 0.55517578125 0.753202391118702 0.0087890625 0.03159692570452605
1 0.55615234375 0.7865072587532024 0.01025390625 0.033304867634500426
1 0.581298828125 0.8249359521776259 0.0068359375 0.030742954739538857
1 0.580322265625 0.8548249359521777 0.00537109375 0.02049530315969257
1 0.557373046875 0.8548249359521777 0.0078125 0.02391118701964133
1 0.505615234375 0.8155422715627668 0.0087890625 0.016225448334756618
1 0.505859375 0.7856532877882152 0.0068359375 0.017079419299743808
1 0.529541015625 0.7677198975234842 0.0087890625 0.029888983774551667
1 0.52783203125 0.735269000853971 0.00927734375 0.026473099914602904
1 0.528076171875 0.7087959009393681 0.0087890625 0.01964133219470538
1 0.504150390625 0.6285226302305722 0.009765625 0.02391118701964133
1 0.5029296875 0.5994876174210076 0.00830078125 0.024765157984628524
1 0.526611328125 0.48676345004269855 0.0078125 0.02220324508966695
1 0.50439453125 0.5046968403074296 0.00927734375 0.029035012809564473
1 0.500732421875 0.466268146883006 0.0078125 0.02134927412467976
1 0.52490234375 0.41332194705380015 0.0078125 0.02391118701964133
1 0.50244140625 0.35866780529462 0.0087890625 0.027327070879590094
1 0.52392578125 0.3484201537147737 0.0078125 0.016225448334756618
1 0.523681640625 0.32023911187019644 0.0068359375 0.029035012809564473
1 0.471435546875 0.32365499573014517 0.0078125 0.03842869342442357
1 0.47314453125 0.3962425277540564 0.0078125 0.034158838599487616
1 0.44970703125 0.45772843723313406 0.009765625 0.029035012809564473
1 0.47314453125 0.6020495303159693 0.0068359375 0.033304867634500426
1 0.450927734375 0.6216908625106746 0.009765625 0.035012809564474806
1 0.47412109375 0.659265584970111 0.00830078125 0.029035012809564473
1 0.447998046875 0.681468830059778 0.00634765625 0.035012809564474806
1 0.449951171875 0.7105038428693424 0.0078125 0.02134927412467976
1 0.475341796875 0.7096498719043552 0.00927734375 0.018787361229718188
1 0.474365234375 0.7284372331340735 0.00830078125 0.013663535439795047
1 0.47412109375 0.7882152006831767 0.00439453125 0.02049530315969257
1 0.451171875 0.8531169940222032 0.00830078125 0.0444064901793339
1 0.319580078125 0.1251067463706234 0.0078125 0.03159692570452605
1 0.31982421875 0.16609735269000853 0.00927734375 0.034158838599487616
1 0.32177734375 0.20879590093936806 0.00537109375 0.014517506404782237
1 0.322509765625 0.2403928266438941 0.00830078125 0.02134927412467976
1 0.323486328125 0.29077711357813835 0.005859375 0.032450896669513236
1 0.323974609375 0.3394534585824082 0.00732421875 0.04269854824935952
1 0.300537109375 0.4824935952177626 0.0078125 0.036720751494449186
1 0.301025390625 0.4380871050384287 0.00927734375 0.026473099914602904
1 0.30029296875 0.40478223740392827 0.0087890625 0.030742954739538857
1 0.27294921875 0.4013663535439795 0.00830078125 0.027327070879590094
1 0.274169921875 0.44150298889837747 0.01123046875 0.032450896669513236
1 0.274169921875 0.48590947907771137 0.0087890625 0.037574722459436376
1 0.27685546875 0.6046114432109309 0.00830078125 0.04696840307429547
1 0.303955078125 0.6737830913748932 0.00732421875 0.02220324508966695
1 0.30419921875 0.6994022203245089 0.00830078125 0.026473099914602904
1 0.304443359375 0.7258753202391118 0.00732421875 0.015371477369769428
1 0.2802734375 0.7028181041844578 0.009765625 0.029888983774551667
1 0.279052734375 0.6712211784799317 0.01025390625 0.030742954739538857
1 0.272705078125 0.32707087959009395 0.0087890625 0.036720751494449186
1 0.2724609375 0.2553373185311699 0.01025390625 0.02220324508966695
1 0.270751953125 0.2220324508966695 0.009765625 0.030742954739538857
1 0.295654296875 0.22672929120409907 0.00830078125 0.025619128949615714
1 0.29541015625 0.2497865072587532 0.00732421875 0.017079419299743808
1 0.2431640625 0.3475661827497865 0.0068359375 0.02305721605465414
1 0.241455078125 0.2322801024765158 0.0107421875 0.034158838599487616
1 0.24169921875 0.16567036720751493 0.0087890625 0.03928266438941076
1 0.241943359375 0.12724167378309137 0.01123046875 0.035866780529461996
1 0.2119140625 0.12126387702818105 0.0078125 0.01964133219470538
1 0.211669921875 0.14859094790777114 0.00927734375 0.013663535439795047
1 0.212890625 0.19982920580700256 0.00732421875 0.01964133219470538
1 0.215576171875 0.22715627668659266 0.00732421875 0.025619128949615714
1 0.216064453125 0.2954739538855679 0.01025390625 0.04867634500426986
1 0.216552734375 0.3441502988898377 0.01025390625 0.028181041844577284
1 0.217041015625 0.376601195559351 0.01025390625 0.02049530315969257
1 0.24462890625 0.4107600341588386 0.01025390625 0.029888983774551667
1 0.245849609375 0.4406490179333903 0.0078125 0.01964133219470538
1 0.247314453125 0.4824935952177626 0.009765625 0.04953031596925705
1 0.24658203125 0.5465414175918019 0.009765625 0.030742954739538857
1 0.24853515625 0.7070879590093937 0.00830078125 0.024765157984628524
1 0.249267578125 0.7335610589239966 0.00830078125 0.016225448334756618
1 0.25244140625 0.798462852263023 0.00830078125 0.035866780529461996
1 0.194091796875 0.7805294619982921 0.0107421875 0.029035012809564473
1 0.221923828125 0.6669513236549958 0.01025390625 0.016225448334756618
1 0.21875 0.5439795046968403 0.0107421875 0.034158838599487616
1 0.184326171875 0.1870196413321947 0.0078125 0.018787361229718188
1 0.185302734375 0.22544833475661827 0.01025390625 0.030742954739538857
1 0.16015625 0.2971818958155423 0.00634765625 0.01964133219470538
1 0.12841796875 0.1537147736976943 0.00927734375 0.033304867634500426
1 0.129150390625 0.19128949615713065 0.009765625 0.033304867634500426
1 0.1279296875 0.27284372331340734 0.00927734375 0.032450896669513236
1 0.131103515625 0.33134073441502987 0.01025390625 0.032450896669513236
1 0.132080078125 0.38941076003415886 0.01171875 0.027327070879590094
1 0.1337890625 0.46029035012809566 0.009765625 0.030742954739538857
1 0.158447265625 0.4927412467976089 0.00732421875 0.030742954739538857
1 0.190673828125 0.4748078565328779 0.009765625 0.02134927412467976
1 0.189208984375 0.44321093082835183 0.00830078125 0.033304867634500426
1 0.187744140625 0.5371477369769427 0.0087890625 0.03159692570452605
1 0.158447265625 0.5345858240819812 0.01025390625 0.035012809564474806
1 0.159423828125 0.5730145175064048 0.0068359375 0.02134927412467976
1 0.162353515625 0.6319385140905209 0.00732421875 0.032450896669513236
1 0.1640625 0.6626814688300597 0.0087890625 0.015371477369769428
1 0.1650390625 0.7438087105038429 0.0087890625 0.037574722459436376
1 0.1669921875 0.838599487617421 0.01025390625 0.030742954739538857
1 0.1953125 0.8394534585824082 0.0087890625 0.025619128949615714
1 0.195556640625 0.8770281810418445 0.00927734375 0.034158838599487616
1 0.223876953125 0.8770281810418445 0.0078125 0.027327070879590094
1 0.253173828125 0.8753202391118702 0.0087890625 0.033304867634500426
1 0.25146484375 0.9060631938514091 0.00634765625 0.017079419299743808
1 0.253173828125 0.9222886421861657 0.01171875 0.01964133219470538
1 0.166259765625 0.9214346712211785 0.009765625 0.03159692570452605
1 0.16650390625 0.8855678906917165 0.01123046875 0.026473099914602904
1 0.135986328125 0.8334756618274979 0.00830078125 0.034158838599487616
1 0.135498046875 0.8821520068317678 0.00830078125 0.028181041844577284
1 0.133544921875 0.6669513236549958 0.00634765625 0.02305721605465414
1 0.133056640625 0.6327924850555081 0.0078125 0.02305721605465414
1 0.133544921875 0.578138343296328 0.01123046875 0.032450896669513236
1 0.133056640625 0.5183603757472246 0.00830078125 0.030742954739538857
1 0.098876953125 0.20025619128949615 0.00830078125 0.027327070879590094
1 0.072265625 0.269000853970965 0.00732421875 0.04269854824935952
1 0.04345703125 0.2506404782237404 0.009765625 0.03159692570452605
1 0.040771484375 0.19171648163962426 0.00830078125 0.036720751494449186
1 0.0439453125 0.35311699402220326 0.0078125 0.037574722459436376
1 0.0751953125 0.36806148590947907 0.0126953125 0.033304867634500426
1 0.074951171875 0.33219470538001705 0.00927734375 0.028181041844577284
1 0.1005859375 0.4111870196413322 0.0087890625 0.024765157984628524
1 0.10009765625 0.45388556789069173 0.01171875 0.04269854824935952
1 0.073974609375 0.43894107600341586 0.0087890625 0.016225448334756618
1 0.073486328125 0.47566182749786506 0.009765625 0.03159692570452605
1 0.074951171875 0.5234842015371477 0.00830078125 0.03842869342442357
1 0.0771484375 0.555935098206661 0.009765625 0.025619128949615714
1 0.078125 0.601195559350982 0.01123046875 0.05123825789923143
1 0.046875 0.6063193851409052 0.0087890625 0.035866780529461996
1 0.103271484375 0.5345858240819812 0.01025390625 0.04867634500426986
1 0.079833984375 0.7318531169940222 0.01025390625 0.032450896669513236
1 0.109130859375 0.7369769427839453 0.0087890625 0.015371477369769428
1 0.10986328125 0.762596071733561 0.009765625 0.029035012809564473
1 0.050537109375 0.8351836037574722 0.01025390625 0.030742954739538857