0 0.46728515625 0.30955585464333785 0.04150390625 0.0423956931359354
0 0.4658203125 0.34858681022880217 0.0439453125 0.04845222072678331
0 0.46533203125 0.6742934051144011 0.03662109375 0.034993270524899055
0 0.46435546875 0.7146702557200538 0.0361328125 0.04172274562584118
0 0.4658203125 0.7570659488559892 0.02978515625 0.039703903095558546
0 0.4658203125 0.7934051144010767 0.02978515625 0.03095558546433378
0 0.4228515625 0.7577388963660835 0.03173828125 0.052489905787348586
0 0.42138671875 0.7092866756393001 0.03564453125 0.0477792732166891
0 0.38037109375 0.6938088829071333 0.03662109375 0.059892328398384924
0 0.41943359375 0.5639300134589502 0.04345703125 0.04508748317631225
0 0.42041015625 0.522207267833109 0.03857421875 0.0370121130551817
0 0.38232421875 0.48855989232839836 0.03076171875 0.05383580080753701
0 0.38232421875 0.4414535666218035 0.03076171875 0.03566621803499327
0 0.42578125 0.27456258411843876 0.02880859375 0.047106325706594884
0 0.42529296875 0.22207267833109018 0.03076171875 0.0531628532974428
0 0.34130859375 0.33781965006729475 0.0322265625 0.02759084791386272
0 0.341796875 0.3768506056527591 0.044921875 0.04912516823687752
0 0.259765625 0.2617765814266487 0.0380859375 0.05720053835800808
0 0.25927734375 0.21668909825033647 0.0390625 0.05114401076716016
0 0.17626953125 0.26648721399730824 0.0390625 0.04845222072678331
0 0.17626953125 0.4616419919246299 0.04150390625 0.06662180349932706
0 0.2197265625 0.6500672947510094 0.0419921875 0.06594885598923284
0 0.2158203125 0.7987886944818304 0.03662109375 0.02557200538358008
0 0.21728515625 0.8304172274562585 0.03515625 0.03230148048452221
0 0.21875 0.8667563930013459 0.0400390625 0.039703903095558546
1 0.43408203125 0.22274562584118437 0.013671875 0.0477792732166891
1 0.48046875 0.3028263795423957 0.009765625 0.03230148048452221
1 0.4794921875 0.338492597577389 0.01220703125 0.033647375504710635
1 0.4775390625 0.6722745625841184 0.01025390625 0.03028263795423957
1 0.47705078125 0.715343203230148 0.0087890625 0.03768506056527591
1 0.47509765625 0.7557200538358008 0.0087890625 0.03297442799461642
1 0.47705078125 0.7927321668909825 0.00732421875 0.026244952893674293
1 0.4326171875 0.7496635262449529 0.01220703125 0.03297442799461642
1 0.43310546875 0.7106325706594886 0.0087890625 0.031628532974428
1 0.39306640625 0.6958277254374159 0.0087890625 0.05450874831763122
1 0.435546875 0.5572005383580081 0.00927734375 0.02557200538358008
1 0.43310546875 0.5235531628532974 0.00927734375 0.03028263795423957
1 0.3916015625 0.48183041722745623 0.01025390625 0.03835800807537012
1 0.390625 0.4407806191117093 0.01025390625 0.03028263795423957
1 0.43359375 0.2651413189771198 0.00927734375 0.017496635262449527
1 0.353515625 0.36877523553162855 0.01513671875 0.024226110363391656
1 0.3515625 0.33781965006729475 0.00927734375 0.02759084791386272
1 0.2705078125 0.2510094212651413 0.01220703125 0.033647375504710635
1 0.2724609375 0.2126514131897712 0.01025390625 0.034320323014804845
1 0.1904296875 0.26379542395693134 0.01123046875 0.039703903095558546
1 0.19091796875 0.4636608344549125 0.01220703125 0.06594885598923284
1 0.23095703125 0.648721399730821 0.01513671875 0.06191117092866756
1 0.22900390625 0.797442799461642 0.0068359375 0.026917900403768506
1 0.22900390625 0.8263795423956931 0.01025390625 0.02288021534320323
1 0.22998046875 0.8559892328398385 0.015625 0.016823687752355317