0 0.859805510534846 0.10205078125 0.09562398703403566 0.04248046875
0 0.8719611021069692 0.2158203125 0.1012965964343598 0.03369140625
0 0.8776337115072933 0.39111328125 0.08914100486223663 0.0439453125
0 0.8869529983792545 0.479736328125 0.09562398703403566 0.0419921875
0 0.8942463533225283 0.593017578125 0.10777957860615883 0.04296875
0 0.9003241491085899 0.665771484375 0.09481361426256078 0.04296875
0 0.9047811993517018 0.741455078125 0.07941653160453808 0.0537109375
0 0.8310372771474879 0.8994140625 0.08833063209076175 0.03076171875
0 0.8217179902755267 0.837890625 0.08833063209076175 0.05419921875
0 0.8176661264181524 0.755859375 0.08670988654781199 0.0458984375
0 0.8148298217179902 0.715087890625 0.08265802269043761 0.0390625
0 0.796191247974068 0.488525390625 0.07698541329011345 0.04296875
0 0.7860615883306321 0.3583984375 0.07374392220421394 0.03955078125
0 0.7872771474878444 0.31884765625 0.08346839546191248 0.0419921875
0 0.7836304700162074 0.2802734375 0.09076175040518639 0.03759765625
0 0.6952998379254457 0.196533203125 0.08752025931928688 0.04150390625
0 0.6912479740680713 0.16357421875 0.08346839546191248 0.03076171875
0 0.6085899513776337 0.139892578125 0.08184764991896272 0.0439453125
0 0.6303508063209076 0.26737375 0.6568128500810373 0.26629694140625 0.6534129675850892 0.2099055498046875 0.5727073695299838 0.2104372353515625 0.5715978176661265 0.251223228515625 0.6237084124797406 0.25147366015625 0.6303508063209076 0.26737375
0 0.6989465153970826 0.321044921875 0.08427876823338736 0.044921875
0 0.7252836304700162 0.57958984375 0.07698541329011345 0.05419921875
0 0.4683954619124797 0.661865234375 0.08833063209076175 0.03857421875
0 0.5530794165316045 0.6015625 0.07698541329011345 0.04296875
0 0.6385737439222042 0.728515625 0.08184764991896272 0.0390625
0 0.643030794165316 0.76416015625 0.08184764991896272 0.03369140625
0 0.7273095623987034 0.73583984375 0.0940032414910859 0.04052734375
0 0.7374392220421394 0.8603515625 0.07455429497568881 0.04443359375
0 0.4801458670988655 0.904541015625 0.08265802269043761 0.0380859375
0 0.4752836304700162 0.743896484375 0.08265802269043761 0.0390625
0 0.5291734197730956 0.308837890625 0.08589951377633712 0.0390625
0 0.609805510534846 0.176025390625 0.07293354943273905 0.03076171875
0 0.4343598055105348 0.157958984375 0.07860615883306321 0.04052734375
0 0.43841166936790926 0.11328125 0.07698541329011345 0.04443359375
0 0.45786061588330634 0.44140625 0.09076175040518639 0.04296875
0 0.039303079416531606 0.1201171875 0.05834683954619125 0.03759765625
0 0.03970826580226904 0.16357421875 0.055105348460291734 0.04345703125
0 0.07214602431118314 0.37559362353515624 0.08575276175040518 0.3530495146484375 0.07111656158833063 0.3102248134765625 0.02378901620745543 0.30934646630859375 0.02516181685575365 0.34977962255859374 0.052854059157212314 0.3510512329101563 0.07214602431118314 0.37559362353515624
0 0.026497927066450568 0.440650587890625 0.0830954059967585 0.44031581640625 0.08171292787682334 0.4075103076171875 0.022057918962722852 0.406235556640625 0.026497927066450568 0.440650587890625
0 0.08094304132901134 0.44059893798828126 0.02436084764991896 0.44097548388671876 0.023049591572123176 0.44094733984375 0.025841175040518638 0.47764520068359373 0.07607956482982171 0.48154489599609374 0.08094304132901134 0.44059893798828126
0 0.07042493922204214 0.6009671982421875 0.09009807536466775 0.6088350708007813 0.08778778687196111 0.5440007006835937 0.033884551053484604 0.54594898046875 0.03826401053484603 0.5796858979492188 0.062492828200972454 0.5807334501953125 0.07042493922204214 0.6009671982421875
0 0.06604538087520259 0.633544921875 0.060777957860615885 0.029296875
0 0.06807131280388978 0.666748046875 0.06239870340356564 0.0390625
0 0.0733387358184765 0.820068359375 0.060777957860615885 0.0341796875
0 0.07495948136142626 0.850341796875 0.06239870340356564 0.02880859375
0 0.07820097244732577 0.88232421875 0.05915721231766612 0.03857421875
0 0.08184764991896272 0.9189453125 0.055915721231766614 0.03564453125
0 0.2240680713128039 0.8505859375 0.08346839546191248 0.04345703125
0 0.2994327390599676 0.764892578125 0.08914100486223663 0.04052734375
0 0.30105348460291737 0.796142578125 0.09319286871961102 0.02587890625
0 0.31523500810372773 0.89013671875 0.08346839546191248 0.03759765625
0 0.22042139384116693 0.72900390625 0.07293354943273905 0.03125
0 0.21677471636953 0.595703125 0.08914100486223663 0.04736328125
0 0.20826580226904376 0.553955078125 0.07698541329011345 0.03662109375
0 0.19975688816855752 0.342529296875 0.09238249594813615 0.0400390625
0 0.11831442463533225 0.27294921875 0.08833063209076175 0.0400390625
0 0.10210696920583469 0.172119140625 0.07374392220421394 0.0380859375
0 0.3573743922204214 0.2470703125 0.08833063209076175 0.0419921875
0 0.3585899513776337 0.28955078125 0.08508914100486224 0.04345703125
0 0.4461102106969206 0.2880859375 0.07455429497568881 0.04345703125
0 0.44692058346839547 0.23046875 0.06969205834683954 0.037109375
0 0.4392220421393841 0.1953125 0.07698541329011345 0.0341796875
0 0.30226904376012964 0.610595703125 0.0753646677471637 0.0380859375
0 0.2965964343598055 0.551025390625 0.08103727714748785 0.03955078125
0 0.29294975688816854 0.512451171875 0.07860615883306321 0.03369140625
0 0.12317666126418152 0.4208984375 0.07293354943273905 0.04296875
0 0.46434359805510533 0.5068359375 0.0713128038897893 0.037109375
1 0.8881685575364667 0.102783203125 0.028363047001620744 0.03955078125
1 0.8970826580226904 0.214599609375 0.03970826580226904 0.03466796875
1 0.9043760129659644 0.387939453125 0.02593192868719611 0.03955078125
1 0.9136952998379254 0.47998046875 0.031604538087520256 0.03955078125
1 0.9250405186385737 0.58984375 0.03808752025931929 0.03759765625
1 0.9254457050243112 0.6640625 0.03484602917341977 0.0361328125
1 0.9290923824959482 0.73876953125 0.02674230145867099 0.04736328125
1 0.8561588330632091 0.900634765625 0.031604538087520256 0.02587890625
1 0.8508914100486223 0.838134765625 0.03646677471636953 0.0556640625
1 0.7585089141004863 0.858642578125 0.029173419773095625 0.04150390625
1 0.8452188006482982 0.746337890625 0.02674230145867099 0.0283203125
1 0.8407617504051864 0.714599609375 0.03241491085899514 0.037109375
1 0.7589141004862237 0.734130859375 0.029173419773095625 0.03857421875
1 0.6685575364667747 0.727783203125 0.023500810372771474 0.03369140625
1 0.6689627228525121 0.760986328125 0.027552674230145867 0.02099609375
1 0.4947325769854133 0.744140625 0.03808752025931929 0.03564453125
1 0.4947325769854133 0.66015625 0.031604538087520256 0.03271484375
1 0.5782009724473258 0.600830078125 0.02593192868719611 0.03955078125
1 0.747163695299838 0.579345703125 0.031604538087520256 0.04052734375
1 0.8249594813614263 0.49169921875 0.02188006482982172 0.037109375
1 0.813614262560778 0.3525390625 0.02025931928687196 0.02294921875
1 0.8115883306320908 0.31494140625 0.03484602917341977 0.03564453125
1 0.8111831442463533 0.27880859375 0.03565640194489465 0.03466796875
1 0.7212317666126418 0.19287109375 0.03403565640194489 0.029296875
1 0.7163695299837926 0.16064453125 0.03484602917341977 0.0263671875
1 0.45948136142625606 0.114501953125 0.029173419773095625 0.0380859375
1 0.4574554294975689 0.15380859375 0.025121555915721232 0.02294921875
1 0.46353322528363045 0.193603515625 0.024311183144246355 0.03369140625
1 0.4683954619124797 0.227294921875 0.029173419773095625 0.03271484375
1 0.47042139384116693 0.289306640625 0.024311183144246355 0.0283203125
1 0.553484602917342 0.30712890625 0.03565640194489465 0.03173828125
1 0.38695299837925445 0.287841796875 0.02593192868719611 0.03857421875
1 0.3824959481361426 0.249755859375 0.027552674230145867 0.03369140625
1 0.4846029173419773 0.442138671875 0.031604538087520256 0.03564453125
1 0.4862236628849271 0.499755859375 0.02106969205834684 0.02294921875
1 0.3326580226904376 0.796630859375 0.029173419773095625 0.025390625
1 0.3310372771474878 0.764892578125 0.023500810372771474 0.03564453125
1 0.3379254457050243 0.891845703125 0.03484602917341977 0.03173828125
1 0.25 0.850341796875 0.029173419773095625 0.03759765625
1 0.24311183144246354 0.721435546875 0.024311183144246355 0.0166015625
1 0.3249594813614263 0.607421875 0.03079416531604538 0.03125
1 0.3209076175040519 0.55029296875 0.029173419773095625 0.0361328125
1 0.31969205834683956 0.51171875 0.02674230145867099 0.0322265625
1 0.22974068071312803 0.3427734375 0.028363047001620744 0.033203125
1 0.14222042139384117 0.270263671875 0.03808752025931929 0.02490234375
1 0.12560777957860617 0.16748046875 0.022690437601296597 0.02783203125
1 0.05632090761750405 0.157958984375 0.02025931928687196 0.03125
1 0.053889789303079416 0.118408203125 0.022690437601296597 0.03466796875
1 0.06766612641815235 0.343994140625 0.02674230145867099 0.052734375
1 0.06969205834683954 0.42431640625 0.02025931928687196 0.0302734375
1 0.07050243111831442 0.451171875 0.02025931928687196 0.021484375
1 0.07901134521880065 0.57568359375 0.02674230145867099 0.0615234375
1 0.08306320907617504 0.63427734375 0.024311183144246355 0.02490234375
1 0.08508914100486224 0.66748046875 0.03079416531604538 0.0390625
1 0.09359805510534847 0.8203125 0.01620745542949757 0.03076171875
1 0.0960291734197731 0.85009765625 0.01539708265802269 0.02685546875
1 0.0960291734197731 0.8828125 0.022690437601296597 0.0361328125
1 0.10048622366288493 0.915771484375 0.02106969205834684 0.0283203125
1 0.5052674230145867 0.904296875 0.024311183144246355 0.0361328125
1 0.13776337115072934 0.416015625 0.03808752025931929 0.03173828125
1 0.7273095623987034 0.32275390625 0.028363047001620744 0.03857421875
1 0.6405996758508914 0.23828125 0.03079416531604538 0.05615234375
1 0.6324959481361426 0.1708984375 0.023500810372771474 0.01806640625
1 0.6353322528363047 0.13525390625 0.03079416531604538 0.0341796875
1 0.24230145867098865 0.588134765625 0.029173419773095625 0.03369140625
1 0.2325769854132901 0.55322265625 0.029173419773095625 0.02294921875