0 0.5087025316455697 0.33984375 0.06645569620253164 0.03271484375
0 0.5079113924050633 0.3720703125 0.060126582278481014 0.025390625
0 0.5055379746835443 0.40478515625 0.06329113924050633 0.03759765625
0 0.507120253164557 0.43701171875 0.06566455696202532 0.02587890625
0 0.20490506329113925 0.40283203125 0.06408227848101265 0.02783203125
0 0.12658227848101267 0.39990234375 0.056962025316455694 0.02587890625
0 0.20411392405063292 0.43359375 0.06408227848101265 0.0234375
0 0.20569620253164558 0.46533203125 0.07120253164556962 0.0322265625
0 0.20490506329113925 0.4970703125 0.06408227848101265 0.033203125
0 0.2800632911392405 0.69677734375 0.06329113924050633 0.025390625
0 0.27848101265822783 0.66455078125 0.0680379746835443 0.0302734375
0 0.27689873417721517 0.72509765625 0.06329113924050633 0.02685546875
1 0.5268987341772152 0.341796875 0.01977848101265823 0.03076171875
1 0.5245253164556962 0.36962890625 0.022151898734177215 0.01513671875
1 0.5237341772151899 0.40771484375 0.021360759493670885 0.03076171875
1 0.5308544303797469 0.43603515625 0.02531645569620253 0.01416015625
1 0.22626582278481014 0.45751953125 0.030063291139240507 0.0166015625
1 0.2254746835443038 0.43115234375 0.022151898734177215 0.01708984375
1 0.22626582278481014 0.4013671875 0.02610759493670886 0.01953125
1 0.14556962025316456 0.39697265625 0.01819620253164557 0.01806640625
1 0.2231012658227848 0.49267578125 0.0245253164556962 0.02490234375
1 0.30063291139240506 0.66162109375 0.027689873417721517 0.01708984375
1 0.2990506329113924 0.69091796875 0.01661392405063291 0.01904296875
1 0.2974683544303797 0.7255859375 0.0189873417721519 0.01904296875
1 0.3022151898734177 0.75927734375 0.0189873417721519 0.01904296875
0 0.28164556962025317 0.759765625 0.07199367088607594 0.03369140625