0 0.7306155075939249 0.43896484375 0.06874500399680256 0.04541015625
0 0.4180655475619504 0.8642578125 0.06554756195043965 0.02783203125
0 0.42046362909672264 0.89501953125 0.0639488409272582 0.02734375
0 0.35091926458832934 0.27197265625 0.06554756195043965 0.03076171875
0 0.3501199040767386 0.3017578125 0.06634692246203037 0.02587890625
0 0.11670663469224621 0.498046875 0.07034372501998401 0.03466796875
0 0.11510791366906475 0.53076171875 0.06794564348521183 0.0283203125
1 0.750599520383693 0.43994140625 0.023181454836131096 0.04541015625
1 0.3701039168665068 0.30126953125 0.025579536370903277 0.025390625
1 0.37090327737809753 0.27294921875 0.020783373301358914 0.033203125
1 0.14068745003996802 0.4970703125 0.020783373301358914 0.03125
1 0.1366906474820144 0.5283203125 0.015187849720223821 0.01708984375
1 0.4396482813749001 0.8642578125 0.019984012789768184 0.029296875
1 0.442845723421263 0.888671875 0.02238209432454037 0.01025390625