0 0.8319702602230483 0.37646484375 0.07286245353159851 0.04248046875
0 0.8327137546468402 0.4169921875 0.06988847583643122 0.03369140625
0 0.8312267657992565 0.44775390625 0.07732342007434945 0.03515625
0 0.8349442379182156 0.48388671875 0.07732342007434945 0.0341796875
0 0.8312267657992565 0.51806640625 0.08996282527881042 0.04052734375
0 0.8371747211895911 0.560546875 0.08178438661710037 0.0439453125
0 0.8304832713754647 0.59130859375 0.08550185873605948 0.0234375
0 0.8427288483271376 0.6341756127929687 0.8493517442379181 0.64541656640625 0.8730837531598513 0.6461418129882812 0.8769470750929368 0.639977384765625 0.8752913516728624 0.6048040297851562 0.7934863999999999 0.604309712890625 0.8079586460966542 0.6341756127929687 0.8427288483271376 0.6341756127929687
0 0.8460402959107807 0.6439661401367187 0.8421768728624536 0.6345382026367188 0.7967983427509293 0.6336732919921875 0.7952647286245352 0.668623720703125 0.8681165814126394 0.6704368037109375 0.8725318788104088 0.6490426655273438 0.8460402959107807 0.6439661401367187
0 0.6736059479553903 0.3662109375 0.07286245353159851 0.0390625
0 0.6736059479553903 0.408203125 0.07657992565055761 0.0400390625
0 0.6736059479553903 0.4462890625 0.0758364312267658 0.0380859375
0 0.6736059479553903 0.48388671875 0.06468401486988848 0.0283203125
0 0.6684014869888476 0.51611328125 0.07881040892193308 0.03125
0 0.6736059479553903 0.5556640625 0.08327137546468401 0.03955078125
0 0.6765799256505576 0.591796875 0.07657992565055761 0.033203125
0 0.675092936802974 0.63720703125 0.07881040892193308 0.056640625
0 0.5895910780669145 0.36572265625 0.06988847583643122 0.03173828125
0 0.5947955390334573 0.40625 0.07657992565055761 0.041015625
0 0.5903345724907063 0.4462890625 0.06691449814126393 0.03369140625
0 0.5910780669144982 0.482421875 0.06988847583643122 0.03125
0 0.59182156133829 0.5166015625 0.0691449814126394 0.03125
0 0.59182156133829 0.55419921875 0.07286245353159851 0.0380859375
0 0.5910780669144982 0.59326171875 0.08178438661710037 0.0390625
0 0.5910780669144982 0.6396484375 0.07806691449814127 0.0517578125
0 0.5070631970260223 0.64404296875 0.0691449814126394 0.04052734375
0 0.504089219330855 0.60205078125 0.07137546468401487 0.04345703125
0 0.5011152416356878 0.5595703125 0.0691449814126394 0.03955078125
0 0.5070631970260223 0.51904296875 0.07434944237918216 0.037109375
0 0.5048327137546469 0.48193359375 0.07806691449814127 0.0341796875
0 0.5048327137546469 0.4423828125 0.07360594795539034 0.04296875
0 0.5070631970260223 0.40380859375 0.0758364312267658 0.03515625
0 0.5063197026022305 0.3662109375 0.07657992565055761 0.03662109375
0 0.41858736059479557 0.36962890625 0.07360594795539034 0.03955078125
0 0.4178438661710037 0.40478515625 0.07137546468401487 0.03125
0 0.4178438661710037 0.44384765625 0.07211895910780669 0.04052734375
0 0.4141263940520446 0.48583984375 0.07509293680297398 0.05224609375
0 0.41561338289962824 0.52587890625 0.08475836431226766 0.03564453125
0 0.4133828996282528 0.56103515625 0.07881040892193308 0.03515625
0 0.4163568773234201 0.5986328125 0.07211895910780669 0.03515625
0 0.4163568773234201 0.6416015625 0.07881040892193308 0.0478515625
0 0.33308550185873603 0.3681640625 0.06765799256505577 0.0322265625
0 0.3308550185873606 0.404296875 0.07434944237918216 0.037109375
0 0.33308550185873603 0.4443359375 0.08029739776951673 0.041015625
0 0.32788104089219333 0.4833984375 0.07434944237918216 0.0322265625
0 0.33011152416356876 0.51708984375 0.07509293680297398 0.03173828125
0 0.33308550185873603 0.56201171875 0.07806691449814127 0.05078125
0 0.3345724907063197 0.6083984375 0.07434944237918216 0.0380859375
0 0.33011152416356876 0.64501953125 0.07806691449814127 0.0380859375
0 0.24535315985130113 0.6416015625 0.07063197026022305 0.03955078125
0 0.24535315985130113 0.6005859375 0.06765799256505577 0.04248046875
0 0.24684014869888476 0.56103515625 0.06988847583643122 0.02783203125
0 0.24758364312267658 0.5244140625 0.07881040892193308 0.03515625
0 0.24758364312267658 0.482421875 0.06691449814126393 0.03759765625
0 0.25576208178438664 0.44140625 0.07211895910780669 0.037109375
0 0.2513011152416357 0.40283203125 0.07732342007434945 0.03369140625
0 0.24981412639405204 0.36328125 0.08029739776951673 0.03515625
0 0.16654275092936802 0.3701171875 0.07509293680297398 0.04052734375
0 0.1657992565055762 0.41455078125 0.07360594795539034 0.041015625
0 0.1657992565055762 0.4501953125 0.07732342007434945 0.02685546875
0 0.1620817843866171 0.4814453125 0.07881040892193308 0.03515625
0 0.1591078066914498 0.52001953125 0.08029739776951673 0.03125
0 0.15985130111524162 0.56103515625 0.08698884758364313 0.04150390625
0 0.16356877323420074 0.60009765625 0.07286245353159851 0.03466796875
0 0.16654275092936802 0.640625 0.07881040892193308 0.0458984375
1 0.8565055762081785 0.3759765625 0.021561338289962824 0.037109375
1 0.857992565055762 0.41357421875 0.015613382899628252 0.02587890625
1 0.857992565055762 0.447265625 0.020074349442379184 0.02978515625
1 0.8587360594795539 0.482421875 0.020074349442379184 0.02734375
1 0.8587360594795539 0.51611328125 0.020074349442379184 0.0341796875
1 0.8594795539033457 0.56103515625 0.02973977695167286 0.0439453125
1 0.8587360594795539 0.5927734375 0.011895910780669145 0.013671875
1 0.857992565055762 0.62451171875 0.021561338289962824 0.03955078125
1 0.8565055762081785 0.65673828125 0.01486988847583643 0.02001953125
1 0.695910780669145 0.365234375 0.022304832713754646 0.02685546875
1 0.6951672862453532 0.40380859375 0.02379182156133829 0.03125
1 0.6921933085501859 0.439453125 0.019330855018587362 0.02880859375
1 0.6944237918215613 0.4814453125 0.01858736059479554 0.02490234375
1 0.6936802973977695 0.5107421875 0.013382899628252789 0.01708984375
1 0.7003717472118959 0.55712890625 0.0275092936802974 0.0341796875
1 0.6951672862453532 0.58984375 0.020817843866171002 0.0263671875
1 0.6944237918215613 0.63525390625 0.02825278810408922 0.0517578125
1 0.6126394052044609 0.63818359375 0.02973977695167286 0.04443359375
1 0.6096654275092936 0.59326171875 0.030483271375464683 0.03759765625
1 0.6148698884758365 0.55322265625 0.02899628252788104 0.03662109375
1 0.6111524163568773 0.515625 0.022304832713754646 0.0244140625
1 0.6104089219330855 0.48095703125 0.023048327137546468 0.02734375
1 0.6104089219330855 0.4443359375 0.019330855018587362 0.02880859375
1 0.6141263940520446 0.40478515625 0.026765799256505577 0.03369140625
1 0.6133828996282528 0.36572265625 0.019330855018587362 0.02685546875
1 0.5293680297397769 0.36376953125 0.019330855018587362 0.02099609375
1 0.5308550185873606 0.40234375 0.023048327137546468 0.03076171875
1 0.5271375464684015 0.4375 0.01858736059479554 0.02880859375
1 0.5308550185873606 0.4814453125 0.026022304832713755 0.03271484375
1 0.5278810408921933 0.51611328125 0.02379182156133829 0.02978515625
1 0.5249070631970261 0.56005859375 0.020074349442379184 0.03564453125
1 0.5263940520446097 0.60302734375 0.025278810408921933 0.04150390625
1 0.5219330855018587 0.642578125 0.02453531598513011 0.03564453125
1 0.4401486988847584 0.6357421875 0.026765799256505577 0.02978515625
1 0.4379182156133829 0.59716796875 0.025278810408921933 0.0302734375
1 0.4379182156133829 0.56103515625 0.022304832713754646 0.029296875
1 0.4408921933085502 0.529296875 0.02973977695167286 0.0263671875
1 0.43866171003717475 0.484375 0.022304832713754646 0.04833984375
1 0.4401486988847584 0.43994140625 0.02453531598513011 0.03515625
1 0.4423791821561338 0.40478515625 0.020817843866171002 0.0302734375
1 0.44312267657992566 0.3701171875 0.02453531598513011 0.033203125
1 0.3553903345724907 0.36865234375 0.022304832713754646 0.03125
1 0.3546468401486989 0.40087890625 0.017100371747211896 0.02587890625
1 0.3576208178438662 0.43994140625 0.023048327137546468 0.03271484375
1 0.3524163568773234 0.48388671875 0.021561338289962824 0.02978515625
1 0.35315985130111527 0.5166015625 0.025278810408921933 0.025390625
1 0.35687732342007433 0.56201171875 0.026022304832713755 0.0498046875
1 0.3546468401486989 0.6083984375 0.0275092936802974 0.0341796875
1 0.35390334572490706 0.64501953125 0.020074349442379184 0.03271484375
1 0.2684014869888476 0.64013671875 0.020817843866171002 0.033203125
1 0.26691449814126395 0.599609375 0.020817843866171002 0.0400390625
1 0.26914498141263943 0.55859375 0.01858736059479554 0.0244140625
1 0.27137546468401486 0.52294921875 0.022304832713754646 0.03271484375
1 0.27063197026022306 0.48291015625 0.02379182156133829 0.03466796875
1 0.27732342007434946 0.43994140625 0.02825278810408922 0.03173828125
1 0.275092936802974 0.400390625 0.02453531598513011 0.02685546875
1 0.27806691449814125 0.36572265625 0.01858736059479554 0.02978515625
1 0.18810408921933086 0.37109375 0.019330855018587362 0.03857421875
1 0.18513011152416356 0.41162109375 0.016356877323420074 0.0380859375
1 0.18438661710037174 0.44970703125 0.01412639405204461 0.0234375
1 0.18661710037174722 0.48046875 0.0275092936802974 0.03076171875
1 0.18661710037174722 0.5205078125 0.022304832713754646 0.02734375
1 0.18736059479553904 0.56005859375 0.017843866171003718 0.03955078125
1 0.18884758364312268 0.59912109375 0.02453531598513011 0.03173828125
1 0.18736059479553904 0.638671875 0.021561338289962824 0.04248046875