0 0.917236328125 0.2416514875531269 0.04833984375 0.06253794778384943
0 0.78076171875 0.35579842137219186 0.02734375 0.029751062537947785
0 0.77783203125 0.3272616879174256 0.02978515625 0.025500910746812388
0 0.74853515625 0.3242258652094718 0.02783203125 0.031572556162720096
0 0.7470703125 0.29143897996357016 0.02978515625 0.03400121432908318
0 0.74609375 0.2610807528840316 0.0302734375 0.024286581663630843
0 0.744384765625 0.23375834851244687 0.02685546875 0.023679417122040074
0 0.775634765625 0.27200971463266543 0.02685546875 0.03217972070431087
0 0.695068359375 0.27200971463266543 0.0341796875 0.029751062537947785
0 0.694091796875 0.2374013357619915 0.033203125 0.029143897996357013
0 0.724853515625 0.3770491803278688 0.02734375 0.029143897996357013
0 0.722900390625 0.3491196114146934 0.02587890625 0.02185792349726776
0 0.576171875 0.3533697632058288 0.03173828125 0.025500910746812388
0 0.575439453125 0.38524590163934425 0.029296875 0.035215543412264724
0 0.574462890625 0.26927747419550696 0.03173828125 0.024893746205221615
0 0.4423828125 0.22525804493017607 0.02587890625 0.04189435336976321
0 0.39013671875 0.222829386763813 0.0263671875 0.03278688524590164
0 0.39208984375 0.2580449301760777 0.0224609375 0.029143897996357013
0 0.57568359375 0.2938676381299332 0.03125 0.024286581663630843
1 0.933349609375 0.2352762598664238 0.0126953125 0.041287188828172436
1 0.787109375 0.32270795385549483 0.0048828125 0.01639344262295082
1 0.78955078125 0.3524590163934426 0.00732421875 0.020036429872495445
1 0.783447265625 0.27200971463266543 0.0107421875 0.02185792349726776
1 0.7568359375 0.323618700667881 0.00927734375 0.02853673345476624
1 0.75537109375 0.2920461445051609 0.0087890625 0.029143897996357013
1 0.7548828125 0.25986642380085 0.01025390625 0.021250758955676987
1 0.753662109375 0.23436551305403763 0.00830078125 0.020643594414086218
1 0.705810546875 0.23224043715846995 0.00634765625 0.010321797207043109
1 0.705810546875 0.27049180327868855 0.00927734375 0.026108075288403157
1 0.731689453125 0.3469945355191257 0.00634765625 0.012750455373406194
1 0.734130859375 0.37249544626593806 0.0068359375 0.017607771706132362
1 0.586669921875 0.3782635094110504 0.005859375 0.010321797207043109
1 0.58544921875 0.3521554341226472 0.00927734375 0.020643594414086218
1 0.584716796875 0.2707953855494839 0.0078125 0.020036429872495445
1 0.5869140625 0.2938676381299332 0.0078125 0.017607771706132362
1 0.44970703125 0.22495446265938068 0.009765625 0.04189435336976321
1 0.3984375 0.22191863995142683 0.0087890625 0.0273224043715847
1 0.3984375 0.2510625379477838 0.0068359375 0.013964784456587736