0 0.8843457943925234 0.383056640625 0.0794392523364486 0.04638671875
0 0.8812305295950156 0.426513671875 0.08177570093457943 0.0361328125
0 0.9251231277258567 0.491264078125 0.9241759789719627 0.44753546728515625 0.83818046105919 0.4463889604492188 0.8466636316199377 0.4792722446289063 0.8904216230529595 0.47812185888671876 0.900551836448598 0.48746512841796874 0.9251231277258567 0.491264078125
0 0.8933720981308412 0.5120968828125 0.9083160303738318 0.5195920546875 0.9269943808411214 0.517352583984375 0.9275989984423676 0.49563585302734375 0.8961785257009346 0.48904652099609375 0.884279355140187 0.48104159375 0.8430721090342679 0.4806474560546875 0.8453767562305295 0.5099423940429687 0.8933720981308412 0.5120968828125
0 0.9260381417445482 0.520600623046875 0.9044813014018691 0.51737776171875 0.8842833193146417 0.511997419921875 0.8454345732087227 0.512435060546875 0.8461935202492212 0.5428079169921874 0.9250535763239875 0.5404124189453124 0.9260381417445482 0.520600623046875
0 0.8957260436137071 0.6297003173828125 0.9238428091900313 0.6305511137695312 0.9230810101246105 0.6112632822265625 0.845625160436137 0.60987254296875 0.8448467133956385 0.6378328784179688 0.8894400989096574 0.6377777856445312 0.8957260436137071 0.6297003173828125
0 0.8439810895638629 0.6378234052734375 0.8434918208722741 0.6709461362304687 0.9215611666666668 0.6708553041992188 0.920745222741433 0.6329610932617188 0.8987102624610591 0.6313622270507813 0.8872458473520249 0.6388399243164062 0.8439810895638629 0.6378234052734375
0 0.7924454828660437 0.381591796875 0.0794392523364486 0.04296875
0 0.7897196261682243 0.419677734375 0.0794392523364486 0.03662109375
0 0.7916666666666666 0.459716796875 0.08021806853582554 0.041015625
0 0.7916666666666666 0.494384765625 0.08021806853582554 0.0302734375
0 0.7904984423676013 0.528564453125 0.07398753894080996 0.033203125
0 0.7901090342679128 0.565185546875 0.0778816199376947 0.03759765625
0 0.793613707165109 0.610107421875 0.08644859813084112 0.048828125
0 0.786993769470405 0.650146484375 0.08177570093457943 0.03857421875
0 0.7067757009345794 0.382080078125 0.08411214953271028 0.04052734375
0 0.7005451713395638 0.424560546875 0.08333333333333333 0.0390625
0 0.7013239875389408 0.465087890625 0.08411214953271028 0.03662109375
0 0.7017133956386293 0.497802734375 0.08566978193146417 0.02978515625
0 0.7040498442367601 0.533935546875 0.08489096573208722 0.04248046875
0 0.7005451713395638 0.571044921875 0.08566978193146417 0.03369140625
0 0.7009345794392523 0.607177734375 0.08644859813084112 0.04052734375
0 0.6993769470404985 0.646240234375 0.08021806853582554 0.0390625
0 0.6125389408099688 0.379638671875 0.08177570093457943 0.044921875
0 0.6129283489096573 0.422119140625 0.08021806853582554 0.04052734375
0 0.6125389408099688 0.460693359375 0.0778816199376947 0.03369140625
0 0.6137071651090342 0.501220703125 0.08021806853582554 0.0390625
0 0.6105919003115264 0.534423828125 0.08722741433021806 0.02685546875
0 0.610981308411215 0.571533203125 0.07866043613707165 0.0419921875
0 0.6129283489096573 0.609130859375 0.07710280373831775 0.03173828125
0 0.6137071651090342 0.640380859375 0.08177570093457943 0.0302734375
0 0.5268691588785047 0.381103515625 0.08255451713395638 0.04541015625
0 0.5237538940809969 0.425537109375 0.08722741433021806 0.03466796875
0 0.5245327102803738 0.464599609375 0.0911214953271028 0.03857421875
0 0.5229750778816199 0.510498046875 0.07866043613707165 0.052734375
0 0.5198598130841121 0.548583984375 0.08255451713395638 0.033203125
0 0.5210280373831776 0.584716796875 0.0778816199376947 0.04150390625
0 0.5206386292834891 0.622314453125 0.07554517133956386 0.03515625
0 0.5214174454828661 0.651123046875 0.08177570093457943 0.02783203125
0 0.4318535825545171 0.379150390625 0.0778816199376947 0.046875
0 0.43068535825545173 0.421630859375 0.07554517133956386 0.03662109375
0 0.4302959501557632 0.462158203125 0.0763239875389408 0.033203125
0 0.43302180685358255 0.498291015625 0.07009345794392523 0.03857421875
0 0.4322429906542056 0.532958984375 0.07320872274143302 0.03955078125
0 0.433411214953271 0.574951171875 0.07009345794392523 0.041015625
0 0.42679127725856697 0.613525390625 0.07866043613707165 0.03515625
0 0.4310747663551402 0.648193359375 0.08099688473520249 0.0341796875
0 0.34345794392523366 0.381591796875 0.0794392523364486 0.041015625
0 0.34345794392523366 0.421142578125 0.08411214953271028 0.037109375
0 0.3422897196261682 0.460693359375 0.08099688473520249 0.03466796875
0 0.34657320872274144 0.497802734375 0.08722741433021806 0.03857421875
0 0.3430685358255452 0.540283203125 0.07866043613707165 0.04443359375
0 0.3411214953271028 0.582763671875 0.07087227414330217 0.03369140625
0 0.3395638629283489 0.615478515625 0.07710280373831775 0.03271484375
0 0.3422897196261682 0.648193359375 0.07554517133956386 0.033203125
0 0.883177570093458 0.591552734375 0.0763239875389408 0.03515625
0 0.8870716510903427 0.558349609375 0.08177570093457943 0.03466796875
1 0.9096573208722741 0.38427734375 0.02570093457943925 0.03466796875
1 0.9112149532710281 0.41796875 0.017133956386292833 0.0146484375
1 0.9073208722741433 0.46826171875 0.02336448598130841 0.03662109375
1 0.9096573208722741 0.50439453125 0.021806853582554516 0.02392578125
1 0.9096573208722741 0.529296875 0.022585669781931463 0.0205078125
1 0.9080996884735203 0.55810546875 0.016355140186915886 0.0341796875
1 0.911993769470405 0.591064453125 0.02570093457943925 0.0322265625
1 0.910436137071651 0.619140625 0.021806853582554516 0.01318359375
1 0.9057632398753894 0.64892578125 0.02336448598130841 0.03173828125
1 0.8177570093457944 0.646484375 0.016355140186915886 0.01904296875
1 0.8200934579439252 0.6103515625 0.02570093457943925 0.04833984375
1 0.8185358255451713 0.56396484375 0.018691588785046728 0.0361328125
1 0.8185358255451713 0.52880859375 0.01791277258566978 0.02392578125
1 0.8197040498442367 0.4921875 0.019470404984423675 0.0234375
1 0.8204828660436138 0.46240234375 0.02102803738317757 0.03515625
1 0.8193146417445483 0.41845703125 0.014797507788161994 0.03173828125
1 0.8193146417445483 0.3828125 0.017133956386292833 0.037109375
1 0.7305295950155763 0.38232421875 0.03115264797507788 0.037109375
1 0.7289719626168224 0.4189453125 0.022585669781931463 0.0234375
1 0.7293613707165109 0.46533203125 0.022585669781931463 0.03076171875
1 0.7297507788161994 0.4970703125 0.017133956386292833 0.02734375
1 0.7336448598130841 0.53466796875 0.024143302180685357 0.03759765625
1 0.7293613707165109 0.57177734375 0.02336448598130841 0.02783203125
1 0.7289719626168224 0.60693359375 0.0264797507788162 0.03515625
1 0.7281931464174455 0.642578125 0.02102803738317757 0.021484375
1 0.6386292834890965 0.63818359375 0.027258566978193146 0.02490234375
1 0.6370716510903427 0.609375 0.02102803738317757 0.02880859375
1 0.6382398753894081 0.5712890625 0.02102803738317757 0.03955078125
1 0.6401869158878505 0.5341796875 0.02336448598130841 0.0224609375
1 0.6378504672897196 0.501953125 0.02336448598130841 0.03662109375
1 0.639018691588785 0.46240234375 0.014018691588785047 0.02783203125
1 0.6417445482866043 0.4208984375 0.014018691588785047 0.03369140625
1 0.6394080996884736 0.38232421875 0.018691588785046728 0.03369140625
1 0.5521806853582555 0.3818359375 0.02570093457943925 0.037109375
1 0.5521806853582555 0.4208984375 0.021806853582554516 0.0224609375
1 0.552570093457944 0.46484375 0.03348909657320872 0.03662109375
1 0.5494548286604362 0.50830078125 0.021806853582554516 0.04638671875
1 0.5482866043613707 0.55712890625 0.024143302180685357 0.01611328125
1 0.5475077881619937 0.587890625 0.022585669781931463 0.0380859375
1 0.5486760124610592 0.6259765625 0.019470404984423675 0.02587890625
1 0.5494548286604362 0.6513671875 0.018691588785046728 0.0205078125
1 0.4559968847352025 0.64794921875 0.02570093457943925 0.03271484375
1 0.45249221183800625 0.61279296875 0.022585669781931463 0.03173828125
1 0.4544392523364486 0.576171875 0.019470404984423675 0.0341796875
1 0.45560747663551404 0.533203125 0.017133956386292833 0.03759765625
1 0.45482866043613707 0.49755859375 0.01791277258566978 0.02783203125
1 0.4559968847352025 0.46240234375 0.018691588785046728 0.029296875
1 0.45638629283489096 0.42138671875 0.017133956386292833 0.0322265625
1 0.45794392523364486 0.3828125 0.01557632398753894 0.037109375
1 0.36993769470404986 0.380859375 0.02102803738317757 0.0380859375
1 0.36993769470404986 0.42041015625 0.01791277258566978 0.02880859375
1 0.3695482866043614 0.46044921875 0.02102803738317757 0.03125
1 0.37383177570093457 0.49560546875 0.024922118380062305 0.0341796875
1 0.3664330218068536 0.54052734375 0.024143302180685357 0.04248046875
1 0.3660436137071651 0.5830078125 0.017133956386292833 0.03173828125
1 0.36682242990654207 0.61572265625 0.019470404984423675 0.0322265625
1 0.3664330218068536 0.6494140625 0.0264797507788162 0.03125