0 0.9434180138568129 0.31396484375 0.09853733641262509 0.0546875
0 0.8475750577367206 0.80322265625 0.0869899923017706 0.05859375
0 0.8494996150885297 0.85009765625 0.08083140877598152 0.0380859375
0 0.8394919168591224 0.88623046875 0.09699769053117784 0.037109375
0 0.31793687451886066 0.8935546875 0.11316397228637413 0.0400390625
0 0.43494996150885296 0.664306640625 0.08314087759815242 0.0654296875
0 0.9418783679753656 0.7666015625 0.07390300230946882 0.05078125
0 0.6362586605080831 0.71484375 0.11239414934565051 0.0537109375
0 0.640877598152425 0.65625 0.10700538876058506 0.06201171875
0 0.11431870669745958 0.561767578125 0.100846805234796 0.04345703125
0 0.11547344110854503 0.613037109375 0.11162432640492687 0.05908203125
0 0.21747498075442648 0.572021484375 0.100846805234796 0.052734375
0 0.21978444957659737 0.676025390625 0.11239414934565051 0.05810546875
0 0.10585065434949961 0.90185546875 0.11778290993071594 0.052734375
0 0.11739799846035412 0.310791015625 0.10007698229407236 0.0615234375
0 0.2228637413394919 0.285888671875 0.08775981524249422 0.06689453125
0 0.3367975365665897 0.350341796875 0.10007698229407236 0.06396484375
0 0.5354118552732872 0.293701171875 0.10931485758275597 0.05615234375
0 0.5388760585065435 0.24560546875 0.10469591993841416 0.033203125
0 0.6524249422632794 0.211669921875 0.1147036181678214 0.05908203125
0 0.5508083140877598 0.35302734375 0.100846805234796 0.0478515625
0 0.5431100846805235 0.40478515625 0.10238645111624327 0.05322265625
1 0.37066974595842955 0.3505859375 0.026943802925327175 0.06591796875
1 0.14395688991531946 0.30859375 0.03541185527328714 0.04541015625
1 0.2567359507313318 0.284912109375 0.023094688221709007 0.0595703125
1 0.14395688991531946 0.552734375 0.030792917628945343 0.01953125
1 0.24210931485758275 0.57177734375 0.04080061585835258 0.05078125
1 0.14857582755966128 0.60546875 0.04003079291762895 0.04296875
1 0.25519630484988454 0.679443359375 0.044649730561970746 0.05224609375
1 0.14511162432640493 0.9013671875 0.03541185527328714 0.0419921875
1 0.3533487297921478 0.890625 0.03926096997690531 0.0380859375
1 0.4603541185527329 0.66455078125 0.03464203233256351 0.0595703125
1 0.6716705157813703 0.65625 0.04080061585835258 0.05908203125
1 0.6662817551963048 0.712890625 0.03849114703618168 0.05029296875
1 0.8698999230177059 0.804931640625 0.037721324095458045 0.05224609375
1 0.8710546574287914 0.849853515625 0.030792917628945343 0.03125
1 0.874133949191686 0.885498046875 0.026943802925327175 0.0302734375
1 0.9607390300230947 0.760498046875 0.024634334103156273 0.0234375
1 0.5723633564280216 0.402099609375 0.04003079291762895 0.0439453125
1 0.577752117013087 0.353271484375 0.04311008468052348 0.0478515625
1 0.5769822940723633 0.291259765625 0.03156274056966898 0.04931640625
1 0.5719784449576597 0.249267578125 0.03156274056966898 0.0205078125
1 0.6801385681293303 0.20263671875 0.04311008468052348 0.04150390625
1 0.9715165511932256 0.310302734375 0.030792917628945343 0.04052734375