0 0.9084346504559271 0.261962890625 0.05167173252279635 0.02685546875
0 0.9038753799392097 0.28955078125 0.056990881458966566 0.029296875
0 0.9012158054711246 0.3330078125 0.05243161094224924 0.0283203125
0 0.9034954407294833 0.3623046875 0.056990881458966566 0.02392578125
0 0.9004559270516718 0.41845703125 0.053951367781155016 0.02099609375
0 0.9053951367781155 0.459228515625 0.053951367781155016 0.02880859375
0 0.7055471124620061 0.262939453125 0.06914893617021277 0.037109375
0 0.5763677811550152 0.264404296875 0.06231003039513678 0.03515625
0 0.5775075987841946 0.306884765625 0.05623100303951368 0.02783203125
0 0.574468085106383 0.356201171875 0.06306990881458967 0.02783203125
0 0.5680091185410334 0.378173828125 0.07218844984802432 0.02783203125
0 0.6363981762917933 0.3798828125 0.06003039513677812 0.03759765625
0 0.6398176291793313 0.421875 0.0486322188449848 0.02001953125
0 0.64209726443769 0.447265625 0.05851063829787234 0.03076171875
0 0.7059270516717325 0.420654296875 0.05927051671732523 0.02685546875
0 0.7093465045592705 0.37744140625 0.056990881458966566 0.0263671875
0 0.6971884498480243 0.325439453125 0.06155015197568389 0.0244140625
0 0.7697568389057751 0.33935546875 0.050911854103343465 0.03076171875
0 0.9034954407294833 0.390625 0.05319148936170213 0.03076171875
0 0.9000759878419453 0.5107421875 0.06003039513677812 0.02490234375
0 0.9012158054711246 0.53515625 0.05167173252279635 0.0234375
0 0.9023556231003039 0.607177734375 0.06306990881458967 0.02392578125
0 0.9000759878419453 0.6328125 0.06003039513677812 0.0244140625
0 0.9019756838905775 0.666259765625 0.05927051671732523 0.02734375
0 0.8974164133738601 0.71923828125 0.060790273556231005 0.02490234375
0 0.8970364741641338 0.744140625 0.05243161094224924 0.02587890625
0 0.8974164133738601 0.7880859375 0.06003039513677812 0.0244140625
0 0.895516717325228 0.8271484375 0.0547112462006079 0.021484375
0 0.8970364741641338 0.8505859375 0.053951367781155016 0.0234375
0 0.8966565349544073 0.91845703125 0.0547112462006079 0.0322265625
0 0.8943768996960486 0.8720703125 0.04559270516717325 0.01904296875
0 0.8320668693009119 0.899658203125 0.05851063829787234 0.02392578125
0 0.8316869300911854 0.877685546875 0.06155015197568389 0.02099609375
0 0.8316869300911854 0.829345703125 0.06534954407294832 0.02490234375
0 0.8332066869300911 0.802001953125 0.06231003039513678 0.02880859375
0 0.8343465045592705 0.75537109375 0.060790273556231005 0.0234375
0 0.834726443768997 0.7177734375 0.06231003039513678 0.0283203125
0 0.8335866261398176 0.693115234375 0.05851063829787234 0.0234375
0 0.8335866261398176 0.639404296875 0.056990881458966566 0.0283203125
0 0.8362462006079028 0.574462890625 0.06231003039513678 0.0234375
0 0.834726443768997 0.599853515625 0.06382978723404255 0.025390625
0 0.8404255319148937 0.52392578125 0.05623100303951368 0.017578125
0 0.8392857142857143 0.4375 0.06458966565349544 0.04150390625
0 0.8411854103343465 0.39501953125 0.05623100303951368 0.02392578125
0 0.8392857142857143 0.369140625 0.06382978723404255 0.03076171875
0 0.84080547112462 0.345703125 0.0547112462006079 0.01904296875
0 0.7777355623100304 0.260009765625 0.047872340425531915 0.0283203125
0 0.7697568389057751 0.4453125 0.05547112462006079 0.0263671875
0 0.7682370820668692 0.47265625 0.05927051671732523 0.02783203125
0 0.7697568389057751 0.5 0.060790273556231005 0.025390625
0 0.7720364741641338 0.527587890625 0.06382978723404255 0.02734375
0 0.7655775075987842 0.5458984375 0.06458966565349544 0.02197265625
0 0.7682370820668692 0.60791015625 0.04939209726443769 0.0361328125
0 0.7667173252279635 0.6357421875 0.0486322188449848 0.01953125
0 0.7712765957446809 0.670654296875 0.05851063829787234 0.01953125
0 0.7697568389057751 0.693603515625 0.05015197568389058 0.025390625
0 0.7686170212765957 0.71435546875 0.05623100303951368 0.0185546875
0 0.770516717325228 0.759033203125 0.057750759878419454 0.02587890625
0 0.7674772036474165 0.7783203125 0.053951367781155016 0.0146484375
0 0.7610182370820668 0.8193359375 0.05927051671732523 0.0244140625
0 0.7651975683890577 0.86865234375 0.056990881458966566 0.0322265625
0 0.7667173252279635 0.921142578125 0.05243161094224924 0.03369140625
0 0.6964285714285714 0.902099609375 0.06003039513677812 0.0234375
0 0.6956686930091185 0.883544921875 0.060790273556231005 0.0234375
0 0.6983282674772037 0.859619140625 0.05623100303951368 0.02685546875
0 0.699468085106383 0.823486328125 0.050911854103343465 0.01953125
0 0.7002279635258358 0.797119140625 0.067629179331307 0.0322265625
0 0.7013677811550152 0.746337890625 0.06534954407294832 0.03125
0 0.7047872340425532 0.681640625 0.06838905775075987 0.02880859375
0 0.7025075987841946 0.655517578125 0.06382978723404255 0.02587890625
0 0.7032674772036475 0.627685546875 0.060790273556231005 0.0322265625
0 0.7059270516717325 0.583984375 0.0729483282674772 0.025390625
0 0.702887537993921 0.559326171875 0.06838905775075987 0.02587890625
0 0.7013677811550152 0.527099609375 0.05851063829787234 0.03173828125
0 0.6971884498480243 0.490966796875 0.06838905775075987 0.02294921875
0 0.6424772036474165 0.26318359375 0.05243161094224924 0.03369140625
0 0.638677811550152 0.32275390625 0.04179331306990881 0.0263671875
0 0.6363981762917933 0.515625 0.047872340425531915 0.0361328125
0 0.6367781155015197 0.5595703125 0.053951367781155016 0.0263671875
0 0.6371580547112462 0.62744140625 0.05927051671732523 0.02734375
0 0.6360182370820668 0.66455078125 0.05547112462006079 0.02587890625
0 0.6329787234042553 0.72412109375 0.06458966565349544 0.03076171875
0 0.6333586626139818 0.76513671875 0.06155015197568389 0.0302734375
0 0.6295592705167173 0.81884765625 0.0547112462006079 0.0302734375
0 0.6329787234042553 0.88623046875 0.056990881458966566 0.03857421875
0 0.5721884498480243 0.92333984375 0.06610942249240122 0.03173828125
0 0.5702887537993921 0.876220703125 0.06382978723404255 0.02734375
0 0.5683890577507599 0.830810546875 0.05927051671732523 0.02587890625
0 0.5699088145896657 0.753662109375 0.06003039513677812 0.03662109375
0 0.5721884498480243 0.689208984375 0.0547112462006079 0.02880859375
0 0.5714285714285714 0.663330078125 0.053951367781155016 0.0234375
0 0.574468085106383 0.534912109375 0.060790273556231005 0.0244140625
0 0.5775075987841946 0.5595703125 0.05623100303951368 0.02001953125
0 0.5767477203647416 0.4794921875 0.06231003039513678 0.0322265625
0 0.5721884498480243 0.439697265625 0.06382978723404255 0.0322265625
0 0.5121580547112462 0.30810546875 0.056990881458966566 0.03271484375
0 0.5106382978723404 0.46923828125 0.047872340425531915 0.033203125
0 0.5117781155015197 0.571533203125 0.06458966565349544 0.0283203125
0 0.5041793313069909 0.59228515625 0.06003039513677812 0.021484375
0 0.506838905775076 0.64111328125 0.057750759878419454 0.03173828125
0 0.5045592705167173 0.67236328125 0.06155015197568389 0.02734375
0 0.5083586626139818 0.775634765625 0.057750759878419454 0.02685546875
0 0.5053191489361702 0.8330078125 0.056990881458966566 0.0361328125
0 0.44148936170212766 0.9208984375 0.06458966565349544 0.0283203125
0 0.4430091185410334 0.8955078125 0.06458966565349544 0.02587890625
0 0.44148936170212766 0.80859375 0.06306990881458967 0.0283203125
0 0.44376899696048633 0.775390625 0.05851063829787234 0.0380859375
0 0.4430091185410334 0.72705078125 0.05547112462006079 0.03515625
0 0.44452887537993924 0.6923828125 0.0547112462006079 0.03173828125
0 0.4433890577507599 0.625244140625 0.050911854103343465 0.0224609375
0 0.44490881458966564 0.57470703125 0.0547112462006079 0.02783203125
0 0.44832826747720367 0.47705078125 0.057750759878419454 0.0283203125
0 0.44832826747720367 0.44580078125 0.057750759878419454 0.0341796875
0 0.44756838905775076 0.309814453125 0.057750759878419454 0.0283203125
0 0.4441489361702128 0.261474609375 0.0547112462006079 0.03076171875
0 0.3844984802431611 0.306396484375 0.05243161094224924 0.04296875
0 0.37879939209726443 0.37841796875 0.06231003039513678 0.03466796875
0 0.378419452887538 0.4130859375 0.053951367781155016 0.0361328125
0 0.3822188449848024 0.448974609375 0.06231003039513678 0.03076171875
0 0.3780395136778115 0.48583984375 0.053951367781155016 0.02783203125
0 0.3776595744680851 0.60498046875 0.0547112462006079 0.02978515625
0 0.3776595744680851 0.63525390625 0.053951367781155016 0.04052734375
0 0.3768996960486322 0.67236328125 0.053951367781155016 0.0302734375
0 0.3799392097264438 0.697998046875 0.06231003039513678 0.025390625
0 0.3768996960486322 0.779541015625 0.060790273556231005 0.03076171875
0 0.37879939209726443 0.826416015625 0.05243161094224924 0.0283203125
0 0.37727963525835867 0.906494140625 0.0486322188449848 0.03759765625
0 0.3126899696048632 0.8994140625 0.056990881458966566 0.02001953125
0 0.31382978723404253 0.92236328125 0.06155015197568389 0.0234375
0 0.31534954407294835 0.833984375 0.06003039513677812 0.03564453125
0 0.3149696048632219 0.76904296875 0.06231003039513678 0.02587890625
0 0.31876899696048633 0.72998046875 0.05927051671732523 0.0380859375
0 0.31648936170212766 0.62890625 0.0547112462006079 0.0380859375
0 0.3191489361702128 0.5771484375 0.05927051671732523 0.029296875
0 0.31382978723404253 0.531005859375 0.053951367781155016 0.02734375
0 0.31648936170212766 0.48828125 0.057750759878419454 0.02783203125
0 0.314209726443769 0.461669921875 0.05547112462006079 0.0244140625
0 0.31458966565349544 0.438232421875 0.056990881458966566 0.02294921875
0 0.310790273556231 0.352783203125 0.04939209726443769 0.025390625
0 0.3123100303951368 0.326416015625 0.06155015197568389 0.03173828125
0 0.3180091185410334 0.255126953125 0.05167173252279635 0.029296875
0 0.3227709255319149 0.3072501142578125 0.34290891869300916 0.3082238349609375 0.3419927895136778 0.27057189501953127 0.28969407826747723 0.26945816796875 0.2905866246200608 0.2929293115234375 0.3200419832826748 0.2935089794921875 0.3227709255319149 0.3072501142578125
0 0.18351063829787234 0.316650390625 0.05927051671732523 0.03125
0 0.18123100303951367 0.366455078125 0.056990881458966566 0.02734375
0 0.1838905775075988 0.412841796875 0.050911854103343465 0.021484375
0 0.182370820668693 0.435302734375 0.05243161094224924 0.01953125
0 0.18199088145896655 0.460205078125 0.060790273556231005 0.02294921875
0 0.185790273556231 0.484375 0.05243161094224924 0.02294921875
0 0.18275075987841946 0.510009765625 0.06003039513677812 0.02294921875
0 0.18351063829787234 0.536376953125 0.06306990881458967 0.02783203125
0 0.18123100303951367 0.626220703125 0.06003039513677812 0.0283203125
0 0.1850303951367781 0.6533203125 0.05927051671732523 0.0263671875
0 0.18806990881458965 0.6787109375 0.056990881458966566 0.0263671875
0 0.18161094224924013 0.72412109375 0.060790273556231005 0.0283203125
0 0.1838905775075988 0.75048828125 0.0547112462006079 0.0234375
0 0.24886018237082067 0.741943359375 0.05851063829787234 0.02685546875
0 0.18693009118541035 0.81005859375 0.05623100303951368 0.0283203125
0 0.18617021276595744 0.83740234375 0.057750759878419454 0.02392578125
0 0.18617021276595744 0.861328125 0.06914893617021277 0.0244140625
0 0.18085106382978725 0.88720703125 0.056990881458966566 0.02490234375
0 0.2473404255319149 0.844482421875 0.05319148936170213 0.02978515625
0 0.24810030395136778 0.703857421875 0.053951367781155016 0.0283203125
0 0.24772036474164133 0.671142578125 0.053951367781155016 0.033203125
0 0.25227963525835867 0.643798828125 0.05623100303951368 0.021484375
0 0.246580547112462 0.625 0.05547112462006079 0.01953125
0 0.24886018237082067 0.565673828125 0.05851063829787234 0.02783203125
0 0.24620060790273557 0.521484375 0.053951367781155016 0.0263671875
0 0.24696048632218845 0.49169921875 0.056990881458966566 0.0302734375
0 0.2473404255319149 0.4619140625 0.05167173252279635 0.029296875
0 0.24582066869300911 0.4326171875 0.05243161094224924 0.02880859375
0 0.24582066869300911 0.36572265625 0.05167173252279635 0.03662109375
0 0.24772036474164133 0.2978515625 0.047872340425531915 0.02880859375
1 0.9228723404255319 0.261474609375 0.017477203647416412 0.0263671875
1 0.9213525835866262 0.288330078125 0.0182370820668693 0.02880859375
1 0.7883738601823708 0.260986328125 0.014437689969604863 0.02880859375
1 0.918693009118541 0.332763671875 0.017477203647416412 0.02783203125
1 0.8552431610942249 0.34521484375 0.019756838905775075 0.0185546875
1 0.8560030395136778 0.37060546875 0.020516717325227963 0.0234375
1 0.918693009118541 0.359130859375 0.0182370820668693 0.017578125
1 0.9171732522796353 0.390869140625 0.018996960486322188 0.02734375
1 0.9171732522796353 0.417236328125 0.015957446808510637 0.01416015625
1 0.8556231003039514 0.396484375 0.02127659574468085 0.0224609375
1 0.8605623100303952 0.438232421875 0.02507598784194529 0.04248046875
1 0.9213525835866262 0.456787109375 0.019756838905775075 0.0263671875
1 0.7872340425531915 0.446533203125 0.022036474164133738 0.0224609375
1 0.7864741641337386 0.472412109375 0.016717325227963525 0.0263671875
1 0.7872340425531915 0.500244140625 0.019756838905775075 0.025390625
1 0.9198328267477204 0.511962890625 0.0182370820668693 0.01708984375
1 0.9217325227963525 0.534423828125 0.0182370820668693 0.01806640625
1 0.7917933130699089 0.527587890625 0.022796352583586626 0.0263671875
1 0.7883738601823708 0.549560546875 0.015197568389057751 0.0166015625
1 0.7857142857142857 0.336669921875 0.0182370820668693 0.025390625
1 0.854483282674772 0.5224609375 0.019756838905775075 0.0126953125
1 0.8552431610942249 0.57470703125 0.020516717325227963 0.02197265625
1 0.8522036474164134 0.60009765625 0.0182370820668693 0.0263671875
1 0.9205927051671733 0.604248046875 0.022036474164133738 0.01953125
1 0.9190729483282675 0.628662109375 0.014437689969604863 0.0234375
1 0.851823708206687 0.63916015625 0.02127659574468085 0.02734375
1 0.918693009118541 0.665283203125 0.022796352583586626 0.0234375
1 0.8480243161094225 0.69140625 0.015957446808510637 0.01953125
1 0.8468844984802432 0.7177734375 0.023556231003039513 0.02587890625
1 0.9183130699088146 0.718505859375 0.0182370820668693 0.0234375
1 0.9145136778115501 0.744873046875 0.018996960486322188 0.02392578125
1 0.8487841945288754 0.75390625 0.022796352583586626 0.02392578125
1 0.9164133738601824 0.787841796875 0.0182370820668693 0.02294921875
1 0.8529635258358662 0.80224609375 0.022036474164133738 0.0283203125
1 0.915273556231003 0.826416015625 0.015197568389057751 0.02001953125
1 0.8529635258358662 0.828125 0.019756838905775075 0.0224609375
1 0.915273556231003 0.851806640625 0.017477203647416412 0.0234375
1 0.912613981762918 0.872802734375 0.013677811550151976 0.0146484375
1 0.8491641337386018 0.87548828125 0.018996960486322188 0.0126953125
1 0.8499240121580547 0.90087890625 0.023556231003039513 0.02587890625
1 0.9133738601823708 0.919677734375 0.020516717325227963 0.03173828125
1 0.7796352583586627 0.919677734375 0.022796352583586626 0.02978515625
1 0.7819148936170213 0.864013671875 0.019756838905775075 0.0263671875
1 0.7830547112462006 0.818115234375 0.017477203647416412 0.02294921875
1 0.7857142857142857 0.780029296875 0.019756838905775075 0.01318359375
1 0.7857142857142857 0.758544921875 0.019756838905775075 0.02587890625
1 0.787613981762918 0.715087890625 0.022796352583586626 0.01953125
1 0.7849544072948328 0.690673828125 0.019756838905775075 0.0166015625
1 0.7872340425531915 0.671630859375 0.029635258358662615 0.02001953125
1 0.78419452887538 0.637451171875 0.022036474164133738 0.0224609375
1 0.7834346504559271 0.608154296875 0.02127659574468085 0.03662109375
1 0.7275835866261399 0.37890625 0.0243161094224924 0.0244140625
1 0.7218844984802432 0.41943359375 0.018996960486322188 0.02197265625
1 0.7192249240121581 0.32470703125 0.02127659574468085 0.0205078125
1 0.7283434650455927 0.265625 0.018996960486322188 0.03271484375
1 0.6576747720364742 0.265380859375 0.0182370820668693 0.033203125
1 0.6531155015197568 0.322509765625 0.015197568389057751 0.0234375
1 0.6553951367781155 0.381591796875 0.014437689969604863 0.0380859375
1 0.6550151975683891 0.423583984375 0.017477203647416412 0.01904296875
1 0.6580547112462006 0.448974609375 0.02507598784194529 0.03125
1 0.7222644376899696 0.4912109375 0.016717325227963525 0.0185546875
1 0.7203647416413373 0.52587890625 0.0182370820668693 0.0263671875
1 0.7211246200607903 0.560546875 0.016717325227963525 0.0224609375
1 0.7264437689969605 0.58349609375 0.030395136778115502 0.02294921875
1 0.7215045592705167 0.62646484375 0.018996960486322188 0.03515625
1 0.7192249240121581 0.65185546875 0.014437689969604863 0.0126953125
1 0.7222644376899696 0.68017578125 0.023556231003039513 0.02490234375
1 0.7226443768996961 0.74609375 0.025835866261398176 0.03173828125
1 0.7184650455927052 0.796875 0.0243161094224924 0.03076171875
1 0.7169452887537994 0.82080078125 0.015957446808510637 0.013671875
1 0.7150455927051672 0.8583984375 0.014437689969604863 0.0244140625
1 0.7131458966565349 0.88427734375 0.017477203647416412 0.02392578125
1 0.7146656534954408 0.904296875 0.020516717325227963 0.01416015625
1 0.6504559270516718 0.885986328125 0.020516717325227963 0.029296875
1 0.5885258358662614 0.8740234375 0.022796352583586626 0.0234375
1 0.5911854103343465 0.9208984375 0.018996960486322188 0.02783203125
1 0.5881458966565349 0.83056640625 0.022036474164133738 0.02587890625
1 0.6485562310030395 0.818603515625 0.017477203647416412 0.02880859375
1 0.651595744680851 0.763916015625 0.0182370820668693 0.025390625
1 0.6519756838905775 0.724365234375 0.02127659574468085 0.02978515625
1 0.6531155015197568 0.660888671875 0.022796352583586626 0.015625
1 0.6523556231003039 0.628173828125 0.02127659574468085 0.025390625
1 0.6534954407294833 0.556884765625 0.022036474164133738 0.0185546875
1 0.6500759878419453 0.512451171875 0.018996960486322188 0.0244140625
1 0.5957446808510638 0.35400390625 0.017477203647416412 0.0126953125
1 0.5968844984802432 0.37939453125 0.0182370820668693 0.02880859375
1 0.5942249240121581 0.3076171875 0.022036474164133738 0.0283203125
1 0.5976443768996961 0.265625 0.022036474164133738 0.0400390625
1 0.5288753799392097 0.305419921875 0.020516717325227963 0.02490234375
1 0.5927051671732523 0.44189453125 0.0182370820668693 0.03271484375
1 0.5923252279635258 0.48046875 0.025835866261398176 0.0322265625
1 0.5934650455927052 0.53271484375 0.020516717325227963 0.02685546875
1 0.5919452887537994 0.556640625 0.020516717325227963 0.01611328125
1 0.5896656534954408 0.6650390625 0.018996960486322188 0.017578125
1 0.5889057750759878 0.68994140625 0.019756838905775075 0.029296875
1 0.5896656534954408 0.75439453125 0.022796352583586626 0.033203125
1 0.5258358662613982 0.775146484375 0.019756838905775075 0.02880859375
1 0.5227963525835866 0.672607421875 0.019756838905775075 0.02734375
1 0.5281155015197568 0.639892578125 0.022796352583586626 0.02783203125
1 0.5254559270516718 0.594482421875 0.016717325227963525 0.02099609375
1 0.5292553191489362 0.573486328125 0.022036474164133738 0.02880859375
1 0.5250759878419453 0.469970703125 0.015197568389057751 0.02099609375
1 0.46314589665653494 0.2587890625 0.014437689969604863 0.0205078125
1 0.4642857142857143 0.3056640625 0.017477203647416412 0.02197265625
1 0.3993161094224924 0.378173828125 0.02507598784194529 0.03662109375
1 0.39475683890577506 0.407470703125 0.014437689969604863 0.01513671875
1 0.46504559270516715 0.4453125 0.015197568389057751 0.0341796875
1 0.4635258358662614 0.47705078125 0.022036474164133738 0.02587890625
1 0.4623860182370821 0.5751953125 0.018996960486322188 0.0263671875
1 0.46314589665653494 0.62548828125 0.015197568389057751 0.0224609375
1 0.4582066869300912 0.6904296875 0.022036474164133738 0.0302734375
1 0.4574468085106383 0.7216796875 0.017477203647416412 0.02783203125
1 0.46200607902735563 0.7744140625 0.025835866261398176 0.03662109375
1 0.45972644376899696 0.806640625 0.017477203647416412 0.02685546875
1 0.5243161094224924 0.833251953125 0.018996960486322188 0.03466796875
1 0.4627659574468085 0.893310546875 0.017477203647416412 0.01806640625
1 0.4635258358662614 0.919677734375 0.0182370820668693 0.02587890625
1 0.3932370820668693 0.906005859375 0.019756838905775075 0.03662109375
1 0.395516717325228 0.823974609375 0.016717325227963525 0.02294921875
1 0.3974164133738602 0.778564453125 0.017477203647416412 0.015625
1 0.3981762917933131 0.698486328125 0.023556231003039513 0.02685546875
1 0.3958966565349544 0.670166015625 0.023556231003039513 0.02587890625
1 0.3932370820668693 0.629638671875 0.022036474164133738 0.02783203125
1 0.395516717325228 0.602294921875 0.02127659574468085 0.02294921875
1 0.39475683890577506 0.483642578125 0.0182370820668693 0.02392578125
1 0.3981762917933131 0.447021484375 0.023556231003039513 0.02685546875
1 0.3271276595744681 0.349609375 0.013677811550151976 0.0166015625
1 0.3305471124620061 0.326171875 0.018996960486322188 0.0263671875
1 0.3966565349544073 0.300048828125 0.015197568389057751 0.029296875
1 0.3301671732522796 0.29052734375 0.0182370820668693 0.03466796875
1 0.33472644376899696 0.2568359375 0.0243161094224924 0.0302734375
1 0.26443768996960487 0.297607421875 0.016717325227963525 0.02880859375
1 0.19946808510638298 0.314453125 0.0182370820668693 0.025390625
1 0.2006079027355623 0.36328125 0.015957446808510637 0.02294921875
1 0.26177811550151975 0.368408203125 0.018996960486322188 0.03125
1 0.19908814589665655 0.4150390625 0.0182370820668693 0.0166015625
1 0.2587386018237082 0.433837890625 0.022796352583586626 0.02880859375
1 0.20174772036474165 0.43505859375 0.016717325227963525 0.02001953125
1 0.20174772036474165 0.458984375 0.0182370820668693 0.0244140625
1 0.2594984802431611 0.463134765625 0.016717325227963525 0.02783203125
1 0.26443768996960487 0.492919921875 0.018996960486322188 0.029296875
1 0.20022796352583586 0.4833984375 0.02127659574468085 0.02099609375
1 0.20174772036474165 0.50830078125 0.020516717325227963 0.02392578125
1 0.2032674772036474 0.53662109375 0.022796352583586626 0.02880859375
1 0.2655775075987842 0.564208984375 0.019756838905775075 0.025390625
1 0.20174772036474165 0.62744140625 0.016717325227963525 0.0263671875
1 0.26177811550151975 0.623779296875 0.025835866261398176 0.01953125
1 0.2674772036474164 0.642333984375 0.026595744680851064 0.021484375
1 0.20098784194528876 0.6533203125 0.02507598784194529 0.02197265625
1 0.26367781155015196 0.671142578125 0.022796352583586626 0.02978515625
1 0.2032674772036474 0.67822265625 0.02811550151975684 0.02734375
1 0.2648176291793313 0.703857421875 0.0182370820668693 0.0263671875
1 0.20212765957446807 0.724609375 0.02127659574468085 0.0244140625
1 0.2693768996960486 0.74072265625 0.026595744680851064 0.0244140625
1 0.2013677811550152 0.75048828125 0.013677811550151976 0.02001953125
1 0.33472644376899696 0.730224609375 0.018996960486322188 0.0390625
1 0.33548632218844987 0.768310546875 0.02507598784194529 0.02880859375
1 0.2663373860182371 0.843994140625 0.015957446808510637 0.025390625
1 0.33282674772036475 0.832763671875 0.019756838905775075 0.03564453125
1 0.20212765957446807 0.811767578125 0.020516717325227963 0.0234375
1 0.20212765957446807 0.835693359375 0.02127659574468085 0.02392578125
1 0.20516717325227962 0.862548828125 0.02811550151975684 0.02392578125
1 0.2013677811550152 0.885009765625 0.015957446808510637 0.02099609375
1 0.33472644376899696 0.898193359375 0.017477203647416412 0.021484375
1 0.33206686930091184 0.920654296875 0.020516717325227963 0.01953125
1 0.3305471124620061 0.52587890625 0.013677811550151976 0.01513671875
1 0.3332066869300912 0.57568359375 0.020516717325227963 0.02734375
1 0.33396656534954405 0.6298828125 0.022036474164133738 0.0380859375
1 0.3316869300911854 0.48583984375 0.017477203647416412 0.0244140625
1 0.3301671732522796 0.46044921875 0.015957446808510637 0.01708984375
1 0.33206686930091184 0.43798828125 0.016717325227963525 0.02099609375
1 0.26367781155015196 0.520263671875 0.015957446808510637 0.02392578125