0 0.7706422018348624 0.18017578125 0.03881439661256175 0.02294921875
0 0.7699364855328158 0.2080078125 0.03599153140437544 0.02197265625
0 0.7699364855328158 0.23583984375 0.03458009880028229 0.0224609375
0 0.7727593507410021 0.2626953125 0.03952011291460833 0.03173828125
0 0.7311220889202541 0.25634765625 0.035285815102328866 0.02099609375
0 0.7318278052223006 0.23486328125 0.035285815102328866 0.017578125
0 0.7290049400141143 0.2099609375 0.038108680310515175 0.0263671875
0 0.7304163726182075 0.18017578125 0.038108680310515175 0.02294921875
0 0.6901905434015526 0.2333984375 0.04234297812279464 0.02392578125
1 0.7826393789696542 0.1796875 0.012702893436838392 0.02001953125
1 0.7826393789696542 0.2060546875 0.014114326040931546 0.01171875
1 0.7819336626676077 0.23486328125 0.01058574453069866 0.01513671875
1 0.7833450952717008 0.25927734375 0.014114326040931546 0.0244140625
1 0.7417078334509527 0.25341796875 0.011291460832745237 0.01318359375
1 0.7417078334509527 0.23193359375 0.011997177134791814 0.01171875
1 0.7402964008468595 0.21044921875 0.011291460832745237 0.0244140625
1 0.7424135497529993 0.181640625 0.011997177134791814 0.01806640625
1 0.7000705716302047 0.2333984375 0.014820042342978124 0.02001953125
0 0.8899082568807339 0.287109375 0.05434015525758645 0.02685546875
0 0.884968242766408 0.3427734375 0.05998588567395907 0.04150390625
0 0.8870853916725476 0.310546875 0.059280169371912494 0.0185546875
0 0.8828510938602682 0.232421875 0.06351446718419196 0.0361328125
0 0.8863796753705011 0.26416015625 0.06351446718419196 0.0224609375
0 0.8842625264643613 0.197265625 0.06633733239237827 0.041015625
0 0.8821453775582216 0.15673828125 0.06492589978828511 0.04150390625
1 0.9061397318278053 0.15087890625 0.015525758645024701 0.02880859375
1 0.9068454481298518 0.189453125 0.016937191249117856 0.02294921875
1 0.9061397318278053 0.22802734375 0.01058574453069866 0.02392578125
1 0.908256880733945 0.259765625 0.012702893436838392 0.01171875
1 0.9061397318278053 0.28466796875 0.011997177134791814 0.02197265625
1 0.9075511644318984 0.3076171875 0.012702893436838392 0.01123046875
1 0.9068454481298518 0.33642578125 0.011997177134791814 0.02490234375