0 0.7796075683251577 0.18466047874938935 0.04064470918009811 0.02344894968246214
0 0.7361597757533287 0.18319491939423546 0.042747021723896286 0.022960429897410845
0 0.7775052557813595 0.21006350757205666 0.04064470918009811 0.023937469467513434
0 0.7775052557813595 0.23693209574987786 0.039243167484232656 0.021983390327308255
0 0.7796075683251577 0.2589154860771861 0.04414856341976174 0.019540791402051783
0 0.7375613174491941 0.2340009770395701 0.04134548002803083 0.030776746458231558
0 0.7375613174491941 0.20517830972154372 0.036440084092501754 0.02247191011235955
0 0.8882270497547302 0.3202247191011236 0.05886475122634898 0.022960429897410845
0 0.8903293622985283 0.3495359062042013 0.06096706377014716 0.0449438202247191
0 0.8910301331464611 0.29531021006350755 0.05886475122634898 0.02784562774792379
0 0.8896285914505957 0.2708842208109428 0.05746320953048353 0.026380068392769906
0 0.8896285914505957 0.2401074743527113 0.06166783461807989 0.03712750366389839
0 0.8882270497547302 0.2024914509037616 0.0644709180098108 0.039081582804103565
0 0.8892782060266293 0.16438690766976063 0.0672740014015417 0.04396678065461651
1 0.913104414856342 0.1607230092818759 0.014716187806587245 0.034684904738641914
1 0.9124036440084092 0.1968734733756717 0.014716187806587245 0.024425989252564728
1 0.9106517168885775 0.23644357596482657 0.0161177295024527 0.02882266731802638
1 0.9120532585844429 0.26722032242305815 0.01401541695865452 0.014655593551538837
1 0.9113524877365101 0.2950659501709819 0.016818500350385426 0.026380068392769906
1 0.9106517168885775 0.3180263800683928 0.012613875262789068 0.012701514411333659
1 0.9106517168885775 0.3444064484611627 0.01401541695865452 0.03321934538348803
1 0.791520672740014 0.25940400586223744 0.016818500350385426 0.019052271617000488
1 0.7908199018920813 0.23742061553492916 0.013314646110721794 0.02247191011235955
1 0.7487736510161177 0.23058133854421103 0.01401541695865452 0.021983390327308255
1 0.791520672740014 0.20859794821690278 0.012613875262789068 0.022960429897410845
1 0.748072880168185 0.20517830972154372 0.01401541695865452 0.014655593551538837
1 0.7508759635599159 0.18368343917928676 0.011212333566923615 0.02149487054225696
1 0.7936229852838121 0.18466047874938935 0.01401541695865452 0.021006350757205666