0 0.8505271084337349 0.1748046875 0.0858433734939759 0.03515625
0 0.8460090361445783 0.2060546875 0.09036144578313253 0.02392578125
0 0.8505271084337349 0.23486328125 0.08283132530120482 0.02978515625
0 0.8445030120481928 0.263671875 0.09036144578313253 0.02880859375
0 0.8445030120481928 0.2900390625 0.0730421686746988 0.021484375
0 0.8505271084337349 0.318359375 0.0730421686746988 0.0361328125
0 0.8433734939759037 0.35986328125 0.07981927710843373 0.0478515625
0 0.7390813253012049 0.182373046875 0.0858433734939759 0.03564453125
0 0.7341867469879518 0.219970703125 0.09487951807228916 0.0380859375
0 0.7274096385542169 0.248046875 0.10692771084337349 0.03125
0 0.7274096385542169 0.27783203125 0.1016566265060241 0.03125
0 0.7296686746987951 0.310791015625 0.09713855421686747 0.0400390625
0 0.7255271084337349 0.34423828125 0.10391566265060241 0.0380859375
0 0.7217620481927711 0.375 0.11069277108433735 0.041015625
0 0.6366716867469879 0.1806640625 0.05271084337349398 0.0380859375
0 0.6317771084337349 0.2255859375 0.05271084337349398 0.025390625
0 0.6332831325301205 0.27783203125 0.05421686746987952 0.03759765625
0 0.6344126506024096 0.32421875 0.04969879518072289 0.03369140625
0 0.5884789156626506 0.20166015625 0.036897590361445784 0.02197265625
0 0.5881024096385542 0.22705078125 0.038403614457831324 0.01416015625
0 0.5892319277108434 0.24072265625 0.0338855421686747 0.01171875
0 0.588855421686747 0.25048828125 0.03765060240963856 0.009765625
0 0.5899849397590361 0.2646484375 0.04141566265060241 0.01953125
0 0.5881024096385542 0.28271484375 0.03765060240963856 0.01904296875
0 0.5881024096385542 0.3017578125 0.0391566265060241 0.02001953125
0 0.583960843373494 0.32275390625 0.0391566265060241 0.0166015625
0 0.5843373493975904 0.41259765625 0.0391566265060241 0.02734375
0 0.5858433734939759 0.38916015625 0.04141566265060241 0.0205078125
0 0.5828313253012049 0.4443359375 0.03765060240963856 0.0224609375
0 0.5817018072289156 0.49072265625 0.04216867469879518 0.0234375
0 0.5824548192771084 0.51025390625 0.04141566265060241 0.01806640625
0 0.5421686746987951 0.50390625 0.036897590361445784 0.01171875
0 0.5417921686746988 0.5166015625 0.0391566265060241 0.0126953125
0 0.5432981927710844 0.49267578125 0.03614457831325301 0.013671875
0 0.5436746987951807 0.4677734375 0.04141566265060241 0.01904296875
0 0.5432981927710844 0.4521484375 0.039909638554216864 0.015625
0 0.5496987951807228 0.30322265625 0.0338855421686747 0.02294921875
0 0.4755271084337349 0.345947265625 0.0338855421686747 0.0205078125
0 0.47816265060240964 0.299560546875 0.0391566265060241 0.01806640625
0 0.4740210843373494 0.315673828125 0.03313253012048193 0.01416015625
0 0.5041415662650602 0.47998046875 0.038403614457831324 0.0205078125
0 0.5026355421686747 0.46142578125 0.04066265060240964 0.01708984375
0 0.5056475903614458 0.4326171875 0.043674698795180725 0.01953125
0 0.5086596385542169 0.408203125 0.03765060240963856 0.009765625
0 0.5075301204819277 0.41650390625 0.04292168674698795 0.0078125
0 0.46987951807228917 0.364990234375 0.03162650602409638 0.015625
0 0.5124246987951807 0.35107421875 0.038403614457831324 0.02099609375
0 0.5128012048192772 0.330078125 0.0391566265060241 0.02099609375
0 0.5124246987951807 0.2939453125 0.035391566265060244 0.02099609375
0 0.5173192771084337 0.276123046875 0.0391566265060241 0.015625
0 0.5112951807228916 0.25244140625 0.04141566265060241 0.01708984375
0 0.5131777108433735 0.23779296875 0.036897590361445784 0.01416015625
0 0.5124246987951807 0.203125 0.038403614457831324 0.01513671875
0 0.5150602409638554 0.187744140625 0.04066265060240964 0.01806640625
0 0.47778614457831325 0.268310546875 0.036897590361445784 0.0185546875
0 0.4182981927710843 0.31884765625 0.061746987951807226 0.03466796875
0 0.4194277108433735 0.26953125 0.05798192771084337 0.03369140625
0 0.42243975903614456 0.21630859375 0.060240963855421686 0.0283203125
0 0.42808734939759036 0.17333984375 0.05647590361445783 0.02880859375
0 0.37198795180722893 0.18701171875 0.043674698795180725 0.0205078125
0 0.3723644578313253 0.2041015625 0.04442771084337349 0.013671875
0 0.3697289156626506 0.21923828125 0.045180722891566265 0.0166015625
0 0.37085843373493976 0.23193359375 0.045180722891566265 0.0078125
0 0.3704819277108434 0.24267578125 0.04141566265060241 0.013671875
0 0.3670933734939759 0.25537109375 0.04593373493975904 0.01416015625
0 0.3682228915662651 0.2685546875 0.04442771084337349 0.0107421875
0 0.3678463855421687 0.28271484375 0.04593373493975904 0.0166015625
0 0.36596385542168675 0.30078125 0.039909638554216864 0.0166015625
0 0.36332831325301207 0.33984375 0.04141566265060241 0.017578125
0 0.31400602409638556 0.167236328125 0.05948795180722891 0.01611328125
0 0.31626506024096385 0.189697265625 0.05421686746987952 0.02978515625
0 0.2680722891566265 0.469970703125 0.04894578313253012 0.02294921875
0 0.26581325301204817 0.448974609375 0.04819277108433735 0.02001953125
0 0.2692018072289157 0.207763671875 0.04066265060240964 0.0166015625
0 0.27183734939759036 0.188232421875 0.0391566265060241 0.02294921875
0 0.23606927710843373 0.23779296875 0.04216867469879518 0.01611328125
0 0.23381024096385541 0.25439453125 0.04066265060240964 0.01708984375
0 0.13667168674698796 0.208740234375 0.06701807228915663 0.037109375
0 0.13667168674698796 0.255126953125 0.07530120481927711 0.03857421875
0 0.13253012048192772 0.302978515625 0.08057228915662651 0.0361328125
0 0.13140060240963855 0.342041015625 0.07454819277108433 0.033203125
0 0.8448795180722891 0.55126953125 0.07153614457831325 0.03466796875
0 0.8433734939759037 0.5869140625 0.06701807228915663 0.03564453125
0 0.84375 0.6259765625 0.06325301204819277 0.03515625
0 0.7564006024096386 0.564453125 0.09262048192771084 0.03076171875
0 0.7545180722891566 0.59033203125 0.09487951807228916 0.03076171875
0 0.7533885542168675 0.62109375 0.09412650602409639 0.03271484375
0 0.7518825301204819 0.654296875 0.09487951807228916 0.03466796875
0 0.7503765060240963 0.689453125 0.09713855421686747 0.0361328125
0 0.7560240963855421 0.724609375 0.08509036144578314 0.0400390625
0 0.7537650602409639 0.7587890625 0.08358433734939759 0.03564453125
0 0.6472138554216867 0.684814453125 0.06852409638554217 0.02880859375
0 0.6494728915662651 0.654052734375 0.07003012048192771 0.03076171875
0 0.6457078313253012 0.620361328125 0.07078313253012049 0.03173828125
0 0.6498493975903614 0.590087890625 0.07003012048192771 0.0341796875
0 0.6506024096385542 0.557861328125 0.07379518072289157 0.0283203125
0 0.5805722891566265 0.587890625 0.04743975903614458 0.02099609375
0 0.5820783132530121 0.611328125 0.054969879518072286 0.02294921875
0 0.5278614457831325 0.611083984375 0.05271084337349398 0.0244140625
0 0.5271084337349398 0.586181640625 0.05271084337349398 0.02294921875
0 0.5775602409638554 0.64599609375 0.04969879518072289 0.0234375
0 0.5240963855421686 0.644775390625 0.04894578313253012 0.02001953125
0 0.5210843373493976 0.668701171875 0.05271084337349398 0.0224609375
0 0.5805722891566265 0.66943359375 0.05421686746987952 0.0234375
0 0.5779367469879518 0.7060546875 0.04819277108433735 0.021484375
0 0.5798192771084337 0.72802734375 0.0572289156626506 0.021484375
0 0.5237198795180723 0.705810546875 0.06099397590361446 0.0224609375
0 0.5233433734939759 0.726806640625 0.053463855421686746 0.01904296875
0 0.5801957831325302 0.7685546875 0.060240963855421686 0.02587890625
0 0.5184487951807228 0.763916015625 0.06475903614457831 0.02197265625
0 0.5176957831325302 0.790283203125 0.058734939759036146 0.02734375
0 0.5764307228915663 0.79296875 0.051957831325301206 0.02490234375
0 0.5719126506024096 0.826171875 0.04819277108433735 0.02099609375
0 0.5222138554216867 0.827880859375 0.05271084337349398 0.021484375
0 0.5184487951807228 0.848388671875 0.04969879518072289 0.0185546875
0 0.5726656626506024 0.85009765625 0.04894578313253012 0.02587890625
0 0.6332831325301205 0.80224609375 0.054969879518072286 0.0244140625
0 0.6344126506024096 0.822265625 0.060240963855421686 0.01416015625
0 0.6332831325301205 0.83837890625 0.04819277108433735 0.01708984375
0 0.4627259036144578 0.5634765625 0.030873493975903613 0.01513671875
0 0.47213855421686746 0.584228515625 0.036897590361445784 0.02587890625
0 0.47063253012048195 0.617919921875 0.04819277108433735 0.0234375
0 0.4713855421686747 0.646728515625 0.051957831325301206 0.02001953125
0 0.4691265060240964 0.667724609375 0.04969879518072289 0.021484375
0 0.46498493975903615 0.824462890625 0.045180722891566265 0.021484375
0 0.42281626506024095 0.799072265625 0.04894578313253012 0.021484375
0 0.37650602409638556 0.80712890625 0.04066265060240964 0.02587890625
0 0.4250753012048193 0.594970703125 0.04894578313253012 0.0341796875
0 0.432605421686747 0.567626953125 0.039909638554216864 0.02294921875
0 0.40248493975903615 0.57080078125 0.023343373493975902 0.0224609375
0 0.38478915662650603 0.589111328125 0.04066265060240964 0.0205078125
0 0.38403614457831325 0.614990234375 0.04442771084337349 0.02490234375
0 0.38403614457831325 0.638916015625 0.04442771084337349 0.0205078125
0 0.31626506024096385 0.55712890625 0.07228915662650602 0.03759765625
0 0.31362951807228917 0.594970703125 0.06551204819277108 0.033203125
0 0.3102409638554217 0.635986328125 0.06701807228915663 0.033203125
0 0.31137048192771083 0.680419921875 0.06626506024096386 0.0361328125
0 0.254894578313253 0.564697265625 0.050451807228915665 0.0185546875
0 0.2552710843373494 0.580810546875 0.045180722891566265 0.01318359375
0 0.25338855421686746 0.595947265625 0.04292168674698795 0.01318359375
0 0.25301204819277107 0.615966796875 0.04292168674698795 0.02587890625
0 0.24924698795180722 0.69921875 0.036897590361445784 0.02099609375
0 0.25112951807228917 0.796630859375 0.045180722891566265 0.03076171875
0 0.25338855421686746 0.818603515625 0.051957831325301206 0.0234375
0 0.2564006024096386 0.846435546875 0.029367469879518073 0.02294921875
0 0.24811746987951808 0.881591796875 0.045180722891566265 0.04248046875
0 0.20783132530120482 0.802978515625 0.04292168674698795 0.01904296875
0 0.2085843373493976 0.833251953125 0.04593373493975904 0.0234375
0 0.2055722891566265 0.866943359375 0.045180722891566265 0.01904296875
0 0.21121987951807228 0.902099609375 0.02786144578313253 0.02099609375
0 0.1690512048192771 0.900146484375 0.051957831325301206 0.0234375
0 0.1690512048192771 0.854736328125 0.050451807228915665 0.013671875
0 0.16415662650602408 0.837646484375 0.043674698795180725 0.01806640625
0 0.16754518072289157 0.818115234375 0.04216867469879518 0.02294921875
0 0.16265060240963855 0.799072265625 0.04442771084337349 0.017578125
0 0.1690512048192771 0.765380859375 0.046686746987951805 0.01708984375
0 0.1686746987951807 0.748291015625 0.046686746987951805 0.017578125
0 0.16754518072289157 0.731689453125 0.04141566265060241 0.01318359375
0 0.16716867469879518 0.717529296875 0.04292168674698795 0.0146484375
0 0.16754518072289157 0.703369140625 0.039909638554216864 0.0146484375
0 0.17055722891566266 0.686279296875 0.04066265060240964 0.0234375
0 0.1690512048192771 0.656982421875 0.0391566265060241 0.0263671875
0 0.16829819277108435 0.564208984375 0.04141566265060241 0.017578125
0 0.21121987951807228 0.564208984375 0.036897590361445784 0.01708984375
0 0.12424698795180723 0.665283203125 0.0391566265060241 0.021484375
0 0.08885542168674698 0.728271484375 0.046686746987951805 0.01611328125
0 0.08734939759036145 0.743896484375 0.04216867469879518 0.01513671875
0 0.12575301204819278 0.775146484375 0.04141566265060241 0.0185546875
0 0.12123493975903614 0.864013671875 0.03765060240963856 0.015625
0 0.12274096385542169 0.884033203125 0.04292168674698795 0.0244140625
1 0.8791415662650602 0.174072265625 0.01957831325301205 0.033203125
1 0.8761295180722891 0.203857421875 0.01430722891566265 0.0166015625
1 0.8768825301204819 0.233154296875 0.022590361445783132 0.02734375
1 0.8731174698795181 0.261962890625 0.022590361445783132 0.02001953125
1 0.8708584337349398 0.288330078125 0.01957831325301205 0.01806640625
1 0.8708584337349398 0.318115234375 0.02033132530120482 0.03369140625
1 0.8716114457831325 0.351806640625 0.01957831325301205 0.02783203125
1 0.7616716867469879 0.375 0.01957831325301205 0.0126953125
1 0.7639307228915663 0.34765625 0.023343373493975902 0.0302734375
1 0.7661897590361446 0.31298828125 0.024849397590361446 0.0390625
1 0.7658132530120482 0.2763671875 0.021837349397590362 0.0234375
1 0.7673192771084337 0.25146484375 0.02033132530120482 0.02099609375
1 0.7680722891566265 0.21923828125 0.023343373493975902 0.037109375
1 0.7684487951807228 0.1806640625 0.02635542168674699 0.03076171875
1 0.6509789156626506 0.182861328125 0.021837349397590362 0.0322265625
1 0.6521084337349398 0.223876953125 0.01581325301204819 0.01318359375
1 0.6498493975903614 0.272705078125 0.016566265060240965 0.0283203125
1 0.6479668674698795 0.323486328125 0.02033132530120482 0.025390625
1 0.5982680722891566 0.2021484375 0.011295180722891566 0.02099609375
1 0.5997740963855421 0.22802734375 0.011295180722891566 0.01318359375
1 0.5997740963855421 0.240234375 0.009789156626506024 0.0107421875
1 0.6009036144578314 0.251220703125 0.012048192771084338 0.00830078125
1 0.5990210843373494 0.26416015625 0.017319277108433735 0.017578125
1 0.5978915662650602 0.283203125 0.016566265060240965 0.0146484375
1 0.5971385542168675 0.30078125 0.017319277108433735 0.01708984375
1 0.5952560240963856 0.32177734375 0.012048192771084338 0.01123046875
1 0.598644578313253 0.387451171875 0.01957831325301205 0.0166015625
1 0.5956325301204819 0.40966796875 0.016566265060240965 0.0185546875
1 0.5933734939759037 0.44384765625 0.01355421686746988 0.02099609375
1 0.5929969879518072 0.490234375 0.01581325301204819 0.0224609375
1 0.5922439759036144 0.51025390625 0.015060240963855422 0.0166015625
1 0.5538403614457831 0.517333984375 0.01430722891566265 0.01123046875
1 0.5557228915662651 0.504638671875 0.01355421686746988 0.0087890625
1 0.5545933734939759 0.491455078125 0.009789156626506024 0.0126953125
1 0.5549698795180723 0.467041015625 0.01430722891566265 0.01611328125
1 0.5560993975903614 0.451904296875 0.009789156626506024 0.01171875
1 0.5609939759036144 0.302978515625 0.011295180722891566 0.02197265625
1 0.5271084337349398 0.187744140625 0.017319277108433735 0.017578125
1 0.5237198795180723 0.202392578125 0.01355421686746988 0.0087890625
1 0.5237198795180723 0.237548828125 0.011295180722891566 0.01171875
1 0.5225903614457831 0.253173828125 0.012048192771084338 0.01025390625
1 0.526355421686747 0.275146484375 0.02033132530120482 0.01171875
1 0.5229668674698795 0.295166015625 0.01581325301204819 0.01904296875
1 0.5218373493975904 0.329833984375 0.017319277108433735 0.0185546875
1 0.5199548192771084 0.351806640625 0.01882530120481928 0.01904296875
1 0.5199548192771084 0.407958984375 0.01430722891566265 0.00830078125
1 0.5195783132530121 0.416748046875 0.01581325301204819 0.00732421875
1 0.5184487951807228 0.432861328125 0.016566265060240965 0.01953125
1 0.5161897590361446 0.462646484375 0.018072289156626505 0.01513671875
1 0.5150602409638554 0.478271484375 0.012048192771084338 0.01123046875
1 0.4875753012048193 0.268798828125 0.017319277108433735 0.01708984375
1 0.4871987951807229 0.300048828125 0.01581325301204819 0.0166015625
1 0.48305722891566266 0.315673828125 0.012048192771084338 0.01025390625
1 0.4868222891566265 0.345458984375 0.009789156626506024 0.01806640625
1 0.4811746987951807 0.364501953125 0.009789156626506024 0.00927734375
1 0.4401355421686747 0.314697265625 0.011295180722891566 0.0224609375
1 0.4397590361445783 0.272216796875 0.01882530120481928 0.02490234375
1 0.44653614457831325 0.216064453125 0.01581325301204819 0.025390625
1 0.4446536144578313 0.174560546875 0.021837349397590362 0.02587890625
1 0.38478915662650603 0.18603515625 0.01430722891566265 0.017578125
1 0.3851656626506024 0.20458984375 0.01581325301204819 0.01220703125
1 0.3832831325301205 0.21923828125 0.02033132530120482 0.01708984375
1 0.38365963855421686 0.232421875 0.01882530120481928 0.00830078125
1 0.3802710843373494 0.24365234375 0.018072289156626505 0.01171875
1 0.37914156626506024 0.25537109375 0.01581325301204819 0.0107421875
1 0.3810240963855422 0.2685546875 0.012801204819277108 0.009765625
1 0.3802710843373494 0.28076171875 0.018072289156626505 0.01220703125
1 0.37801204819277107 0.3017578125 0.009789156626506024 0.0166015625
1 0.37688253012048195 0.3388671875 0.011295180722891566 0.01025390625
1 0.27710843373493976 0.44482421875 0.016566265060240965 0.01123046875
1 0.27786144578313254 0.46826171875 0.022590361445783132 0.02001953125
1 0.24623493975903615 0.25244140625 0.015060240963855422 0.01318359375
1 0.2473644578313253 0.23828125 0.015060240963855422 0.01416015625
1 0.28275602409638556 0.2080078125 0.009789156626506024 0.01220703125
1 0.28313253012048195 0.18798828125 0.015060240963855422 0.0205078125
1 0.33207831325301207 0.1669921875 0.01430722891566265 0.01123046875
1 0.3335843373493976 0.1904296875 0.017319277108433735 0.02880859375
1 0.16076807228915663 0.20654296875 0.02033132530120482 0.029296875
1 0.16001506024096385 0.2568359375 0.02033132530120482 0.03662109375
1 0.15963855421686746 0.30419921875 0.022590361445783132 0.02978515625
1 0.15549698795180722 0.34228515625 0.01882530120481928 0.02978515625
1 0.8682228915662651 0.551025390625 0.01957831325301205 0.033203125
1 0.865210843373494 0.588134765625 0.017319277108433735 0.0322265625
1 0.8648343373493976 0.624267578125 0.015060240963855422 0.02587890625
1 0.7880271084337349 0.622802734375 0.01957831325301205 0.02685546875
1 0.7906626506024096 0.591796875 0.022590361445783132 0.02294921875
1 0.7891566265060241 0.560302734375 0.021837349397590362 0.0224609375
1 0.7880271084337349 0.651611328125 0.023343373493975902 0.025390625
1 0.7842620481927711 0.681884765625 0.018072289156626505 0.0205078125
1 0.7857680722891566 0.713623046875 0.02033132530120482 0.0185546875
1 0.7831325301204819 0.755126953125 0.018072289156626505 0.02685546875
1 0.6509789156626506 0.822998046875 0.03162650602409638 0.01416015625
1 0.6460843373493976 0.802001953125 0.02635542168674699 0.0234375
1 0.6438253012048193 0.837646484375 0.018072289156626505 0.0166015625
1 0.6667921686746988 0.68310546875 0.016566265060240965 0.02294921875
1 0.6705572289156626 0.6533203125 0.022590361445783132 0.025390625
1 0.670933734939759 0.619140625 0.02108433734939759 0.0224609375
1 0.6746987951807228 0.5849609375 0.02108433734939759 0.0244140625
1 0.6746987951807228 0.55908203125 0.02108433734939759 0.0244140625
1 0.5948795180722891 0.587890625 0.012048192771084338 0.017578125
1 0.5978915662650602 0.610595703125 0.01581325301204819 0.0224609375
1 0.5948795180722891 0.6455078125 0.01430722891566265 0.0185546875
1 0.5918674698795181 0.66845703125 0.01957831325301205 0.01904296875
1 0.5914909638554217 0.70654296875 0.01882530120481928 0.01611328125
1 0.5926204819277109 0.7255859375 0.02033132530120482 0.0185546875
1 0.5376506024096386 0.72705078125 0.01957831325301205 0.01708984375
1 0.5402861445783133 0.70556640625 0.021837349397590362 0.0224609375
1 0.5952560240963856 0.769775390625 0.02033132530120482 0.01953125
1 0.59375 0.793212890625 0.01882530120481928 0.0205078125
1 0.5357680722891566 0.79052734375 0.024849397590361446 0.02392578125
1 0.5387801204819277 0.765625 0.022590361445783132 0.02099609375
1 0.5372740963855421 0.8271484375 0.02033132530120482 0.02099609375
1 0.5945030120481928 0.824462890625 0.017319277108433735 0.01513671875
1 0.5922439759036144 0.84619140625 0.01957831325301205 0.0234375
1 0.5350150602409639 0.8486328125 0.01581325301204819 0.0087890625
1 0.47853915662650603 0.823486328125 0.017319277108433735 0.017578125
1 0.43637048192771083 0.799072265625 0.02033132530120482 0.01953125
1 0.39156626506024095 0.807373046875 0.02033132530120482 0.02685546875
1 0.5399096385542169 0.66845703125 0.01882530120481928 0.01904296875
1 0.5399096385542169 0.64501953125 0.01430722891566265 0.01416015625
1 0.5429216867469879 0.611328125 0.022590361445783132 0.0234375
1 0.5429216867469879 0.58544921875 0.018072289156626505 0.01806640625
1 0.47176204819277107 0.564697265625 0.01581325301204819 0.01416015625
1 0.48343373493975905 0.583740234375 0.015060240963855422 0.02197265625
1 0.48268072289156627 0.615966796875 0.016566265060240965 0.017578125
1 0.4871987951807229 0.645263671875 0.023343373493975902 0.021484375
1 0.48569277108433734 0.669677734375 0.018072289156626505 0.02099609375
1 0.3998493975903614 0.640869140625 0.01882530120481928 0.01708984375
1 0.3983433734939759 0.614013671875 0.02033132530120482 0.0205078125
1 0.44088855421686746 0.595947265625 0.015060240963855422 0.03466796875
1 0.4431475903614458 0.566650390625 0.017319277108433735 0.0185546875
1 0.4085090361445783 0.5654296875 0.011295180722891566 0.013671875
1 0.3960843373493976 0.589111328125 0.012048192771084338 0.0146484375
1 0.33396084337349397 0.68115234375 0.023343373493975902 0.03125
1 0.3335843373493976 0.634765625 0.01430722891566265 0.015625
1 0.3354668674698795 0.59521484375 0.018072289156626505 0.03076171875
1 0.34036144578313254 0.558349609375 0.0286144578313253 0.03564453125
1 0.2707078313253012 0.565673828125 0.017319277108433735 0.01611328125
1 0.2688253012048193 0.579833984375 0.01581325301204819 0.0107421875
1 0.26618975903614456 0.593994140625 0.012801204819277108 0.01171875
1 0.26506024096385544 0.615966796875 0.018072289156626505 0.0263671875
1 0.2240210843373494 0.564697265625 0.012801204819277108 0.01611328125
1 0.18185240963855423 0.564208984375 0.012048192771084338 0.01708984375
1 0.18109939759036145 0.657958984375 0.01581325301204819 0.0283203125
1 0.26129518072289154 0.699462890625 0.012048192771084338 0.01904296875
1 0.18185240963855423 0.685302734375 0.02108433734939759 0.021484375
1 0.18109939759036145 0.702392578125 0.016566265060240965 0.0146484375
1 0.17996987951807228 0.717041015625 0.018072289156626505 0.01513671875
1 0.17658132530120482 0.730712890625 0.01430722891566265 0.00927734375
1 0.17996987951807228 0.749267578125 0.01430722891566265 0.0146484375
1 0.18260542168674698 0.764892578125 0.017319277108433735 0.0166015625
1 0.09939759036144578 0.728515625 0.017319277108433735 0.0166015625
1 0.13704819277108435 0.666259765625 0.01430722891566265 0.0205078125
1 0.10015060240963855 0.74462890625 0.01581325301204819 0.0146484375
1 0.13930722891566266 0.774169921875 0.016566265060240965 0.013671875
1 0.17884036144578314 0.797119140625 0.011295180722891566 0.0087890625
1 0.2213855421686747 0.802490234375 0.017319277108433735 0.01806640625
1 0.26618975903614456 0.795654296875 0.016566265060240965 0.029296875
1 0.26468373493975905 0.820068359375 0.02108433734939759 0.015625
1 0.2213855421686747 0.833740234375 0.024096385542168676 0.02392578125
1 0.26167168674698793 0.843994140625 0.02108433734939759 0.0224609375
1 0.17808734939759036 0.816650390625 0.01430722891566265 0.01904296875
1 0.17921686746987953 0.836669921875 0.015060240963855422 0.01806640625
1 0.18411144578313254 0.8544921875 0.02033132530120482 0.0126953125
1 0.22063253012048192 0.864990234375 0.012801204819277108 0.0166015625
1 0.2624246987951807 0.881591796875 0.023343373493975902 0.04248046875
1 0.21724397590361447 0.900634765625 0.01957831325301205 0.021484375
1 0.19239457831325302 0.90087890625 0.016566265060240965 0.0185546875
1 0.1355421686746988 0.884033203125 0.017319277108433735 0.0244140625
1 0.13403614457831325 0.863525390625 0.011295180722891566 0.01220703125