0 0.8860610806577917 0.681884765625 0.05951448707909162 0.03125
0 0.8911511354737667 0.716552734375 0.06342991386061081 0.03466796875
0 0.37196554424432265 0.89404296875 0.07752545027407988 0.03662109375
0 0.2948316366483947 0.853271484375 0.06656225528582616 0.037109375
0 0.29013312451057166 0.822265625 0.07517619420516837 0.025390625
0 0.28582615505090053 0.7275390625 0.06812842599843383 0.02734375
0 0.28425998433829286 0.697265625 0.06186374314800313 0.033203125
0 0.35552075176194203 0.664794921875 0.06499608457321848 0.0361328125
0 0.35277995301487863 0.627685546875 0.06499608457321848 0.02783203125
0 0.35121378230227096 0.595947265625 0.06734534064212999 0.0302734375
0 0.34886452623335945 0.564208984375 0.06891151135473766 0.0302734375
0 0.4291307752545027 0.494384765625 0.058731401722787784 0.037109375
0 0.4240407204385278 0.460693359375 0.06891151135473766 0.029296875
0 0.3433829287392326 0.295654296875 0.06342991386061081 0.03076171875
0 0.34651527016444794 0.264404296875 0.06891151135473766 0.03271484375
0 0.41855912294440095 0.265869140625 0.0696945967110415 0.03125
0 0.26507439310884884 0.26708984375 0.07126076742364917 0.033203125
0 0.19342208300704777 0.3681640625 0.07047768206734534 0.03125
0 0.6503523884103367 0.426025390625 0.060297572435395456 0.0283203125
0 0.6495693030540329 0.455810546875 0.06656225528582616 0.02978515625
0 0.7231793265465936 0.42236328125 0.06264682850430697 0.033203125
0 0.7294440093970243 0.45458984375 0.07204385277995301 0.0283203125
1 0.9072043852779953 0.681640625 0.018794048551292093 0.02880859375
1 0.9095536413469069 0.71337890625 0.021143304620203602 0.0283203125
1 0.3762725137039937 0.66015625 0.021143304620203602 0.02783203125
1 0.303054032889585 0.696044921875 0.020360219263899765 0.02880859375
1 0.30971025841816757 0.821044921875 0.022709475332811275 0.0234375
1 0.3962411902897416 0.893310546875 0.022709475332811275 0.03271484375
1 0.3104933437744714 0.852783203125 0.023492560689115115 0.03515625
1 0.3754894283476899 0.6279296875 0.017227877838684416 0.02587890625
1 0.3727486296006265 0.59033203125 0.018794048551292093 0.0146484375
1 0.37079091620986687 0.56494140625 0.018010963194988253 0.025390625
1 0.4436178543461237 0.489990234375 0.021143304620203602 0.02685546875
1 0.44675019577133906 0.46240234375 0.02427564604541895 0.0244140625
1 0.211433046202036 0.364990234375 0.025841816758026624 0.02099609375
1 0.36217697729052467 0.29296875 0.020360219263899765 0.02587890625
1 0.28543461237274864 0.268798828125 0.023492560689115115 0.0302734375
1 0.3629600626468285 0.26318359375 0.025841816758026624 0.02880859375
1 0.4389193422083007 0.265869140625 0.030540328895849646 0.0263671875
1 0.6675802662490211 0.42578125 0.020360219263899765 0.025390625
1 0.6691464369616288 0.45458984375 0.023492560689115115 0.02392578125
1 0.7513703993735317 0.453369140625 0.03288958496476116 0.02734375
1 0.7396241190289742 0.423583984375 0.018010963194988253 0.03076171875
1 0.303054032889585 0.724853515625 0.025058731401722788 0.0224609375