0 0.93 0.2490234375 0.08384615384615385 0.05908203125
0 0.935 0.3505859375 0.09384615384615384 0.046875
0 0.941923076923077 0.73095703125 0.08 0.0458984375
0 0.8453846153846154 0.6962890625 0.09692307692307692 0.05859375
0 0.8411538461538461 0.648193359375 0.09846153846153846 0.03369140625
0 0.6388461538461538 0.70263671875 0.10230769230769231 0.05859375
0 0.6465384615384615 0.8525390625 0.10076923076923076 0.04638671875
0 0.6488461538461539 0.910888671875 0.1 0.05517578125
0 0.4380769230769231 0.769287109375 0.0823076923076923 0.0341796875
0 0.4330769230769231 0.726318359375 0.10384615384615385 0.04150390625
0 0.43346153846153845 0.686767578125 0.09615384615384616 0.0341796875
0 0.42615384615384616 0.590576171875 0.10846153846153846 0.04052734375
0 0.7484615384615385 0.527587890625 0.11 0.05712890625
0 0.7411538461538462 0.479736328125 0.10615384615384615 0.03564453125
0 0.7426923076923077 0.369873046875 0.09307692307692307 0.06396484375
0 0.6346153846153846 0.3818359375 0.09692307692307692 0.05078125
0 0.6346153846153846 0.326171875 0.11076923076923077 0.06103515625
0 0.6334615384615384 0.20947265625 0.09692307692307692 0.05859375
0 0.6311538461538462 0.154296875 0.12076923076923077 0.046875
0 0.3230769230769231 0.21923828125 0.1176923076923077 0.0546875
0 0.3223076923076923 0.2802734375 0.11461538461538462 0.06884765625
0 0.2169230769230769 0.384521484375 0.09923076923076923 0.0546875
0 0.2169230769230769 0.666259765625 0.10230769230769231 0.04248046875
0 0.21923076923076923 0.752685546875 0.09307692307692307 0.03955078125
0 0.21923076923076923 0.815185546875 0.09076923076923077 0.04931640625
0 0.21961538461538463 0.911865234375 0.09384615384615384 0.05126953125
0 0.11846153846153847 0.9169921875 0.09538461538461539 0.04931640625
0 0.32846153846153847 0.919921875 0.09923076923076923 0.04345703125
0 0.33192307692307693 0.8720703125 0.11307692307692307 0.05126953125
0 0.4442307692307692 0.903564453125 0.10461538461538461 0.06298828125
0 0.43653846153846154 0.851806640625 0.10076923076923076 0.0390625
0 0.43115384615384617 0.369384765625 0.10923076923076923 0.0576171875
0 0.941923076923077 0.845703125 0.08 0.05810546875
0 0.9426923076923077 0.9033203125 0.08538461538461538 0.06005859375
1 0.25 0.383544921875 0.03230769230769231 0.044921875
1 0.35346153846153844 0.2099609375 0.03538461538461538 0.029296875
1 0.3565384615384615 0.25927734375 0.03923076923076923 0.04248046875
1 0.46384615384615385 0.36376953125 0.03 0.03955078125
1 0.666923076923077 0.36474609375 0.024615384615384615 0.01953125
1 0.666923076923077 0.3271484375 0.03461538461538462 0.046875
1 0.6588461538461539 0.203857421875 0.03538461538461538 0.0380859375
1 0.665 0.15185546875 0.03769230769230769 0.0283203125
1 0.9576923076923077 0.242431640625 0.022307692307692306 0.04345703125
1 0.958076923076923 0.345947265625 0.027692307692307693 0.0380859375
1 0.7807692307692308 0.474365234375 0.023846153846153847 0.0244140625
1 0.7726923076923077 0.3720703125 0.038461538461538464 0.0634765625
1 0.7823076923076923 0.521240234375 0.03923076923076923 0.04345703125
1 0.88 0.640869140625 0.02076923076923077 0.015625
1 0.8792307692307693 0.690673828125 0.03307692307692308 0.0478515625
1 0.675 0.70458984375 0.04384615384615385 0.03955078125
1 0.4626923076923077 0.68701171875 0.03076923076923077 0.0322265625
1 0.46 0.587890625 0.027692307692307693 0.02783203125
1 0.46615384615384614 0.72509765625 0.036153846153846154 0.04443359375
1 0.46115384615384614 0.7705078125 0.027692307692307693 0.033203125
1 0.25076923076923074 0.751708984375 0.023076923076923078 0.03271484375
1 0.25153846153846154 0.666259765625 0.02923076923076923 0.04296875
1 0.25076923076923074 0.815673828125 0.023846153846153847 0.03857421875
1 0.2526923076923077 0.906005859375 0.02846153846153846 0.0419921875
1 0.1503846153846154 0.91455078125 0.033846153846153845 0.04638671875
1 0.36153846153846153 0.869384765625 0.033846153846153845 0.0419921875
1 0.35884615384615387 0.909423828125 0.023846153846153847 0.025390625
1 0.465 0.853515625 0.023846153846153847 0.03271484375
1 0.4646153846153846 0.89404296875 0.036923076923076927 0.04052734375
1 0.681923076923077 0.8505859375 0.031538461538461536 0.03271484375
1 0.6761538461538461 0.89697265625 0.03538461538461538 0.02392578125
1 0.9703846153846154 0.734130859375 0.02076923076923077 0.0283203125
1 0.9707692307692307 0.863037109375 0.02076923076923077 0.01611328125
1 0.9723076923076923 0.887451171875 0.018461538461538463 0.0263671875