0 0.212646484375 0.47556505803298715 0.037109375 0.02504581551618815
0 0.2109375 0.4945021380574221 0.03466796875 0.01710445937690898
0 0.211181640625 0.5122174709835065 0.03857421875 0.019547953573610263
0 0.2109375 0.5348197923029933 0.03662109375 0.028100183262064753
0 0.21142578125 0.5653634697617593 0.03369140625 0.03481979230299328
0 0.61181640625 0.5638362858888211 0.03662109375 0.020769700671960906
0 0.611572265625 0.5858277336591325 0.033203125 0.019547953573610263
0 0.61083984375 0.611484422724496 0.04052734375 0.029932803909590716
0 0.6103515625 0.6444715943799634 0.03564453125 0.03420891875381796
0 0.920166015625 0.2333536957849725 0.03369140625 0.032376298106292
0 0.919677734375 0.27367135003054366 0.0341796875 0.033598045204642636
0 0.90185546875 0.30146609651802075 0.0361328125 0.02443494196701283
0 0.89990234375 0.32834453268173486 0.0400390625 0.029321930360415395
0 0.88427734375 0.23243738546120954 0.033203125 0.02626756261453879
0 0.884765625 0.25687232742822236 0.029296875 0.021380574221136223
0 0.884033203125 0.275198533903482 0.0341796875 0.01588271227855834
1 0.222900390625 0.4740378741600489 0.01220703125 0.019547953573610263
1 0.22265625 0.4954184483811851 0.00732421875 0.010995723885155772
1 0.222412109375 0.5100794135613927 0.009765625 0.014660965180207697
1 0.22265625 0.535125229077581 0.01123046875 0.02626756261453879
1 0.2197265625 0.5656689065363469 0.013671875 0.03176542455711668
1 0.6220703125 0.5635308491142333 0.01123046875 0.014660965180207697
1 0.622314453125 0.5855222968845449 0.009765625 0.01832620647525962
1 0.62255859375 0.6130116065974344 0.01220703125 0.02687843616371411
1 0.62109375 0.644777031154551 0.00830078125 0.028711056811240074
1 0.931884765625 0.23610262675626145 0.0087890625 0.018937080024434942
1 0.93115234375 0.26786805131337815 0.00830078125 0.0177153329260843
1 0.894775390625 0.23457544288332316 0.01025390625 0.018937080024434942
1 0.8935546875 0.25595601710445937 0.009765625 0.012217470983506415
1 0.893798828125 0.27306047648136833 0.00927734375 0.010384850335980453
1 0.913818359375 0.30879657910812464 0.01025390625 0.010995723885155772
1 0.91162109375 0.3295662797800855 0.009765625 0.02687843616371411