0 0.91064453125 0.21393791844187462 0.033203125 0.03225806451612903
0 0.91162109375 0.25015216068167984 0.0302734375 0.0310407790626902
0 0.9111328125 0.2900182592818016 0.02685546875 0.04382227632379793
0 0.912353515625 0.332318928788801 0.03076171875 0.03834449178332319
0 0.823974609375 0.2358490566037736 0.017578125 0.02678027997565429
0 0.770263671875 0.20359099208764456 0.02490234375 0.02678027997565429
0 0.63232421875 0.18502738892270237 0.02001953125 0.028606208155812538
0 0.634033203125 0.21059038344491784 0.02001953125 0.021911138161898967
0 0.738037109375 0.30401704199634816 0.0166015625 0.019476567255021303
0 0.73681640625 0.2845404747413268 0.0185546875 0.018867924528301886
0 0.77197265625 0.25015216068167984 0.0205078125 0.028606208155812538
0 0.788330078125 0.2754108338405356 0.01708984375 0.017650639074863056
0 0.347412109375 0.2060255629945222 0.02587890625 0.024954351795496044
0 0.313232421875 0.20359099208764456 0.0185546875 0.019476567255021303
0 0.31494140625 0.22611077297626295 0.02392578125 0.02251978088861838
0 0.2939453125 0.23097991479001825 0.0244140625 0.0310407790626902
0 0.331298828125 0.23858794887401097 0.0166015625 0.028606208155812538
1 0.92041015625 0.21363359707851493 0.01025390625 0.02556299452221546
1 0.921875 0.24589166159464396 0.00830078125 0.020693852708460133
1 0.9189453125 0.2903225806451613 0.0068359375 0.04382227632379793
1 0.91943359375 0.32501521606816797 0.01025390625 0.023128423615337797
1 0.794189453125 0.276019476567255 0.005859375 0.01582471089470481
1 0.827880859375 0.23006695069993913 0.0078125 0.014607425441265977
1 0.77783203125 0.248934875228241 0.01025390625 0.026171637248934874
1 0.778564453125 0.20328667072428486 0.0078125 0.024954351795496044
1 0.74267578125 0.2839318320146074 0.005859375 0.01278149726110773
1 0.741943359375 0.3021911138161899 0.0078125 0.01278149726110773
1 0.638916015625 0.20998174071819842 0.00732421875 0.020693852708460133
1 0.638671875 0.18502738892270237 0.0048828125 0.02678027997565429
1 0.354736328125 0.2063298843578819 0.009765625 0.02130249543517955
1 0.318115234375 0.20419963481436396 0.00732421875 0.018867924528301886
1 0.335205078125 0.23676202069385271 0.00732421875 0.024345709068776627
1 0.32080078125 0.2212416311625076 0.0107421875 0.011564211807668898
1 0.302490234375 0.23189287888009738 0.00732421875 0.029214850882531954