0 0.8701550387596899 0.404052734375 0.06434108527131784 0.02783203125
0 0.7937984496124031 0.273193359375 0.05581395348837209 0.02978515625
0 0.8717054263565891 0.434814453125 0.06201550387596899 0.03271484375
0 0.8697674418604651 0.898681640625 0.06124031007751938 0.02880859375
0 0.6434108527131783 0.44091796875 0.06279069767441861 0.03466796875
0 0.5034883720930232 0.40869140625 0.06666666666666667 0.03466796875
0 0.5027131782945736 0.43603515625 0.06899224806201551 0.02685546875
0 0.5003875968992249 0.3125 0.07054263565891473 0.03271484375
0 0.506201550387597 0.279296875 0.07441860465116279 0.03271484375
0 0.20426356589147288 0.568603515625 0.07131782945736434 0.03271484375
1 0.8930232558139535 0.8916015625 0.018604651162790697 0.01416015625
1 0.22674418604651161 0.56787109375 0.021705426356589147 0.03173828125
1 0.525968992248062 0.436767578125 0.023255813953488372 0.01904296875
1 0.5248062015503876 0.409423828125 0.021705426356589147 0.03173828125
1 0.5263565891472868 0.306396484375 0.02558139534883721 0.01806640625
1 0.5286821705426357 0.277587890625 0.02635658914728682 0.0302734375
1 0.6655038759689923 0.437255859375 0.01317829457364341 0.01708984375
1 0.891860465116279 0.431640625 0.01937984496124031 0.02490234375
1 0.8934108527131783 0.40185546875 0.017829457364341085 0.01513671875
1 0.8147286821705426 0.2734375 0.012403100775193798 0.0185546875