0 0.9035493827160493 0.16064453125 0.0779320987654321 0.0576171875
0 0.7986111111111112 0.556640625 0.10416666666666667 0.05078125
0 0.7955246913580247 0.63427734375 0.09722222222222222 0.03955078125
0 0.7908950617283951 0.73388671875 0.10262345679012345 0.0537109375
0 0.6844135802469136 0.84326171875 0.09645061728395062 0.04150390625
0 0.6890432098765432 0.89697265625 0.10030864197530864 0.05419921875
0 0.26157407407407407 0.87548828125 0.10648148148148148 0.05029296875
0 0.25925925925925924 0.8251953125 0.10262345679012345 0.04736328125
0 0.3757716049382716 0.755859375 0.10262345679012345 0.07177734375
0 0.37114197530864196 0.52880859375 0.0933641975308642 0.04541015625
0 0.5817901234567902 0.541015625 0.09722222222222222 0.05517578125
0 0.5841049382716049 0.48583984375 0.10725308641975309 0.048828125
0 0.4807098765432099 0.447265625 0.09259259259259259 0.04736328125
0 0.5740740740740741 0.3759765625 0.09567901234567901 0.056640625
0 0.6844135802469136 0.4306640625 0.10416666666666667 0.05078125
0 0.6820987654320988 0.33544921875 0.09259259259259259 0.04736328125
0 0.6805555555555556 0.28515625 0.08256172839506173 0.03955078125
0 0.47608024691358025 0.29638671875 0.0941358024691358 0.0419921875
0 0.4799382716049383 0.34423828125 0.09567901234567901 0.04736328125
0 0.37191358024691357 0.359375 0.08487654320987655 0.056640625
0 0.2708333333333333 0.41015625 0.11033950617283951 0.048828125
0 0.27314814814814814 0.462890625 0.10108024691358025 0.0546875
0 0.06944444444444445 0.302734375 0.08641975308641975 0.05126953125
0 0.06790123456790123 0.228515625 0.08796296296296297 0.06005859375
0 0.06944444444444445 0.16552734375 0.08950617283950617 0.06640625
0 0.26003086419753085 0.15673828125 0.10339506172839506 0.05419921875
0 0.37037037037037035 0.1533203125 0.08179012345679013 0.0439453125
0 0.47453703703703703 0.15673828125 0.09027777777777778 0.0517578125
0 0.47762345679012347 0.22509765625 0.08873456790123457 0.05419921875
0 0.07098765432098765 0.6318359375 0.08641975308641975 0.048828125
0 0.16435185185185186 0.71923828125 0.09645061728395062 0.05615234375
0 0.279320987654321 0.67724609375 0.08641975308641975 0.0419921875
0 0.2662037037037037 0.5751953125 0.10030864197530864 0.04638671875
0 0.26774691358024694 0.2880859375 0.09567901234567901 0.04931640625
1 0.9251543209876543 0.15771484375 0.02854938271604938 0.0478515625
1 0.5115740740740741 0.158203125 0.036265432098765434 0.04736328125
1 0.5131172839506173 0.22265625 0.037037037037037035 0.03076171875
1 0.7129629629629629 0.2822265625 0.031635802469135804 0.03857421875
1 0.7114197530864198 0.3349609375 0.035493827160493825 0.04736328125
1 0.716820987654321 0.43212890625 0.038580246913580245 0.0546875
1 0.8325617283950617 0.55859375 0.034722222222222224 0.05517578125
1 0.8271604938271605 0.63330078125 0.027777777777777776 0.0400390625
1 0.8240740740740741 0.73583984375 0.033950617283950615 0.05517578125
1 0.720679012345679 0.84521484375 0.032407407407407406 0.03759765625
1 0.7253086419753086 0.8857421875 0.030864197530864196 0.0341796875
1 0.40046296296296297 0.75439453125 0.041666666666666664 0.0693359375
1 0.30169753086419754 0.8310546875 0.030864197530864196 0.03662109375
1 0.2932098765432099 0.87060546875 0.03009259259259259 0.0419921875
1 0.30092592592592593 0.67578125 0.027777777777777776 0.03955078125
1 0.19830246913580246 0.71337890625 0.032407407407407406 0.04150390625
1 0.09799382716049383 0.626953125 0.033950617283950615 0.0419921875
1 0.30632716049382713 0.5751953125 0.023148148148148147 0.03271484375
1 0.40046296296296297 0.5322265625 0.024691358024691357 0.037109375
1 0.5092592592592593 0.44775390625 0.032407407407407406 0.04931640625
1 0.6149691358024691 0.4765625 0.030864197530864196 0.03662109375
1 0.6149691358024691 0.53173828125 0.030864197530864196 0.0390625
1 0.6057098765432098 0.376953125 0.032407407407407406 0.0517578125
1 0.5123456790123457 0.33740234375 0.034722222222222224 0.0341796875
1 0.5092592592592593 0.296875 0.033950617283950615 0.04150390625
1 0.39274691358024694 0.15380859375 0.03009259259259259 0.04248046875
1 0.29475308641975306 0.15576171875 0.026234567901234566 0.0478515625
1 0.2986111111111111 0.28662109375 0.03009259259259259 0.03662109375
1 0.3055555555555556 0.4111328125 0.040123456790123455 0.0400390625
1 0.30169753086419754 0.45361328125 0.034722222222222224 0.03271484375
1 0.08950617283950617 0.2998046875 0.026234567901234566 0.0224609375
1 0.0933641975308642 0.21875 0.035493827160493825 0.0380859375
1 0.09567901234567901 0.1611328125 0.026234567901234566 0.02734375
1 0.40046296296296297 0.35595703125 0.03009259259259259 0.046875