0 0.6466876971608833 0.91259765625 0.08201892744479496 0.037109375
0 0.6443217665615142 0.87646484375 0.07728706624605679 0.02978515625
0 0.6411671924290221 0.79052734375 0.0804416403785489 0.03173828125
0 0.6419558359621451 0.74267578125 0.08201892744479496 0.03759765625
0 0.557570977917981 0.9130859375 0.08438485804416404 0.0390625
0 0.555993690851735 0.876953125 0.09227129337539432 0.03564453125
0 0.3714511041009464 0.90966796875 0.08438485804416404 0.037109375
0 0.3777602523659306 0.74462890625 0.07255520504731862 0.03564453125
0 0.20347003154574134 0.41748046875 0.0804416403785489 0.03271484375
0 0.20504731861198738 0.38232421875 0.0859621451104101 0.03173828125
0 0.11198738170347003 0.38232421875 0.083596214511041 0.03662109375
0 0.10962145110410094 0.43701171875 0.0946372239747634 0.03857421875
1 0.138801261829653 0.38232421875 0.022082018927444796 0.0341796875
1 0.23264984227129337 0.38134765625 0.026813880126182965 0.02490234375
1 0.23264984227129337 0.41796875 0.021293375394321766 0.03173828125
1 0.14037854889589904 0.43701171875 0.02996845425867508 0.03857421875
1 0.40141955835962145 0.744140625 0.025236593059936908 0.03515625
1 0.3951104100946372 0.91015625 0.028391167192429023 0.03466796875
1 0.5859621451104101 0.90966796875 0.028391167192429023 0.03369140625
1 0.5891167192429022 0.87939453125 0.028391167192429023 0.02734375
1 0.6719242902208202 0.87744140625 0.02444794952681388 0.03173828125
1 0.6742902208201893 0.90966796875 0.03391167192429022 0.0302734375
1 0.6719242902208202 0.79296875 0.02444794952681388 0.02978515625
1 0.6703470031545742 0.744140625 0.028391167192429023 0.03564453125