0 0.48182521268368134 0.18603515625 0.13921113689095127 0.06787109375
0 0.4872389791183295 0.248046875 0.1423047177107502 0.052734375
0 0.4880123743232792 0.3017578125 0.1430781129156999 0.052734375
0 0.48878576952822894 0.3466796875 0.14075792730085074 0.03515625
0 0.4872389791183295 0.392578125 0.1500386697602475 0.05029296875
0 0.49265274555297756 0.44384765625 0.12993039443155452 0.0537109375
0 0.4903325599381284 0.5009765625 0.13843774168600154 0.06005859375
1 0.5375096674400619 0.19775390625 0.026295436968290797 0.02099609375
1 0.5390564578499614 0.25 0.03789636504253674 0.046875
1 0.539829853054911 0.310546875 0.03248259860788863 0.037109375
1 0.5406032482598608 0.34619140625 0.030935808197989172 0.033203125
1 0.5436968290796597 0.39501953125 0.027842227378190254 0.05615234375
1 0.5390564578499614 0.44384765625 0.025522041763341066 0.0361328125
1 0.539829853054911 0.49951171875 0.037122969837587005 0.0390625