0 0.7552504038772213 0.274658203125 0.06058158319870759 0.02783203125
0 0.2972536348949919 0.269775390625 0.05654281098546042 0.03076171875
0 0.13610662358642972 0.3984375 0.06462035541195477 0.02978515625
0 0.13529886914378028 0.43017578125 0.06704361873990307 0.03369140625
0 0.2079967689822294 0.463134765625 0.07431340872374798 0.03515625
0 0.34693053311793215 0.79150390625 0.06381260096930533 0.03857421875
0 0.5779483037156704 0.73291015625 0.06865912762520193 0.03173828125
0 0.5795638126009693 0.7666015625 0.06381260096930533 0.0341796875
1 0.7746365105008077 0.2724609375 0.018578352180936994 0.0185546875
1 0.5989499192245558 0.736328125 0.0210016155088853 0.02587890625
1 0.5997576736672051 0.76513671875 0.023424878836833602 0.02001953125
1 0.36712439418416803 0.7939453125 0.023424878836833602 0.0302734375
1 0.23061389337641358 0.462890625 0.024232633279483037 0.02978515625
1 0.15549273021001617 0.426513671875 0.022617124394184167 0.02294921875
1 0.15791599353796446 0.399169921875 0.020193861066235864 0.02880859375
1 0.3166397415185784 0.27197265625 0.020193861066235864 0.01904296875