0 0.741042345276873 0.1708984375 0.09446254071661238 0.044921875
0 0.739413680781759 0.21826171875 0.1001628664495114 0.04736328125
0 0.6180781758957655 0.170166015625 0.10667752442996743 0.0498046875
0 0.6172638436482085 0.216552734375 0.10830618892508144 0.04150390625
0 0.13762214983713356 0.1640625 0.09609120521172639 0.0400390625
0 0.14047231270358307 0.20703125 0.10993485342019543 0.04931640625
0 0.5997557003257329 0.568359375 0.10504885993485343 0.04345703125
0 0.6001628664495114 0.609375 0.11644951140065146 0.0439453125
1 0.637214983713355 0.5703125 0.024429967426710098 0.04150390625
1 0.6400651465798045 0.611328125 0.03175895765472313 0.0283203125
1 0.1746742671009772 0.20654296875 0.03664495114006515 0.0478515625
1 0.16856677524429967 0.16259765625 0.03257328990228013 0.0390625
1 0.6535016286644951 0.17333984375 0.02687296416938111 0.04052734375
1 0.6526872964169381 0.2119140625 0.030944625407166124 0.01806640625
1 0.7699511400651465 0.214111328125 0.02768729641693811 0.0361328125
1 0.7687296416938111 0.172119140625 0.023615635179153095 0.0380859375