0 0.92919921875 0.21601615074024227 0.03564453125 0.059892328398384924
0 0.88330078125 0.8580080753701211 0.0400390625 0.04576043068640646
0 0.7978515625 0.5477792732166891 0.0390625 0.05720053835800808
0 0.7548828125 0.5397039030955586 0.037109375 0.05518169582772544
0 0.59033203125 0.5746971736204576 0.03759765625 0.06056527590847914
0 0.587890625 0.5296096904441454 0.04296875 0.03230148048452221
0 0.7158203125 0.34185733512786004 0.0380859375 0.0531628532974428
0 0.7158203125 0.30148048452220727 0.03759765625 0.04508748317631225
0 0.71435546875 0.2597577388963661 0.03955078125 0.0477792732166891
0 0.71533203125 0.211978465679677 0.04052734375 0.059892328398384924
0 0.36767578125 0.2079407806191117 0.04736328125 0.04912516823687752
0 0.20361328125 0.22274562584118437 0.0361328125 0.052489905787348586
0 0.20751953125 0.4259757738896366 0.02978515625 0.04374158815612382
0 0.16357421875 0.693135935397039 0.03662109375 0.034993270524899055
0 0.1650390625 0.7584118438761777 0.0390625 0.04912516823687752
0 0.24609375 0.7893674293405114 0.0283203125 0.04306864064602961
0 0.24609375 0.8358008075370121 0.03564453125 0.05114401076716016
0 0.37158203125 0.84185733512786 0.03369140625 0.046433378196500674
0 0.37060546875 0.8075370121130552 0.0400390625 0.02826379542395693
0 0.0830078125 0.8344549125168237 0.0361328125 0.02557200538358008
0 0.08447265625 0.8647375504710633 0.03857421875 0.05787348586810229
0 0.41015625 0.6379542395693136 0.04248046875 0.05047106325706595
0 0.412109375 0.5847913862718708 0.03662109375 0.04979811574697174
0 0.41015625 0.46231493943472407 0.03271484375 0.03768506056527591
1 0.8974609375 0.8506056527590848 0.01123046875 0.028936742934051143
1 0.76513671875 0.531628532974428 0.0107421875 0.040376850605652756
1 0.80859375 0.544414535666218 0.013671875 0.04306864064602961
1 0.6005859375 0.528263795423957 0.0126953125 0.021534320323014805
1 0.599609375 0.5558546433378196 0.01513671875 0.026917900403768506
1 0.72802734375 0.3411843876177658 0.01171875 0.051816958277254375
1 0.7265625 0.2960969044414536 0.009765625 0.034320323014804845
1 0.728515625 0.2543741588156124 0.01123046875 0.0370121130551817
1 0.7255859375 0.211978465679677 0.01318359375 0.0423956931359354
1 0.939453125 0.21601615074024227 0.01123046875 0.0477792732166891
1 0.4208984375 0.45827725437415884 0.0087890625 0.03028263795423957
1 0.42431640625 0.5794078061911171 0.01220703125 0.03566621803499327
1 0.4228515625 0.6292059219380888 0.0107421875 0.039703903095558546
1 0.38330078125 0.8014804845222072 0.0126953125 0.016150740242261104
1 0.3828125 0.8364737550471063 0.01123046875 0.034320323014804845
1 0.2548828125 0.7880215343203231 0.01025390625 0.03835800807537012
1 0.25634765625 0.8310901749663526 0.01123046875 0.03768506056527591
1 0.177734375 0.7570659488559892 0.01318359375 0.047106325706594884
1 0.09521484375 0.8559892328398385 0.01025390625 0.039703903095558546
1 0.09375 0.8283983849259757 0.01318359375 0.013458950201884253
1 0.17578125 0.6897711978465679 0.009765625 0.02489905787348587
1 0.21533203125 0.414535666218035 0.01025390625 0.018842530282637954
1 0.21435546875 0.2173620457604307 0.0146484375 0.03768506056527591
1 0.38134765625 0.20928667563930015 0.01025390625 0.03768506056527591