0 0.3818359375 0.18350578210590385 0.02392578125 0.018259281801582473
0 0.379638671875 0.20298234936092513 0.021484375 0.018867924528301886
0 0.38037109375 0.22550213024954352 0.02001953125 0.023128423615337797
0 0.362060546875 0.2404138770541692 0.01611328125 0.023737066342057214
0 0.361328125 0.21606816798539258 0.0185546875 0.024345709068776627
0 0.18896484375 0.1819841752891053 0.02099609375 0.018867924528301886
0 0.188720703125 0.2014607425441266 0.021484375 0.020693852708460133
0 0.100830078125 0.2754108338405356 0.0224609375 0.021911138161898967
0 0.100341796875 0.2991479001825928 0.02294921875 0.024345709068776627
1 0.38818359375 0.18441874619598295 0.00830078125 0.014607425441265977
1 0.386962890625 0.202069385270846 0.0048828125 0.010346926354230066
1 0.38671875 0.22032866707242849 0.00634765625 0.011564211807668898
1 0.3671875 0.21667681071211198 0.00634765625 0.02251978088861838
1 0.366943359375 0.23676202069385271 0.00537109375 0.013390139987827145
1 0.1962890625 0.18137553256238587 0.0068359375 0.013390139987827145
1 0.195556640625 0.2014607425441266 0.0078125 0.020693852708460133
1 0.107177734375 0.2751065124771759 0.00732421875 0.02008520998174072
1 0.107421875 0.29275715155203896 0.0068359375 0.010346926354230066