0 0.91650390625 0.21485088253195375 0.037109375 0.036518563603164945
0 0.9169921875 0.2525867315885575 0.0361328125 0.038953134510042606
0 0.65283203125 0.1935483870967742 0.02685546875 0.016433353621424222
0 0.65380859375 0.21545952525867315 0.02587890625 0.024954351795496044
0 0.61767578125 0.25684723067559345 0.01806640625 0.023128423615337797
0 0.61865234375 0.28119293974437004 0.01611328125 0.023128423615337797
0 0.771484375 0.19841752891052952 0.02099609375 0.020693852708460133
0 0.7919921875 0.2209373097991479 0.02001953125 0.02251978088861838
1 0.92822265625 0.2130249543517955 0.009765625 0.03469263542300669
1 0.92919921875 0.24650030432136336 0.009765625 0.024345709068776627
1 0.798828125 0.22032866707242849 0.0078125 0.019476567255021303
1 0.77978515625 0.1972002434570907 0.00732421875 0.018259281801582473
1 0.66064453125 0.19415702982349362 0.0087890625 0.016433353621424222
1 0.66162109375 0.21485088253195375 0.00830078125 0.024345709068776627
1 0.62255859375 0.25745587340231285 0.005859375 0.02008520998174072
1 0.623046875 0.28119293974437004 0.0078125 0.019476567255021303