0 0.4733178654292343 0.186279296875 0.14075792730085074 0.0693359375
0 0.4802784222737819 0.248291015625 0.14385150812064965 0.05419921875
0 0.48259860788863107 0.302001953125 0.14462490332559938 0.05419921875
0 0.48453209590100543 0.346923828125 0.14153132250580047 0.03662109375
0 0.48414539829853054 0.392822265625 0.15158546017014696 0.0517578125
0 0.4911059551430781 0.44384765625 0.131477184841454 0.05517578125
0 0.4903325599381284 0.5009765625 0.139984532095901 0.0615234375
1 0.5290023201856149 0.197265625 0.027068832173240527 0.021484375
1 0.5320959010054138 0.24951171875 0.03944315545243619 0.04736328125
1 0.534416086620263 0.31005859375 0.033255993812838364 0.03759765625
1 0.5363495746326373 0.345703125 0.0317092034029389 0.03369140625
1 0.5406032482598608 0.39453125 0.029389017788089715 0.056640625
1 0.5375096674400619 0.443359375 0.026295436968290797 0.03662109375
1 0.539829853054911 0.4990234375 0.03789636504253674 0.03955078125