0 0.7726315789473684 0.3701171875 0.08 0.0419921875
0 0.7726315789473684 0.4111328125 0.07649122807017544 0.03564453125
0 0.7740350877192983 0.447265625 0.07859649122807018 0.04052734375
0 0.7726315789473684 0.482421875 0.08210526315789474 0.0322265625
0 0.7733333333333333 0.5166015625 0.0856140350877193 0.03857421875
0 0.7740350877192983 0.548828125 0.0863157894736842 0.033203125
0 0.7768421052631579 0.580078125 0.09473684210526316 0.03125
0 0.7789473684210526 0.60888671875 0.09052631578947369 0.03564453125
0 0.7803508771929825 0.63525390625 0.09052631578947369 0.03466796875
0 0.6933333333333334 0.365234375 0.07789473684210527 0.03173828125
0 0.6919298245614035 0.40185546875 0.07368421052631578 0.0361328125
0 0.6905263157894737 0.4375 0.07087719298245614 0.04833984375
0 0.6919298245614035 0.4833984375 0.06807017543859649 0.04541015625
0 0.6975438596491228 0.525390625 0.06947368421052631 0.041015625
0 0.6926315789473684 0.564453125 0.06666666666666667 0.0322265625
0 0.6954385964912281 0.5986328125 0.06947368421052631 0.03271484375
0 0.6954385964912281 0.63525390625 0.06596491228070175 0.0419921875
0 0.5228070175438596 0.63720703125 0.07508771929824562 0.04296875
0 0.6091228070175438 0.6396484375 0.06315789473684211 0.04150390625
0 0.6119298245614035 0.60302734375 0.08210526315789474 0.029296875
0 0.6119298245614035 0.57275390625 0.07508771929824562 0.0419921875
0 0.6133333333333333 0.5244140625 0.07228070175438596 0.056640625
0 0.6112280701754386 0.48193359375 0.07578947368421053 0.0341796875
0 0.6042105263157894 0.447265625 0.08 0.0380859375
0 0.607719298245614 0.4072265625 0.07157894736842105 0.0400390625
0 0.6035087719298246 0.369140625 0.06807017543859649 0.0400390625
0 0.5228070175438596 0.361328125 0.06666666666666667 0.02978515625
0 0.5235087719298246 0.3984375 0.07649122807017544 0.0380859375
0 0.5178947368421053 0.43408203125 0.08140350877192983 0.05126953125
0 0.519298245614035 0.49072265625 0.08 0.05322265625
0 0.5185964912280702 0.53173828125 0.08491228070175438 0.03759765625
0 0.5185964912280702 0.56494140625 0.07719298245614035 0.029296875
0 0.5256140350877193 0.59814453125 0.07228070175438596 0.03662109375
0 0.44701754385964915 0.638671875 0.07368421052631578 0.044921875
0 0.4463157894736842 0.5986328125 0.06526315789473684 0.025390625
0 0.4463157894736842 0.57470703125 0.07438596491228071 0.0322265625
0 0.4435087719298246 0.5341796875 0.06666666666666667 0.04736328125
0 0.44070175438596493 0.48681640625 0.06596491228070175 0.03857421875
0 0.43859649122807015 0.44482421875 0.07157894736842105 0.0361328125
0 0.43719298245614036 0.404296875 0.0687719298245614 0.03759765625
0 0.43719298245614036 0.365234375 0.0687719298245614 0.037109375
0 0.3564912280701754 0.37255859375 0.07368421052631578 0.04150390625
0 0.3550877192982456 0.412109375 0.07438596491228071 0.0400390625
0 0.3585964912280702 0.45166015625 0.07157894736842105 0.03369140625
0 0.35578947368421054 0.4912109375 0.07368421052631578 0.04345703125
0 0.35789473684210527 0.52734375 0.07789473684210527 0.03173828125
0 0.3585964912280702 0.56494140625 0.07929824561403509 0.05126953125
0 0.36 0.6044921875 0.07508771929824562 0.02587890625
0 0.3607017543859649 0.6357421875 0.06947368421052631 0.04541015625
0 0.27789473684210525 0.37060546875 0.06736842105263158 0.037109375
0 0.28 0.40771484375 0.07508771929824562 0.0380859375
0 0.2807017543859649 0.443359375 0.07157894736842105 0.0283203125
0 0.2785964912280702 0.4775390625 0.07508771929824562 0.03759765625
0 0.2807017543859649 0.5166015625 0.07017543859649122 0.03466796875
0 0.28 0.548828125 0.07578947368421053 0.029296875
0 0.28210526315789475 0.58447265625 0.0687719298245614 0.03662109375
0 0.2814035087719298 0.61181640625 0.07157894736842105 0.02490234375
0 0.2814035087719298 0.64306640625 0.06736842105263158 0.0341796875
1 0.7943859649122808 0.36962890625 0.029473684210526315 0.03564453125
1 0.7957894736842105 0.40625 0.023859649122807018 0.025390625
1 0.7985964912280702 0.44091796875 0.023859649122807018 0.033203125
1 0.7971929824561403 0.482421875 0.02456140350877193 0.0244140625
1 0.7985964912280702 0.5107421875 0.02456140350877193 0.02783203125
1 0.8007017543859649 0.546875 0.019649122807017545 0.02880859375
1 0.8035087719298246 0.57373046875 0.021052631578947368 0.01416015625
1 0.8077192982456141 0.59912109375 0.019649122807017545 0.02490234375
1 0.8063157894736842 0.62890625 0.025964912280701753 0.033203125
1 0.7143859649122807 0.62646484375 0.021052631578947368 0.0146484375
1 0.7171929824561404 0.59716796875 0.023157894736842106 0.02099609375
1 0.7164912280701754 0.55908203125 0.020350877192982456 0.0234375
1 0.7178947368421053 0.52197265625 0.02456140350877193 0.03173828125
1 0.7150877192982457 0.47998046875 0.028771929824561403 0.03173828125
1 0.7157894736842105 0.43505859375 0.02666666666666667 0.0419921875
1 0.7136842105263158 0.39306640625 0.016140350877192983 0.017578125
1 0.7185964912280701 0.36572265625 0.02736842105263158 0.02734375
1 0.6273684210526316 0.36962890625 0.018947368421052633 0.03515625
1 0.6280701754385964 0.40673828125 0.023859649122807018 0.0322265625
1 0.6280701754385964 0.4462890625 0.02456140350877193 0.0361328125
1 0.6287719298245614 0.47900390625 0.020350877192982456 0.02294921875
1 0.6301754385964913 0.52392578125 0.02526315789473684 0.0537109375
1 0.6308771929824561 0.5732421875 0.021052631578947368 0.03759765625
1 0.6329824561403509 0.603515625 0.028070175438596492 0.02001953125
1 0.6280701754385964 0.63427734375 0.016140350877192983 0.02880859375
1 0.5487719298245614 0.63427734375 0.016140350877192983 0.029296875
1 0.5480701754385965 0.59619140625 0.02175438596491228 0.0341796875
1 0.5494736842105263 0.5654296875 0.023859649122807018 0.0244140625
1 0.5487719298245614 0.5361328125 0.02456140350877193 0.02734375
1 0.5452631578947369 0.49169921875 0.02456140350877193 0.0498046875
1 0.5452631578947369 0.42431640625 0.017543859649122806 0.03076171875
1 0.5431578947368421 0.390625 0.021052631578947368 0.02001953125
1 0.5452631578947369 0.36279296875 0.018947368421052633 0.02490234375
1 0.4617543859649123 0.36669921875 0.016842105263157894 0.03125
1 0.45964912280701753 0.40234375 0.014736842105263158 0.03125
1 0.463859649122807 0.44189453125 0.020350877192982456 0.01904296875
1 0.45964912280701753 0.48046875 0.021052631578947368 0.02294921875
1 0.4666666666666667 0.53369140625 0.014035087719298246 0.04296875
1 0.46596491228070175 0.576171875 0.016842105263157894 0.029296875
1 0.4673684210526316 0.60107421875 0.018245614035087718 0.01513671875
1 0.46456140350877195 0.634765625 0.019649122807017545 0.03515625
1 0.38526315789473686 0.63330078125 0.016140350877192983 0.0400390625
1 0.3873684210526316 0.60302734375 0.017543859649122806 0.01904296875
1 0.38456140350877194 0.5654296875 0.020350877192982456 0.0517578125
1 0.3817543859649123 0.52490234375 0.02245614035087719 0.02197265625
1 0.38105263157894737 0.4833984375 0.017543859649122806 0.0263671875
1 0.38035087719298244 0.4453125 0.020350877192982456 0.02099609375
1 0.38035087719298244 0.4091796875 0.016842105263157894 0.0302734375
1 0.37964912280701757 0.3720703125 0.021052631578947368 0.03515625
1 0.3024561403508772 0.36669921875 0.021052631578947368 0.021484375
1 0.3003508771929825 0.4072265625 0.028070175438596492 0.03466796875
1 0.3003508771929825 0.44189453125 0.016842105263157894 0.02685546875
1 0.3017543859649123 0.4775390625 0.02456140350877193 0.03759765625
1 0.303859649122807 0.51611328125 0.021052631578947368 0.0322265625
1 0.3045614035087719 0.54931640625 0.018947368421052633 0.02685546875
1 0.3024561403508772 0.5859375 0.02245614035087719 0.03466796875
1 0.3031578947368421 0.61669921875 0.020350877192982456 0.0146484375
1 0.3024561403508772 0.6357421875 0.014736842105263158 0.015625