0 0.8961569910057237 0.16015625 0.09321340964840556 0.0400390625
0 0.8937040065412919 0.2021484375 0.09403107113654947 0.04345703125
0 0.5314799672935405 0.1630859375 0.10057236304170074 0.04345703125
0 0.5298446443172526 0.2060546875 0.09975470155355683 0.04150390625
0 0.41618969746524936 0.20654296875 0.10220768601798855 0.0458984375
0 0.4170073589533933 0.15966796875 0.10220768601798855 0.04443359375
0 0.29517579721995096 0.158203125 0.08258381030253475 0.0400390625
0 0.17252657399836469 0.55419921875 0.08585445625511039 0.03515625
0 0.16762060506950122 0.60009765625 0.09484873262469337 0.05908203125
0 0.2919051512673753 0.599609375 0.10057236304170074 0.04052734375
0 0.2919051512673753 0.5576171875 0.09566639411283728 0.04248046875
0 0.29517579721995096 0.185546875 0.07931316434995912 0.01611328125
0 0.294358135731807 0.2109375 0.0866721177432543 0.03369140625
0 0.17416189697465248 0.16064453125 0.08994276369582993 0.0458984375
0 0.17089125102207686 0.20458984375 0.09975470155355683 0.04052734375
0 0.8904333605887162 0.5498046875 0.09157808667211774 0.03369140625
0 0.884709730171709 0.57666015625 0.09811937857726902 0.02978515625
0 0.8863450531479967 0.60595703125 0.10057236304170074 0.03466796875
0 0.6443172526573998 0.55029296875 0.09321340964840556 0.02880859375
0 0.6467702371218316 0.57275390625 0.08994276369582993 0.01708984375
0 0.6451349141455437 0.60205078125 0.10139002452984465 0.037109375
0 0.5282093213409649 0.6064453125 0.09566639411283728 0.03125
0 0.5273916598528209 0.5732421875 0.0973017170891251 0.03173828125
0 0.5257563368765331 0.5439453125 0.10057236304170074 0.025390625
0 0.40964840556009813 0.54443359375 0.08994276369582993 0.0234375
0 0.410466067048242 0.5712890625 0.0964840556009812 0.029296875
0 0.410466067048242 0.6025390625 0.10466067048242028 0.0419921875
1 0.9231398201144726 0.20361328125 0.028618152085036794 0.03515625
1 0.9239574816026165 0.16064453125 0.032706459525756335 0.0361328125
1 0.5633687653311529 0.16259765625 0.03107113654946852 0.0419921875
1 0.5650040883074408 0.2080078125 0.03188879803761243 0.03564453125
1 0.44971381847914965 0.2060546875 0.027800490596892886 0.044921875
1 0.45053147996729354 0.16015625 0.03515944399018806 0.04345703125
1 0.32297628781684384 0.15625 0.025347506132461162 0.03125
1 0.32461161079313167 0.18408203125 0.017988552739165987 0.01416015625
1 0.32461161079313167 0.20556640625 0.019623875715453803 0.0234375
1 0.20605069501226492 0.20751953125 0.023712183156173343 0.03125
1 0.2044153720359771 0.162109375 0.027800490596892886 0.0439453125
1 0.919869174161897 0.55078125 0.028618152085036794 0.02978515625
1 0.9165985282093213 0.57568359375 0.02125919869174162 0.015625
1 0.9190515126737531 0.60498046875 0.024529844644317254 0.03369140625
1 0.6762060506950123 0.54931640625 0.022894521668029435 0.02685546875
1 0.6753883892068684 0.57470703125 0.02616516762060507 0.01416015625
1 0.6762060506950123 0.599609375 0.029435813573180702 0.02783203125
1 0.5592804578904333 0.6044921875 0.027800490596892886 0.02734375
1 0.5617334423548651 0.57177734375 0.023712183156173343 0.0302734375
1 0.5568274734260016 0.54345703125 0.019623875715453803 0.017578125
1 0.43908421913327883 0.54248046875 0.01553556827473426 0.0166015625
1 0.4439901880621423 0.56982421875 0.02698282910874898 0.02001953125
1 0.4439901880621423 0.60205078125 0.03025347506132461 0.041015625
1 0.3237939493049877 0.5966796875 0.032706459525756335 0.0244140625
1 0.3205233033524121 0.5595703125 0.03107113654946852 0.04052734375
1 0.20032706459525756 0.5546875 0.02616516762060507 0.033203125
1 0.19787408013082583 0.59716796875 0.033524121013900246 0.03857421875