0 0.9177606177606178 0.235595703125 0.06563706563706563 0.03173828125
0 0.918918918918919 0.272705078125 0.06640926640926641 0.04150390625
0 0.8918918918918919 0.72412109375 0.0694980694980695 0.03564453125
0 0.749034749034749 0.551513671875 0.0694980694980695 0.037109375
0 0.750965250965251 0.516845703125 0.07335907335907337 0.03515625
0 0.6745173745173745 0.5498046875 0.061003861003861 0.0283203125
0 0.6030888030888031 0.581298828125 0.06486486486486487 0.03125
0 0.525096525096525 0.614990234375 0.054826254826254826 0.03173828125
0 0.523938223938224 0.688232421875 0.06795366795366796 0.0390625
0 0.5235521235521235 0.720947265625 0.07027027027027027 0.03857421875
0 0.5235521235521235 0.757568359375 0.06023166023166023 0.0341796875
0 0.5888030888030888 0.76220703125 0.06409266409266409 0.0322265625
0 0.5918918918918918 0.7978515625 0.07181467181467181 0.03173828125
0 0.588030888030888 0.828125 0.06872586872586872 0.03564453125
0 0.5861003861003861 0.861328125 0.06332046332046332 0.0283203125
0 0.5868725868725869 0.89697265625 0.0694980694980695 0.03857421875
0 0.6656370656370656 0.86572265625 0.06486486486486487 0.03955078125
0 0.6644787644787645 0.82958984375 0.06254826254826255 0.02783203125
0 0.6629343629343629 0.79541015625 0.06409266409266409 0.02880859375
0 0.666023166023166 0.76123046875 0.06409266409266409 0.0361328125
0 0.7355212355212355 0.762939453125 0.061003861003861 0.0302734375
0 0.8108108108108109 0.83203125 0.06795366795366796 0.0322265625
0 0.8123552123552124 0.8671875 0.06872586872586872 0.03564453125
0 0.8938223938223938 0.7998046875 0.07104247104247104 0.033203125
0 0.8915057915057915 0.76416015625 0.06640926640926641 0.0380859375
0 0.894980694980695 0.8701171875 0.06023166023166023 0.0302734375
0 0.37683397683397685 0.896240234375 0.07335907335907337 0.033203125
0 0.30038610038610036 0.860107421875 0.07027027027027027 0.03955078125
0 0.30694980694980695 0.793212890625 0.06486486486486487 0.046875
0 0.3772200772200772 0.790283203125 0.05405405405405406 0.03759765625
0 0.37374517374517374 0.75390625 0.05637065637065637 0.03271484375
0 0.3826254826254826 0.687744140625 0.07335907335907337 0.03759765625
0 0.38571428571428573 0.648681640625 0.07104247104247104 0.03857421875
0 0.4528957528957529 0.64892578125 0.055598455598455596 0.03271484375
0 0.31583011583011583 0.642578125 0.06332046332046332 0.037109375
0 0.24054054054054055 0.57470703125 0.06563706563706563 0.041015625
0 0.3888030888030888 0.546630859375 0.06640926640926641 0.04052734375
0 0.25135135135135134 0.540771484375 0.06332046332046332 0.03466796875
0 0.24555984555984556 0.4765625 0.06872586872586872 0.03857421875
0 0.244015444015444 0.4384765625 0.08108108108108109 0.03173828125
0 0.31891891891891894 0.43994140625 0.05791505791505792 0.0390625
0 0.39305019305019306 0.440673828125 0.05714285714285714 0.0419921875
0 0.38687258687258685 0.476806640625 0.05714285714285714 0.02783203125
0 0.461003861003861 0.443359375 0.055598455598455596 0.0283203125
0 0.6042471042471043 0.482666015625 0.06177606177606178 0.037109375
0 0.5984555984555985 0.521484375 0.05714285714285714 0.03369140625
0 0.2555984555984556 0.325927734375 0.06332046332046332 0.033203125
0 0.25675675675675674 0.293701171875 0.06563706563706563 0.02685546875
0 0.25984555984555985 0.262451171875 0.06563706563706563 0.0322265625
0 0.2606177606177606 0.228759765625 0.06254826254826255 0.0341796875
0 0.3301158301158301 0.22900390625 0.06640926640926641 0.03515625
0 0.3293436293436293 0.291015625 0.055598455598455596 0.03076171875
0 0.3281853281853282 0.3623046875 0.06718146718146718 0.03466796875
0 0.3938223938223938 0.328857421875 0.06332046332046332 0.03369140625
0 0.39536679536679536 0.363037109375 0.061003861003861 0.033203125
0 0.39034749034749033 0.399658203125 0.061003861003861 0.03173828125
0 0.4725868725868726 0.273193359375 0.06563706563706563 0.037109375
0 0.40115830115830114 0.293701171875 0.05791505791505792 0.03125
0 0.4745173745173745 0.234619140625 0.05714285714285714 0.0380859375
0 0.5463320463320464 0.2314453125 0.05868725868725869 0.03173828125
0 0.6135135135135135 0.236572265625 0.06409266409266409 0.03173828125
0 0.7544401544401544 0.334228515625 0.05868725868725869 0.0419921875
0 0.7552123552123552 0.411376953125 0.07104247104247104 0.03466796875
0 0.752895752895753 0.449951171875 0.06640926640926641 0.03662109375
0 0.7447876447876448 0.655517578125 0.07104247104247104 0.03271484375
0 0.5945945945945946 0.6943359375 0.06563706563706563 0.037109375
0 0.5953667953667954 0.7255859375 0.05945945945945946 0.0263671875
0 0.45444015444015445 0.79345703125 0.05019305019305019 0.03564453125
0 0.450965250965251 0.7578125 0.05791505791505792 0.03515625
0 0.8324324324324325 0.480224609375 0.07258687258687259 0.0361328125
1 0.9393822393822394 0.236328125 0.01776061776061776 0.029296875
1 0.9370656370656371 0.26123046875 0.023938223938223938 0.015625
1 0.7745173745173746 0.32958984375 0.018532818532818532 0.02392578125
1 0.635907335907336 0.2333984375 0.016216216216216217 0.0244140625
1 0.5671814671814672 0.232666015625 0.014671814671814672 0.0283203125
1 0.4922779922779923 0.233642578125 0.023166023166023165 0.03515625
1 0.49266409266409267 0.27490234375 0.025482625482625483 0.0341796875
1 0.4196911196911197 0.2900390625 0.019305019305019305 0.02392578125
1 0.4212355212355212 0.3203125 0.019305019305019305 0.01513671875
1 0.27606177606177607 0.322265625 0.018532818532818532 0.02685546875
1 0.27837837837837837 0.28857421875 0.01698841698841699 0.01708984375
1 0.3471042471042471 0.287841796875 0.019305019305019305 0.01806640625
1 0.2799227799227799 0.25732421875 0.01776061776061776 0.01953125
1 0.28146718146718147 0.22802734375 0.01698841698841699 0.033203125
1 0.3544401544401544 0.226318359375 0.023166023166023165 0.01904296875
1 0.27104247104247103 0.439453125 0.02702702702702703 0.02587890625
1 0.338996138996139 0.438720703125 0.020077220077220077 0.03125
1 0.34594594594594597 0.362060546875 0.026254826254826256 0.03515625
1 0.41505791505791506 0.36669921875 0.023166023166023165 0.0322265625
1 0.4111969111969112 0.4013671875 0.021621621621621623 0.03125
1 0.4857142857142857 0.445068359375 0.02702702702702703 0.0224609375
1 0.4115830115830116 0.44091796875 0.022393822393822392 0.04248046875
1 0.41081081081081083 0.4775390625 0.02084942084942085 0.02294921875
1 0.6235521235521235 0.484375 0.02084942084942085 0.03125
1 0.622007722007722 0.51708984375 0.020077220077220077 0.0244140625
1 0.6915057915057915 0.548095703125 0.025482625482625483 0.0283203125
1 0.7749034749034749 0.5498046875 0.02702702702702703 0.0322265625
1 0.7679536679536679 0.51416015625 0.025482625482625483 0.0283203125
1 0.7698841698841699 0.44921875 0.026254826254826256 0.03515625
1 0.7756756756756756 0.40771484375 0.03088803088803089 0.02783203125
1 0.8501930501930502 0.47998046875 0.02857142857142857 0.0302734375
1 0.6216216216216216 0.58056640625 0.023938223938223938 0.0302734375
1 0.5467181467181467 0.61669921875 0.022393822393822392 0.0263671875
1 0.4135135135135135 0.54541015625 0.029343629343629343 0.037109375
1 0.266023166023166 0.539306640625 0.025482625482625483 0.0263671875
1 0.26293436293436295 0.570068359375 0.020077220077220077 0.0283203125
1 0.3335907335907336 0.641845703125 0.023166023166023165 0.0361328125
1 0.4057915057915058 0.6484375 0.020077220077220077 0.0302734375
1 0.4714285714285714 0.649169921875 0.01698841698841699 0.03076171875
1 0.4057915057915058 0.6875 0.02702702702702703 0.03955078125
1 0.544015444015444 0.6845703125 0.020077220077220077 0.02978515625
1 0.5478764478764478 0.716796875 0.022393822393822392 0.029296875
1 0.616988416988417 0.695556640625 0.026254826254826256 0.0400390625
1 0.611969111969112 0.732666015625 0.02471042471042471 0.01953125
1 0.6131274131274131 0.757568359375 0.01776061776061776 0.01953125
1 0.6888030888030888 0.756591796875 0.023938223938223938 0.0185546875
1 0.7594594594594595 0.76171875 0.023166023166023165 0.0263671875
1 0.9173745173745174 0.720458984375 0.023166023166023165 0.0146484375
1 0.9146718146718147 0.762451171875 0.01698841698841699 0.0341796875
1 0.9138996138996139 0.792724609375 0.020077220077220077 0.01953125
1 0.8355212355212355 0.832275390625 0.019305019305019305 0.0322265625
1 0.8362934362934363 0.863037109375 0.015444015444015444 0.02392578125
1 0.9111969111969112 0.864501953125 0.020077220077220077 0.01611328125
1 0.61003861003861 0.859619140625 0.02084942084942085 0.017578125
1 0.6826254826254826 0.86181640625 0.021621621621621623 0.03125
1 0.6845559845559845 0.822998046875 0.020077220077220077 0.01708984375
1 0.6837837837837838 0.78955078125 0.019305019305019305 0.013671875
1 0.6127413127413127 0.791259765625 0.026254826254826256 0.01513671875
1 0.611969111969112 0.827880859375 0.022393822393822392 0.03369140625
1 0.6084942084942085 0.898193359375 0.01698841698841699 0.03564453125
1 0.3969111969111969 0.89404296875 0.020077220077220077 0.02685546875
1 0.32432432432432434 0.85888671875 0.023166023166023165 0.0400390625
1 0.32625482625482627 0.7958984375 0.02084942084942085 0.046875
1 0.39343629343629344 0.786865234375 0.01698841698841699 0.0263671875
1 0.4691119691119691 0.792724609375 0.018532818532818532 0.033203125
1 0.4671814671814672 0.751220703125 0.022393822393822392 0.01708984375
1 0.3961389961389961 0.753662109375 0.01776061776061776 0.0322265625
1 0.26795366795366793 0.474853515625 0.018532818532818532 0.033203125
1 0.7625482625482626 0.65380859375 0.02702702702702703 0.03173828125
1 0.5416988416988417 0.759765625 0.01698841698841699 0.03759765625