0 0.0634765625 0.32993401319736054 0.03173828125 0.026394721055788842
0 0.06201171875 0.355128974205159 0.0302734375 0.020395920815836834
0 0.06298828125 0.379124175164967 0.02880859375 0.02399520095980804
0 0.4208984375 0.4709058188362327 0.0283203125 0.022195560887822437
0 0.42041015625 0.4997000599880024 0.03125 0.03179364127174565
0 0.26318359375 0.79124175164967 0.02880859375 0.022795440911817635
0 0.26318359375 0.8128374325134973 0.02880859375 0.01739652069586083
0 0.26416015625 0.8392321535692862 0.033203125 0.026394721055788842
0 0.2646484375 0.8674265146970606 0.0302734375 0.027594481103779243
0 0.5625 0.76124775044991 0.02392578125 0.02399520095980804
0 0.5625 0.7378524295140971 0.02490234375 0.02519496100779844
0 0.56298828125 0.7138572285542891 0.02490234375 0.02399520095980804
0 0.5625 0.6904619076184763 0.02294921875 0.022795440911817635
0 0.92333984375 0.32933413317336535 0.02587890625 0.020395920815836834
0 0.9248046875 0.35332933413317336 0.02587890625 0.028794241151769647
0 0.7255859375 0.2735452909418116 0.0302734375 0.02399520095980804
0 0.7255859375 0.2495500899820036 0.0302734375 0.02519496100779844
0 0.72509765625 0.22495500899820037 0.02880859375 0.020395920815836834
1 0.73291015625 0.22435512897420515 0.009765625 0.01919616076784643
1 0.73291015625 0.2483503299340132 0.009765625 0.017996400719856028
1 0.73388671875 0.27174565086982605 0.01025390625 0.015596880623875225
1 0.93115234375 0.33053389322135573 0.00927734375 0.020995800839832032
1 0.931640625 0.35332933413317336 0.01025390625 0.022195560887822437
1 0.568359375 0.6898620275944811 0.00830078125 0.01919616076784643
1 0.568359375 0.7120575884823035 0.0078125 0.020995800839832032
1 0.5693359375 0.7366526694661067 0.0078125 0.022795440911817635
1 0.5693359375 0.7624475104979004 0.005859375 0.022195560887822437
1 0.42919921875 0.4991001799640072 0.0107421875 0.03059388122375525
1 0.43017578125 0.4709058188362327 0.009765625 0.022195560887822437
1 0.2734375 0.7900419916016796 0.009765625 0.020995800839832032
1 0.27392578125 0.8110377924415118 0.00830078125 0.014997000599880024
1 0.2744140625 0.8404319136172765 0.01318359375 0.02399520095980804
1 0.27294921875 0.865626874625075 0.009765625 0.021595680863827234
1 0.0732421875 0.3785242951409718 0.00927734375 0.023395320935812838
1 0.07373046875 0.355128974205159 0.0078125 0.01919616076784643
1 0.07568359375 0.3287342531493701 0.0078125 0.02519496100779844