0 0.26318359375 0.22705458908218357 0.02978515625 0.028794241151769647
0 0.29443359375 0.22525494901019796 0.02783203125 0.026994601079784044
0 0.322265625 0.22345530893821236 0.0283203125 0.026394721055788842
0 0.3232421875 0.252249550089982 0.02685546875 0.03179364127174565
0 0.29541015625 0.252249550089982 0.02978515625 0.029994001199760048
0 0.26513671875 0.2510497900419916 0.03271484375 0.020995800839832032
1 0.271484375 0.22735452909418116 0.01220703125 0.02579484103179364
1 0.2724609375 0.2501499700059988 0.01416015625 0.01739652069586083
1 0.3037109375 0.2525494901019796 0.01025390625 0.026994601079784044
1 0.3017578125 0.22615476904619075 0.01025390625 0.022795440911817635
1 0.3310546875 0.22435512897420515 0.00830078125 0.022195560887822437
1 0.331298828125 0.24595080983803239 0.009765625 0.017996400719856028