0 0.653125 0.309326171875 0.06953125 0.0322265625
0 0.65234375 0.277099609375 0.07265625 0.03955078125
0 0.423046875 0.761962890625 0.0625 0.03076171875
0 0.569140625 0.827880859375 0.0609375 0.0263671875
0 0.5703125 0.857177734375 0.06796875 0.0302734375
0 0.72890625 0.63427734375 0.0765625 0.03515625
0 0.724609375 0.5986328125 0.06484375 0.03271484375
0 0.2671875 0.86181640625 0.06484375 0.033203125
0 0.2671875 0.8935546875 0.07109375 0.03271484375
1 0.67109375 0.27685546875 0.028125 0.0341796875
1 0.6703125 0.308349609375 0.02265625 0.02490234375
1 0.744921875 0.600341796875 0.0265625 0.02685546875
1 0.746484375 0.630126953125 0.0296875 0.02587890625
1 0.444921875 0.7607421875 0.025 0.0283203125
1 0.589453125 0.82763671875 0.0171875 0.0224609375
1 0.590234375 0.85498046875 0.0203125 0.0234375
1 0.28671875 0.862548828125 0.03125 0.0302734375
1 0.2859375 0.886962890625 0.01875 0.01220703125