0 0.8856682769726248 0.325927734375 0.06602254428341385 0.0322265625
0 0.9061996779388084 0.848876953125 0.08293075684380032 0.0380859375
0 0.6022544283413849 0.8896484375 0.09178743961352658 0.03857421875
0 0.5946054750402576 0.8525390625 0.07568438003220612 0.03076171875
0 0.5986312399355878 0.82275390625 0.07326892109500806 0.029296875
0 0.20330112721417068 0.398193359375 0.0853462157809984 0.0341796875
0 0.20249597423510468 0.431396484375 0.0853462157809984 0.02880859375
1 0.9057971014492754 0.326171875 0.0249597423510467 0.02978515625
1 0.22946859903381642 0.3955078125 0.018518518518518517 0.02392578125
1 0.23067632850241546 0.43115234375 0.029790660225442835 0.0263671875
1 0.6227858293075684 0.822509765625 0.024154589371980676 0.0224609375
1 0.6239935587761675 0.859130859375 0.02818035426731079 0.0146484375
1 0.6292270531400966 0.880126953125 0.033011272141706925 0.02001953125
1 0.928743961352657 0.8427734375 0.02818035426731079 0.02587890625