0 0.36056231003039513 0.3720703125 0.06610942249240122 0.03564453125
0 0.3601823708206687 0.41162109375 0.0797872340425532 0.04736328125
0 0.35828267477203646 0.4580078125 0.08206686930091185 0.037109375
0 0.3594224924012158 0.49462890625 0.07826747720364742 0.04052734375
0 0.3594224924012158 0.53466796875 0.07218844984802432 0.037109375
0 0.36132218844984804 0.57080078125 0.067629179331307 0.04296875
0 0.3609422492401216 0.61279296875 0.0737082066869301 0.03662109375
0 0.3541033434650456 0.645751953125 0.0858662613981763 0.044921875
0 0.4540273556231003 0.65087890625 0.08738601823708207 0.0380859375
0 0.4506079027355623 0.611328125 0.08130699088145897 0.0361328125
0 0.4540273556231003 0.57470703125 0.06990881458966565 0.0302734375
0 0.45098784194528874 0.53955078125 0.07522796352583587 0.03369140625
0 0.45288753799392095 0.4970703125 0.0729483282674772 0.037109375
0 0.449468085106383 0.46044921875 0.07750759878419453 0.03515625
0 0.44680851063829785 0.4208984375 0.08282674772036475 0.04345703125
0 0.44870820668693007 0.3779296875 0.0797872340425532 0.04248046875
0 0.5360942249240122 0.37451171875 0.07826747720364742 0.03466796875
0 0.5417933130699089 0.4111328125 0.06838905775075987 0.0380859375
0 0.5417933130699089 0.44970703125 0.067629179331307 0.0361328125
0 0.5383738601823708 0.49072265625 0.08358662613981763 0.04736328125
0 0.5372340425531915 0.53369140625 0.06990881458966565 0.0390625
0 0.5338145896656535 0.572265625 0.07750759878419453 0.03857421875
0 0.540273556231003 0.609375 0.0737082066869301 0.03857421875
0 0.537613981762918 0.64990234375 0.06990881458966565 0.0380859375
0 0.2754559270516717 0.376953125 0.06990881458966565 0.0400390625
0 0.2765957446808511 0.42236328125 0.08130699088145897 0.0478515625
0 0.27697568389057753 0.46484375 0.07598784194528875 0.03515625
0 0.2750759878419453 0.50048828125 0.0729483282674772 0.03662109375
0 0.6272796352583586 0.37548828125 0.08206686930091185 0.0380859375
0 0.6276595744680851 0.41357421875 0.07826747720364742 0.03955078125
0 0.6257598784194529 0.45458984375 0.08966565349544073 0.04833984375
0 0.7139057750759878 0.64794921875 0.07598784194528875 0.04541015625
0 0.7150455927051672 0.60546875 0.0790273556231003 0.03662109375
0 0.7154255319148937 0.5712890625 0.0790273556231003 0.0341796875
0 0.7184650455927052 0.5341796875 0.08662613981762918 0.04052734375
0 0.7196048632218845 0.49267578125 0.07750759878419453 0.04150390625
0 0.7177051671732523 0.45751953125 0.0851063829787234 0.0341796875
0 0.7120060790273556 0.41748046875 0.08130699088145897 0.04443359375
0 0.7154255319148937 0.373046875 0.08130699088145897 0.03564453125
0 0.8020516717325228 0.37548828125 0.08814589665653495 0.0458984375
0 0.1838905775075988 0.534423828125 0.07674772036474165 0.04150390625
0 0.18882978723404256 0.49365234375 0.07522796352583587 0.0380859375
0 0.18731003039513677 0.45458984375 0.08130699088145897 0.0390625
0 0.19072948328267478 0.419921875 0.08206686930091185 0.04931640625
0 0.18731003039513677 0.375 0.07218844984802432 0.0380859375
0 0.1899696048632219 0.646484375 0.07446808510638298 0.0478515625
0 0.2731762917933131 0.651123046875 0.07446808510638298 0.03759765625
0 0.2712765957446808 0.614013671875 0.08434650455927052 0.04052734375
0 0.2754559270516717 0.54833984375 0.07750759878419453 0.04345703125
0 0.2750759878419453 0.58056640625 0.0797872340425532 0.02978515625
0 0.1865501519756839 0.57568359375 0.0797872340425532 0.03173828125
0 0.18541033434650456 0.607666015625 0.08130699088145897 0.044921875
0 0.8077507598784195 0.41748046875 0.08814589665653495 0.04248046875
0 0.8043313069908815 0.45654296875 0.08130699088145897 0.03759765625
0 0.8035714285714286 0.4892578125 0.07826747720364742 0.03271484375
0 0.8024316109422492 0.5224609375 0.0851063829787234 0.03662109375
0 0.8054711246200608 0.55615234375 0.07826747720364742 0.03466796875
0 0.8050911854103343 0.58984375 0.07598784194528875 0.03564453125
0 0.8081306990881459 0.6220703125 0.07826747720364742 0.0302734375
0 0.8066109422492401 0.6513671875 0.0858662613981763 0.03515625
0 0.6299392097264438 0.50244140625 0.0729483282674772 0.048828125
0 0.6272796352583586 0.541015625 0.07066869300911854 0.03173828125
0 0.6280395136778115 0.57275390625 0.08130699088145897 0.0302734375
0 0.6295592705167173 0.60205078125 0.0790273556231003 0.0390625
0 0.6299392097264438 0.64501953125 0.08206686930091185 0.0458984375
1 0.8301671732522796 0.377197265625 0.022796352583586626 0.03662109375
1 0.831306990881459 0.417724609375 0.028875379939209727 0.03955078125
1 0.833966565349544 0.456298828125 0.02735562310030395 0.03173828125
1 0.8294072948328267 0.488525390625 0.020516717325227963 0.025390625
1 0.8282674772036475 0.521728515625 0.022796352583586626 0.03076171875
1 0.8282674772036475 0.554443359375 0.02127659574468085 0.02734375
1 0.8294072948328267 0.591064453125 0.02507598784194529 0.03564453125
1 0.8301671732522796 0.620849609375 0.0243161094224924 0.02294921875
1 0.8294072948328267 0.650146484375 0.020516717325227963 0.02880859375
1 0.7401215805471124 0.640380859375 0.018996960486322188 0.02783203125
1 0.7386018237082067 0.604248046875 0.020516717325227963 0.02783203125
1 0.7420212765957447 0.567626953125 0.02127659574468085 0.02099609375
1 0.7435410334346505 0.535400390625 0.02735562310030395 0.033203125
1 0.7454407294832827 0.492919921875 0.02507598784194529 0.041015625
1 0.7427811550151976 0.456787109375 0.019756838905775075 0.02685546875
1 0.7408814589665653 0.418212890625 0.019756838905775075 0.0419921875
1 0.7412613981762918 0.375244140625 0.02127659574468085 0.03076171875
1 0.6531155015197568 0.369873046875 0.022796352583586626 0.02001953125
1 0.6508358662613982 0.403564453125 0.025835866261398176 0.0185546875
1 0.6538753799392097 0.453857421875 0.02811550151975684 0.046875
1 0.648176291793313 0.502197265625 0.0243161094224924 0.046875
1 0.6493161094224924 0.541748046875 0.02735562310030395 0.02783203125
1 0.6508358662613982 0.569091796875 0.030395136778115502 0.02392578125
1 0.6500759878419453 0.591064453125 0.030395136778115502 0.01611328125
1 0.6538753799392097 0.631103515625 0.029635258358662615 0.0546875
1 0.560790273556231 0.646240234375 0.016717325227963525 0.03173828125
1 0.5653495440729484 0.608154296875 0.02507598784194529 0.033203125
1 0.5626899696048632 0.571044921875 0.0182370820668693 0.02978515625
1 0.560790273556231 0.527099609375 0.02127659574468085 0.01806640625
1 0.5611702127659575 0.487548828125 0.022036474164133738 0.03564453125
1 0.5638297872340425 0.443115234375 0.015957446808510637 0.01806640625
1 0.5623100303951368 0.408935546875 0.019756838905775075 0.029296875
1 0.5626899696048632 0.376708984375 0.0243161094224924 0.03271484375
1 0.47606382978723405 0.377685546875 0.016717325227963525 0.0390625
1 0.4749240121580547 0.417724609375 0.018996960486322188 0.03369140625
1 0.4745440729483283 0.455810546875 0.023556231003039513 0.0205078125
1 0.4749240121580547 0.495361328125 0.018996960486322188 0.0322265625
1 0.47606382978723405 0.538818359375 0.020516717325227963 0.03076171875
1 0.4768237082066869 0.572021484375 0.022036474164133738 0.02197265625
1 0.47416413373860183 0.608642578125 0.0243161094224924 0.025390625
1 0.4734042553191489 0.640869140625 0.022796352583586626 0.013671875
1 0.38677811550151975 0.638427734375 0.015957446808510637 0.02587890625
1 0.3890577507598784 0.606201171875 0.016717325227963525 0.02099609375
1 0.38867781155015196 0.566162109375 0.025835866261398176 0.03515625
1 0.3844984802431611 0.531494140625 0.02127659574468085 0.02783203125
1 0.38487841945288753 0.491455078125 0.028875379939209727 0.0341796875
1 0.38259878419452886 0.456787109375 0.028875379939209727 0.02978515625
1 0.38259878419452886 0.409423828125 0.02127659574468085 0.037109375
1 0.38145896656534956 0.365966796875 0.015957446808510637 0.0234375
1 0.30129179331306993 0.376220703125 0.022796352583586626 0.03662109375
1 0.30167173252279633 0.422119140625 0.016717325227963525 0.04541015625
1 0.30129179331306993 0.463623046875 0.02735562310030395 0.03369140625
1 0.29825227963525835 0.493408203125 0.022796352583586626 0.02294921875
1 0.29749240121580545 0.546630859375 0.025835866261398176 0.03857421875
1 0.2986322188449848 0.580810546875 0.0243161094224924 0.0244140625
1 0.2993920972644377 0.613037109375 0.013677811550151976 0.03564453125
1 0.29635258358662614 0.645751953125 0.022036474164133738 0.02099609375
1 0.21238601823708206 0.376220703125 0.017477203647416412 0.0390625
1 0.21428571428571427 0.419677734375 0.02811550151975684 0.044921875
1 0.21010638297872342 0.458251953125 0.02507598784194529 0.02978515625
1 0.2108662613981763 0.493896484375 0.02127659574468085 0.03173828125
1 0.21048632218844984 0.532958984375 0.0182370820668693 0.03515625
1 0.21162613981762918 0.571044921875 0.023556231003039513 0.02197265625
1 0.21238601823708206 0.602783203125 0.015957446808510637 0.0380859375
1 0.21428571428571427 0.643310546875 0.022036474164133738 0.04296875