0 0.8734177215189873 0.158203125 0.06610407876230662 0.0341796875
0 0.8741209563994374 0.1943359375 0.06329113924050633 0.0380859375
0 0.8776371308016878 0.232421875 0.05977496483825598 0.03271484375
0 0.8776371308016878 0.2626953125 0.05485232067510549 0.02490234375
0 0.879746835443038 0.28857421875 0.05485232067510549 0.02197265625
0 0.879746835443038 0.31201171875 0.058368495077355836 0.02001953125
0 0.8790436005625879 0.341796875 0.06188466947960619 0.04248046875
0 0.7658227848101266 0.25244140625 0.04360056258790436 0.02197265625
0 0.7651195499296765 0.2314453125 0.040787623066104076 0.017578125
0 0.7658227848101266 0.20703125 0.03656821378340366 0.02734375
0 0.7686357243319268 0.18017578125 0.03305203938115331 0.02294921875
0 0.7250351617440225 0.18017578125 0.03656821378340366 0.02001953125
0 0.7264416315049227 0.20361328125 0.035864978902953586 0.021484375
0 0.6814345991561181 0.23046875 0.04219409282700422 0.025390625
1 0.7791842475386779 0.25048828125 0.010548523206751054 0.0126953125
1 0.7784810126582279 0.23095703125 0.011954992967651195 0.015625
1 0.7784810126582279 0.2060546875 0.010548523206751054 0.0224609375
1 0.7784810126582279 0.18017578125 0.012658227848101266 0.02197265625
1 0.7362869198312236 0.18017578125 0.013361462728551337 0.01708984375
1 0.7369901547116737 0.2041015625 0.010548523206751054 0.0205078125
1 0.6947960618846695 0.22998046875 0.014064697609001406 0.0205078125
1 0.9015471167369902 0.3349609375 0.013361462728551337 0.0302734375
1 0.9008438818565401 0.3095703125 0.008438818565400843 0.01220703125
1 0.90014064697609 0.287109375 0.011251758087201125 0.0185546875
1 0.8980309423347398 0.2587890625 0.007735583684950774 0.0107421875
1 0.8973277074542897 0.23193359375 0.011251758087201125 0.0224609375
1 0.8966244725738397 0.19287109375 0.010548523206751054 0.02197265625
1 0.8980309423347398 0.15869140625 0.011954992967651195 0.033203125