0 0.12841796875 0.5051671732522797 0.03564453125 0.04072948328267477
0 0.09375 0.5069908814589665 0.033203125 0.031610942249240125
0 0.296875 0.6231003039513677 0.0322265625 0.026747720364741642
0 0.330078125 0.6188449848024317 0.0341796875 0.02857142857142857
0 0.2958984375 0.5957446808510638 0.02685546875 0.023100303951367782
0 0.3291015625 0.5896656534954408 0.03369140625 0.026747720364741642
0 0.91552734375 0.6303951367781155 0.03125 0.026747720364741642
0 0.9130859375 0.6534954407294833 0.03271484375 0.01884498480243161
0 0.9140625 0.6735562310030395 0.025390625 0.02066869300911854
0 0.9150390625 0.6966565349544073 0.02392578125 0.022492401215805473
0 0.89013671875 0.6972644376899696 0.02490234375 0.02188449848024316
0 0.888671875 0.6717325227963525 0.02392578125 0.029787234042553193
0 0.8828125 0.36717325227963526 0.02685546875 0.02735562310030395
0 0.8828125 0.34224924012158053 0.03076171875 0.02370820668693009
0 0.8818359375 0.3021276595744681 0.02978515625 0.02370820668693009
0 0.65478515625 0.29422492401215805 0.03076171875 0.02188449848024316
0 0.654296875 0.31732522796352586 0.03271484375 0.02127659574468085
0 0.5673828125 0.31185410334346503 0.02587890625 0.026747720364741642
0 0.56689453125 0.34285714285714286 0.029296875 0.03221884498480243
0 0.56787109375 0.3696048632218845 0.02783203125 0.019452887537993922
0 0.568359375 0.39148936170212767 0.02783203125 0.01884498480243161
1 0.66455078125 0.29726443768996963 0.013671875 0.01702127659574468
1 0.6640625 0.31793313069908813 0.009765625 0.015805471124620062
1 0.5751953125 0.31063829787234043 0.00927734375 0.02188449848024316
1 0.5751953125 0.3373860182370821 0.00927734375 0.015805471124620062
1 0.57568359375 0.37264437689969604 0.01025390625 0.01398176291793313
1 0.5751953125 0.39088145896656534 0.00927734375 0.013373860182370821
1 0.89306640625 0.3021276595744681 0.0087890625 0.023100303951367782
1 0.892578125 0.34224924012158053 0.01123046875 0.022492401215805473
1 0.89013671875 0.3677811550151976 0.0078125 0.0243161094224924
1 0.9228515625 0.6310030395136779 0.0107421875 0.022492401215805473
1 0.923828125 0.6516717325227963 0.00830078125 0.0121580547112462
1 0.92236328125 0.6723404255319149 0.00927734375 0.01641337386018237
1 0.92041015625 0.6966565349544073 0.00732421875 0.023100303951367782
1 0.89501953125 0.6954407294832827 0.01025390625 0.01702127659574468
1 0.8955078125 0.6735562310030395 0.0078125 0.01702127659574468
1 0.3388671875 0.617629179331307 0.00927734375 0.02188449848024316
1 0.30615234375 0.6231003039513677 0.01171875 0.026139817629179333
1 0.3037109375 0.5951367781155015 0.009765625 0.02127659574468085
1 0.337890625 0.5902735562310031 0.01123046875 0.023100303951367782
1 0.13916015625 0.505775075987842 0.01123046875 0.03829787234042553
1 0.1025390625 0.5045592705167173 0.01513671875 0.02006079027355623