0 0.64111328125 0.2079407806191117 0.0380859375 0.04306864064602961
0 0.64111328125 0.24697173620457605 0.04248046875 0.034993270524899055
0 0.55908203125 0.31090174966352624 0.0390625 0.03566621803499327
0 0.56005859375 0.35397039030955585 0.037109375 0.0477792732166891
0 0.681640625 0.5356662180349933 0.0390625 0.039703903095558546
0 0.68359375 0.5733512786002691 0.03955078125 0.033647375504710635
0 0.39404296875 0.37415881561238223 0.03857421875 0.04576043068640646
0 0.39697265625 0.5592193808882907 0.04052734375 0.047106325706594884
0 0.39501953125 0.604306864064603 0.03515625 0.0423956931359354
0 0.39794921875 0.6480484522207268 0.0361328125 0.04306864064602961
1 0.69580078125 0.5646029609690444 0.01171875 0.01816958277254374
1 0.6953125 0.5329744279946165 0.0107421875 0.03095558546433378
1 0.5712890625 0.35262449528936746 0.01416015625 0.047106325706594884
1 0.5712890625 0.30955585464333785 0.01171875 0.03297442799461642
1 0.65576171875 0.24158815612382234 0.01220703125 0.02288021534320323
1 0.65478515625 0.20457604306864063 0.01025390625 0.03095558546433378
1 0.40673828125 0.3654104979811575 0.009765625 0.023553162853297442
1 0.41015625 0.5598923283983849 0.01220703125 0.039703903095558546
1 0.4091796875 0.6049798115746972 0.0087890625 0.03566621803499327
1 0.40869140625 0.642664872139973 0.01171875 0.03297442799461642