0 0.9330254041570438 0.30419921875 0.09853733641262509 0.0546875
0 0.8641262509622787 0.79541015625 0.0869899923017706 0.05859375
0 0.8687451886066204 0.84228515625 0.08083140877598152 0.0380859375
0 0.8602771362586605 0.87841796875 0.09699769053117784 0.037109375
0 0.3394919168591224 0.8974609375 0.11316397228637413 0.0400390625
0 0.44418783679753654 0.665771484375 0.08314087759815242 0.0654296875
0 0.9565050038491147 0.756591796875 0.07390300230946882 0.05078125
0 0.6478060046189377 0.711669921875 0.11239414934565051 0.0537109375
0 0.649345650500385 0.653076171875 0.10700538876058506 0.06201171875
0 0.11816782140107775 0.570068359375 0.100846805234796 0.04345703125
0 0.12201693610469592 0.621337890625 0.11162432640492687 0.05908203125
0 0.22132409545804466 0.578369140625 0.100846805234796 0.052734375
0 0.22979214780600463 0.68212890625 0.11239414934565051 0.05810546875
0 0.12817551963048499 0.910400390625 0.11778290993071594 0.052734375
0 0.10739030023094688 0.3193359375 0.10007698229407236 0.0615234375
0 0.2113163972286374 0.292236328125 0.08775981524249422 0.06689453125
0 0.32832948421862973 0.35400390625 0.10007698229407236 0.06396484375
0 0.5238645111624326 0.293212890625 0.10931485758275597 0.05615234375
0 0.5250192455735181 0.244873046875 0.10469591993841416 0.033203125
0 0.6362586605080831 0.20849609375 0.1147036181678214 0.05908203125
0 0.5423402617397999 0.35205078125 0.100846805234796 0.0478515625
0 0.537721324095458 0.40380859375 0.10238645111624327 0.05322265625
1 0.3622016936104696 0.353515625 0.026943802925327175 0.06591796875
1 0.13356428021555042 0.316650390625 0.03541185527328714 0.04541015625
1 0.24518860662047728 0.290283203125 0.023094688221709007 0.0595703125
1 0.147036181678214 0.560546875 0.030792917628945343 0.01953125
1 0.24595842956120093 0.57763671875 0.04080061585835258 0.05078125
1 0.15473441108545036 0.61328125 0.04003079291762895 0.04296875
1 0.26520400307929176 0.684814453125 0.044649730561970746 0.05224609375
1 0.1674364896073903 0.908935546875 0.03541185527328714 0.0419921875
1 0.37490377213240955 0.8935546875 0.03926096997690531 0.0380859375
1 0.4695919938414165 0.665283203125 0.03464203233256351 0.0595703125
1 0.6801385681293303 0.65234375 0.04080061585835258 0.05908203125
1 0.6778290993071594 0.708984375 0.03849114703618168 0.05029296875
1 0.886451116243264 0.796630859375 0.037721324095458045 0.05224609375
1 0.8903002309468823 0.841552734375 0.030792917628945343 0.03125
1 0.894919168591224 0.876953125 0.026943802925327175 0.0302734375
1 0.9745958429561201 0.750244140625 0.024634334103156273 0.0234375
1 0.5669745958429562 0.400634765625 0.04003079291762895 0.0439453125
1 0.569284064665127 0.351806640625 0.04311008468052348 0.0478515625
1 0.5654349499615089 0.289794921875 0.03156274056966898 0.04931640625
1 0.5581216320246344 0.247802734375 0.03156274056966898 0.0205078125
1 0.663972286374134 0.19873046875 0.04311008468052348 0.04150390625
1 0.9607390300230947 0.300048828125 0.030792917628945343 0.04052734375