0 0.8617511520737328 0.61474609375 0.0913978494623656 0.0390625
0 0.8629032258064516 0.56689453125 0.09370199692780339 0.0517578125
0 0.84715821812596 0.3291015625 0.07296466973886329 0.0537109375
0 0.8490783410138248 0.2578125 0.07603686635944701 0.05615234375
0 0.7446236559139785 0.203369140625 0.12365591397849462 0.0517578125
0 0.6597542242703534 0.157470703125 0.08832565284178187 0.04052734375
0 0.553763440860215 0.163330078125 0.09293394777265745 0.03955078125
0 0.5464669738863287 0.2060546875 0.1175115207373272 0.04736328125
0 0.4470046082949309 0.1630859375 0.09754224270353302 0.0458984375
0 0.3456221198156682 0.172119140625 0.09984639016897082 0.064453125
0 0.35368663594470046 0.240234375 0.10138248847926268 0.06396484375
0 0.2457757296466974 0.227783203125 0.10445468509984639 0.07275390625
0 0.3529185867895545 0.428466796875 0.1205837173579109 0.05322265625
0 0.25268817204301075 0.494384765625 0.0967741935483871 0.04248046875
0 0.3533026113671275 0.495361328125 0.0967741935483871 0.0439453125
0 0.25499231950844853 0.552001953125 0.09600614439324116 0.07373046875
0 0.358678955453149 0.55126953125 0.09754224270353302 0.07177734375
0 0.4573732718894009 0.490234375 0.10752688172043011 0.05029296875
0 0.4681259600614439 0.547607421875 0.0967741935483871 0.06005859375
0 0.4650537634408602 0.658203125 0.1175115207373272 0.0546875
0 0.4727342549923195 0.715576171875 0.11136712749615975 0.0595703125
0 0.4727342549923195 0.794189453125 0.10291858678955453 0.03515625
0 0.47657450076804914 0.825439453125 0.10061443932411675 0.044921875
0 0.4754224270353303 0.866943359375 0.09216589861751152 0.0390625
0 0.5791090629800307 0.888427734375 0.09907834101382489 0.05078125
0 0.5856374807987711 0.93212890625 0.11136712749615975 0.0400390625
0 0.6674347158218126 0.785888671875 0.10138248847926268 0.06005859375
0 0.6712749615975423 0.6953125 0.10522273425499232 0.0400390625
0 0.6724270353302612 0.64990234375 0.09600614439324116 0.03955078125
0 0.771889400921659 0.6376953125 0.09216589861751152 0.05224609375
0 0.5564516129032258 0.428466796875 0.09370199692780339 0.056640625
0 0.5564516129032258 0.313232421875 0.09984639016897082 0.07373046875
1 0.8690476190476191 0.253662109375 0.028417818740399385 0.04345703125
1 0.8713517665130568 0.321533203125 0.019201228878648235 0.025390625
1 0.5841013824884793 0.3115234375 0.03840245775729647 0.07080078125
1 0.586405529953917 0.2060546875 0.03225806451612903 0.03857421875
1 0.5814132104454686 0.1640625 0.028417818740399385 0.04150390625
1 0.6923963133640553 0.156005859375 0.021505376344086023 0.0341796875
1 0.7814900153609831 0.206787109375 0.026113671274961597 0.03369140625
1 0.4792626728110599 0.161376953125 0.029185867895545316 0.03662109375
1 0.37672811059907835 0.175048828125 0.03609831029185868 0.0498046875
1 0.37980030721966207 0.234619140625 0.029953917050691243 0.04833984375
1 0.27880184331797236 0.2265625 0.039938556067588324 0.07080078125
1 0.391321044546851 0.428955078125 0.03225806451612903 0.0419921875
1 0.49731182795698925 0.49267578125 0.019969278033794162 0.04052734375
1 0.38901689708141324 0.489501953125 0.029185867895545316 0.03125
1 0.2853302611367127 0.494140625 0.039938556067588324 0.041015625
1 0.2868663594470046 0.54638671875 0.03456221198156682 0.05908203125
1 0.39592933947772657 0.538818359375 0.0314900153609831 0.04736328125
1 0.4988479262672811 0.5380859375 0.026881720430107527 0.03564453125
1 0.5046082949308756 0.6611328125 0.039938556067588324 0.05224609375
1 0.7000768049155146 0.653564453125 0.03302611367127496 0.02197265625
1 0.804915514592934 0.63671875 0.0314900153609831 0.04345703125
1 0.8905529953917051 0.57080078125 0.029185867895545316 0.0419921875
1 0.8940092165898618 0.61279296875 0.029185867895545316 0.03466796875
1 0.706605222734255 0.695068359375 0.028417818740399385 0.03564453125
1 0.5122887864823349 0.701171875 0.028417818740399385 0.02392578125
1 0.706605222734255 0.775634765625 0.020737327188940093 0.0234375
1 0.5057603686635944 0.794921875 0.026881720430107527 0.0302734375
1 0.5049923195084486 0.82666015625 0.019201228878648235 0.03271484375
1 0.5084485407066052 0.8662109375 0.0314900153609831 0.0341796875
1 0.6129032258064516 0.888916015625 0.026881720430107527 0.04345703125
1 0.6155913978494624 0.929931640625 0.02534562211981567 0.03125
1 0.5879416282642089 0.43017578125 0.03225806451612903 0.04931640625