0 0.8418674698795181 0.1708984375 0.08509036144578314 0.0341796875
0 0.8381024096385542 0.2021484375 0.08960843373493976 0.02294921875
0 0.8433734939759037 0.23095703125 0.08207831325301204 0.02880859375
0 0.8381024096385542 0.259765625 0.08960843373493976 0.02783203125
0 0.838855421686747 0.2861328125 0.07228915662650602 0.0205078125
0 0.8456325301204819 0.314453125 0.07228915662650602 0.03515625
0 0.8396084337349398 0.35595703125 0.0783132530120482 0.046875
0 0.7304216867469879 0.1796875 0.08509036144578314 0.03466796875
0 0.7266566265060241 0.21728515625 0.09412650602409639 0.037109375
0 0.7206325301204819 0.24560546875 0.10617469879518072 0.0302734375
0 0.7213855421686747 0.275390625 0.10090361445783133 0.0302734375
0 0.7243975903614458 0.30810546875 0.0963855421686747 0.0390625
0 0.7213855421686747 0.341796875 0.10316265060240964 0.037109375
0 0.7183734939759037 0.37255859375 0.10993975903614457 0.03955078125
0 0.6280120481927711 0.17919921875 0.051957831325301206 0.03759765625
0 0.6242469879518072 0.22412109375 0.051957831325301206 0.02490234375
0 0.6272590361445783 0.2763671875 0.053463855421686746 0.037109375
0 0.6295180722891566 0.32275390625 0.04894578313253012 0.033203125
0 0.5805722891566265 0.20068359375 0.03614457831325301 0.021484375
0 0.5805722891566265 0.22607421875 0.038403614457831324 0.013671875
0 0.5820783132530121 0.23974609375 0.0338855421686747 0.01123046875
0 0.5820783132530121 0.24951171875 0.03765060240963856 0.00927734375
0 0.5835843373493976 0.263671875 0.04066265060240964 0.01904296875
0 0.5820783132530121 0.28173828125 0.036897590361445784 0.0185546875
0 0.5828313253012049 0.30078125 0.038403614457831324 0.01953125
0 0.579066265060241 0.32177734375 0.038403614457831324 0.01611328125
0 0.5820783132530121 0.41162109375 0.038403614457831324 0.02685546875
0 0.5828313253012049 0.38818359375 0.04066265060240964 0.02001953125
0 0.5813253012048193 0.443359375 0.036897590361445784 0.02197265625
0 0.5813253012048193 0.48974609375 0.04141566265060241 0.02294921875
0 0.5828313253012049 0.50927734375 0.04066265060240964 0.017578125
0 0.5421686746987951 0.50341796875 0.036897590361445784 0.01123046875
0 0.5421686746987951 0.51611328125 0.0391566265060241 0.01220703125
0 0.5429216867469879 0.4921875 0.03614457831325301 0.01318359375
0 0.5429216867469879 0.46728515625 0.04066265060240964 0.0185546875
0 0.5421686746987951 0.45166015625 0.0391566265060241 0.01513671875
0 0.5444277108433735 0.302734375 0.03313253012048193 0.0224609375
0 0.4713855421686747 0.34619140625 0.03313253012048193 0.02001953125
0 0.47289156626506024 0.2998046875 0.038403614457831324 0.017578125
0 0.4691265060240964 0.31591796875 0.03313253012048193 0.013671875
0 0.5037650602409639 0.47998046875 0.03765060240963856 0.02001953125
0 0.5015060240963856 0.46142578125 0.039909638554216864 0.0166015625
0 0.5037650602409639 0.4326171875 0.04292168674698795 0.01904296875
0 0.5060240963855421 0.408203125 0.03765060240963856 0.00927734375
0 0.5052710843373494 0.41650390625 0.04292168674698795 0.00732421875
0 0.4661144578313253 0.365234375 0.030873493975903613 0.01513671875
0 0.5082831325301205 0.35107421875 0.03765060240963856 0.0205078125
0 0.5082831325301205 0.330078125 0.038403614457831324 0.0205078125
0 0.5067771084337349 0.2939453125 0.03463855421686747 0.0205078125
0 0.5112951807228916 0.27587890625 0.038403614457831324 0.01513671875
0 0.5045180722891566 0.25244140625 0.04066265060240964 0.0166015625
0 0.5060240963855421 0.23779296875 0.036897590361445784 0.013671875
0 0.5045180722891566 0.203125 0.03765060240963856 0.0146484375
0 0.5067771084337349 0.1875 0.039909638554216864 0.017578125
0 0.4713855421686747 0.2685546875 0.03614457831325301 0.01806640625
0 0.4134036144578313 0.31982421875 0.06099397590361446 0.0341796875
0 0.4134036144578313 0.2705078125 0.0572289156626506 0.033203125
0 0.41490963855421686 0.21728515625 0.05948795180722891 0.02783203125
0 0.4194277108433735 0.17431640625 0.05572289156626506 0.0283203125
0 0.36370481927710846 0.1884765625 0.04292168674698795 0.02001953125
0 0.3644578313253012 0.20556640625 0.04442771084337349 0.01318359375
0 0.3621987951807229 0.220703125 0.04442771084337349 0.01611328125
0 0.36370481927710846 0.2333984375 0.045180722891566265 0.00732421875
0 0.36370481927710846 0.244140625 0.04141566265060241 0.01318359375
0 0.36069277108433734 0.2568359375 0.04593373493975904 0.013671875
0 0.3621987951807229 0.27001953125 0.04442771084337349 0.01025390625
0 0.3621987951807229 0.2841796875 0.045180722891566265 0.01611328125
0 0.36069277108433734 0.30224609375 0.0391566265060241 0.01611328125
0 0.35918674698795183 0.34130859375 0.04066265060240964 0.01708984375
0 0.3049698795180723 0.16943359375 0.058734939759036146 0.015625
0 0.3079819277108434 0.19189453125 0.053463855421686746 0.029296875
0 0.26731927710843373 0.47265625 0.04819277108433735 0.0224609375
0 0.26430722891566266 0.45166015625 0.04743975903614458 0.01953125
0 0.26129518072289154 0.21044921875 0.039909638554216864 0.01611328125
0 0.2635542168674699 0.19091796875 0.038403614457831324 0.0224609375
0 0.2289156626506024 0.24072265625 0.04141566265060241 0.015625
0 0.22740963855421686 0.25732421875 0.039909638554216864 0.0166015625
0 0.12876506024096385 0.212890625 0.06626506024096386 0.0361328125
0 0.1302710843373494 0.25927734375 0.07454819277108433 0.03759765625
0 0.1272590361445783 0.30712890625 0.07981927710843373 0.03515625
0 0.1272590361445783 0.34619140625 0.07379518072289157 0.0322265625
0 0.8463855421686747 0.54736328125 0.07078313253012049 0.03369140625
0 0.8456325301204819 0.5830078125 0.06626506024096386 0.03466796875
0 0.8471385542168675 0.6220703125 0.0625 0.03466796875
0 0.7582831325301205 0.5615234375 0.09186746987951808 0.02978515625
0 0.7567771084337349 0.58740234375 0.09412650602409639 0.02978515625
0 0.7567771084337349 0.6181640625 0.09337349397590361 0.03173828125
0 0.7560240963855421 0.6513671875 0.09412650602409639 0.03369140625
0 0.7552710843373494 0.6865234375 0.0963855421686747 0.03515625
0 0.7620481927710844 0.7216796875 0.08433734939759036 0.0390625
0 0.7605421686746988 0.755859375 0.08283132530120482 0.03466796875
0 0.6521084337349398 0.68310546875 0.0677710843373494 0.02783203125
0 0.6536144578313253 0.65234375 0.06927710843373494 0.02978515625
0 0.6490963855421686 0.61865234375 0.07003012048192771 0.03076171875
0 0.6521084337349398 0.58837890625 0.06927710843373494 0.033203125
0 0.6521084337349398 0.55615234375 0.0730421686746988 0.02734375
0 0.5828313253012049 0.5869140625 0.046686746987951805 0.0205078125
0 0.5850903614457831 0.6103515625 0.05421686746987952 0.0224609375
0 0.5308734939759037 0.61083984375 0.051957831325301206 0.02392578125
0 0.5293674698795181 0.5859375 0.051957831325301206 0.0224609375
0 0.5813253012048193 0.64501953125 0.04894578313253012 0.02294921875
0 0.5278614457831325 0.64453125 0.04819277108433735 0.01953125
0 0.5256024096385542 0.66845703125 0.051957831325301206 0.02197265625
0 0.5850903614457831 0.66845703125 0.053463855421686746 0.02294921875
0 0.5835843373493976 0.705078125 0.04743975903614458 0.02099609375
0 0.5858433734939759 0.72705078125 0.05647590361445783 0.02099609375
0 0.5293674698795181 0.70556640625 0.060240963855421686 0.02197265625
0 0.5293674698795181 0.7265625 0.05271084337349398 0.0185546875
0 0.5873493975903614 0.767578125 0.05948795180722891 0.025390625
0 0.5256024096385542 0.763671875 0.06400602409638555 0.021484375
0 0.5256024096385542 0.7900390625 0.05798192771084337 0.02685546875
0 0.5843373493975904 0.7919921875 0.05120481927710843 0.0244140625
0 0.5805722891566265 0.8251953125 0.04743975903614458 0.0205078125
0 0.5308734939759037 0.82763671875 0.051957831325301206 0.02099609375
0 0.5278614457831325 0.84814453125 0.04894578313253012 0.01806640625
0 0.5820783132530121 0.84912109375 0.04819277108433735 0.025390625
0 0.641566265060241 0.80078125 0.05421686746987952 0.02392578125
0 0.6430722891566265 0.82080078125 0.060240963855421686 0.013671875
0 0.6423192771084337 0.8369140625 0.04743975903614458 0.0166015625
0 0.46460843373493976 0.56396484375 0.030120481927710843 0.0146484375
0 0.4743975903614458 0.58447265625 0.03614457831325301 0.025390625
0 0.473644578313253 0.6181640625 0.04743975903614458 0.02294921875
0 0.4751506024096386 0.64697265625 0.05120481927710843 0.01953125
0 0.473644578313253 0.66796875 0.04894578313253012 0.02099609375
0 0.473644578313253 0.82470703125 0.04442771084337349 0.02099609375
0 0.4307228915662651 0.7998046875 0.04819277108433735 0.02099609375
0 0.38478915662650603 0.80859375 0.039909638554216864 0.025390625
0 0.42771084337349397 0.595703125 0.04819277108433735 0.03369140625
0 0.43448795180722893 0.568359375 0.0391566265060241 0.0224609375
0 0.40436746987951805 0.57177734375 0.022590361445783132 0.02197265625
0 0.3870481927710843 0.59033203125 0.039909638554216864 0.02001953125
0 0.3870481927710843 0.6162109375 0.043674698795180725 0.0244140625
0 0.3878012048192771 0.64013671875 0.043674698795180725 0.02001953125
0 0.3177710843373494 0.55908203125 0.07153614457831325 0.03662109375
0 0.31626506024096385 0.59716796875 0.06475903614457831 0.03271484375
0 0.31400602409638556 0.63818359375 0.06626506024096386 0.0322265625
0 0.31626506024096385 0.6826171875 0.06551204819277108 0.03515625
0 0.2567771084337349 0.5673828125 0.04969879518072289 0.01806640625
0 0.2575301204819277 0.58349609375 0.045180722891566265 0.0126953125
0 0.2560240963855422 0.5986328125 0.04292168674698795 0.0126953125
0 0.2560240963855422 0.61865234375 0.04216867469879518 0.025390625
0 0.2545180722891566 0.7021484375 0.03614457831325301 0.0205078125
0 0.25903614457831325 0.79931640625 0.04442771084337349 0.0302734375
0 0.2620481927710843 0.8212890625 0.05120481927710843 0.02294921875
0 0.26581325301204817 0.84912109375 0.0286144578313253 0.0224609375
0 0.2582831325301205 0.88427734375 0.04442771084337349 0.0419921875
0 0.2161144578313253 0.80615234375 0.04216867469879518 0.0185546875
0 0.21762048192771086 0.83642578125 0.045180722891566265 0.02294921875
0 0.21536144578313254 0.8701171875 0.04442771084337349 0.0185546875
0 0.22213855421686746 0.9052734375 0.02710843373493976 0.0205078125
0 0.17996987951807228 0.90380859375 0.05120481927710843 0.02294921875
0 0.17846385542168675 0.8583984375 0.050451807228915665 0.01318359375
0 0.17319277108433734 0.84130859375 0.04292168674698795 0.017578125
0 0.17620481927710843 0.82177734375 0.04141566265060241 0.0224609375
0 0.17093373493975902 0.802734375 0.043674698795180725 0.01708984375
0 0.17620481927710843 0.76904296875 0.04593373493975904 0.0166015625
0 0.17545180722891565 0.751953125 0.04593373493975904 0.01708984375
0 0.17394578313253012 0.7353515625 0.04141566265060241 0.0126953125
0 0.17319277108433734 0.72119140625 0.04292168674698795 0.01416015625
0 0.17319277108433734 0.70703125 0.039909638554216864 0.01416015625
0 0.17545180722891565 0.68994140625 0.039909638554216864 0.02294921875
0 0.17319277108433734 0.66064453125 0.038403614457831324 0.02587890625
0 0.17018072289156627 0.56787109375 0.04066265060240964 0.01708984375
0 0.21310240963855423 0.5673828125 0.03614457831325301 0.0166015625
0 0.12876506024096385 0.66943359375 0.038403614457831324 0.02099609375
0 0.09487951807228916 0.73291015625 0.04593373493975904 0.015625
0 0.09412650602409639 0.74853515625 0.04141566265060241 0.0146484375
0 0.13328313253012047 0.779296875 0.04066265060240964 0.01806640625
0 0.13102409638554216 0.8681640625 0.036897590361445784 0.01513671875
0 0.13328313253012047 0.88818359375 0.04216867469879518 0.02392578125
1 0.8704819277108434 0.169921875 0.01882530120481928 0.033203125
1 0.8682228915662651 0.19970703125 0.01355421686746988 0.0166015625
1 0.8697289156626506 0.22900390625 0.021837349397590362 0.02734375
1 0.8667168674698795 0.2578125 0.021837349397590362 0.01953125
1 0.865210843373494 0.2841796875 0.01882530120481928 0.01806640625
1 0.8659638554216867 0.31396484375 0.01957831325301205 0.03369140625
1 0.8674698795180723 0.34765625 0.01882530120481928 0.02783203125
1 0.7582831325301205 0.3720703125 0.01957831325301205 0.0126953125
1 0.759789156626506 0.3447265625 0.022590361445783132 0.02978515625
1 0.7612951807228916 0.31005859375 0.024096385542168676 0.03857421875
1 0.759789156626506 0.2734375 0.02108433734939759 0.0234375
1 0.7605421686746988 0.24853515625 0.01957831325301205 0.02099609375
1 0.7605421686746988 0.21630859375 0.022590361445783132 0.03662109375
1 0.759789156626506 0.177734375 0.025602409638554216 0.0302734375
1 0.6423192771084337 0.18115234375 0.02108433734939759 0.0322265625
1 0.6445783132530121 0.22216796875 0.01581325301204819 0.01318359375
1 0.6438253012048193 0.27099609375 0.01581325301204819 0.0283203125
1 0.6430722891566265 0.32177734375 0.01957831325301205 0.025390625
1 0.5903614457831325 0.201171875 0.010542168674698794 0.02099609375
1 0.5926204819277109 0.22705078125 0.011295180722891566 0.01318359375
1 0.5926204819277109 0.2392578125 0.009789156626506024 0.0107421875
1 0.5941265060240963 0.25 0.012048192771084338 0.00830078125
1 0.5926204819277109 0.26318359375 0.016566265060240965 0.017578125
1 0.5918674698795181 0.2822265625 0.01581325301204819 0.0146484375
1 0.5918674698795181 0.2998046875 0.016566265060240965 0.01708984375
1 0.5903614457831325 0.32080078125 0.012048192771084338 0.01123046875
1 0.5956325301204819 0.38623046875 0.01882530120481928 0.0166015625
1 0.5933734939759037 0.40869140625 0.01581325301204819 0.0185546875
1 0.5918674698795181 0.44287109375 0.012801204819277108 0.02099609375
1 0.5926204819277109 0.4892578125 0.015060240963855422 0.0224609375
1 0.5926204819277109 0.50927734375 0.01430722891566265 0.0166015625
1 0.5542168674698795 0.5166015625 0.01430722891566265 0.01123046875
1 0.5557228915662651 0.50390625 0.01355421686746988 0.0087890625
1 0.5542168674698795 0.49072265625 0.009789156626506024 0.0126953125
1 0.5542168674698795 0.46630859375 0.01355421686746988 0.01611328125
1 0.5549698795180723 0.451171875 0.009789156626506024 0.01171875
1 0.5557228915662651 0.30224609375 0.010542168674698794 0.02197265625
1 0.5188253012048193 0.1875 0.016566265060240965 0.017578125
1 0.5158132530120482 0.2021484375 0.01355421686746988 0.0087890625
1 0.516566265060241 0.2373046875 0.011295180722891566 0.01171875
1 0.5158132530120482 0.2529296875 0.012048192771084338 0.01025390625
1 0.5203313253012049 0.27490234375 0.02033132530120482 0.01171875
1 0.5173192771084337 0.294921875 0.015060240963855422 0.01904296875
1 0.5173192771084337 0.32958984375 0.016566265060240965 0.0185546875
1 0.5158132530120482 0.3515625 0.018072289156626505 0.01904296875
1 0.5173192771084337 0.40771484375 0.01430722891566265 0.00830078125
1 0.5173192771084337 0.41650390625 0.01581325301204819 0.00732421875
1 0.516566265060241 0.4326171875 0.01581325301204819 0.01953125
1 0.5150602409638554 0.46240234375 0.017319277108433735 0.01513671875
1 0.5143072289156626 0.47802734375 0.012048192771084338 0.01123046875
1 0.4811746987951807 0.26904296875 0.016566265060240965 0.01708984375
1 0.4819277108433735 0.30029296875 0.015060240963855422 0.0166015625
1 0.47816265060240964 0.31591796875 0.012048192771084338 0.01025390625
1 0.48268072289156627 0.345703125 0.009036144578313253 0.01806640625
1 0.47740963855421686 0.36474609375 0.009789156626506024 0.00927734375
1 0.4352409638554217 0.3154296875 0.010542168674698794 0.0224609375
1 0.43373493975903615 0.27294921875 0.018072289156626505 0.02490234375
1 0.43900602409638556 0.216796875 0.015060240963855422 0.025390625
1 0.43599397590361444 0.17529296875 0.02108433734939759 0.02587890625
1 0.37650602409638556 0.1875 0.01355421686746988 0.017578125
1 0.3772590361445783 0.2060546875 0.01581325301204819 0.01220703125
1 0.3757530120481928 0.220703125 0.01957831325301205 0.01708984375
1 0.37650602409638556 0.23388671875 0.01882530120481928 0.00830078125
1 0.37349397590361444 0.2451171875 0.018072289156626505 0.01171875
1 0.3727409638554217 0.2568359375 0.01581325301204819 0.0107421875
1 0.375 0.27001953125 0.012801204819277108 0.009765625
1 0.3742469879518072 0.2822265625 0.018072289156626505 0.01220703125
1 0.3727409638554217 0.30322265625 0.009036144578313253 0.0166015625
1 0.3727409638554217 0.34033203125 0.011295180722891566 0.01025390625
1 0.2756024096385542 0.447265625 0.016566265060240965 0.01123046875
1 0.27710843373493976 0.470703125 0.021837349397590362 0.02001953125
1 0.2394578313253012 0.25537109375 0.015060240963855422 0.01318359375
1 0.24021084337349397 0.2412109375 0.01430722891566265 0.01416015625
1 0.2748493975903614 0.21044921875 0.009789156626506024 0.01220703125
1 0.2748493975903614 0.1904296875 0.01430722891566265 0.0205078125
1 0.3230421686746988 0.1689453125 0.01430722891566265 0.01123046875
1 0.3253012048192771 0.1923828125 0.016566265060240965 0.02880859375
1 0.15286144578313254 0.21044921875 0.01957831325301205 0.029296875
1 0.1536144578313253 0.2607421875 0.01957831325301205 0.03662109375
1 0.15436746987951808 0.30810546875 0.021837349397590362 0.02978515625
1 0.15135542168674698 0.34619140625 0.018072289156626505 0.02978515625
1 0.8697289156626506 0.546875 0.01882530120481928 0.033203125
1 0.8674698795180723 0.583984375 0.016566265060240965 0.0322265625
1 0.8682228915662651 0.6201171875 0.01430722891566265 0.02587890625
1 0.7914156626506024 0.61962890625 0.01882530120481928 0.02685546875
1 0.7929216867469879 0.58837890625 0.021837349397590362 0.02294921875
1 0.7906626506024096 0.55712890625 0.02108433734939759 0.0224609375
1 0.7921686746987951 0.6484375 0.022590361445783132 0.02490234375
1 0.7891566265060241 0.6787109375 0.017319277108433735 0.0205078125
1 0.7914156626506024 0.71044921875 0.01957831325301205 0.0185546875
1 0.7899096385542169 0.751953125 0.017319277108433735 0.02685546875
1 0.6596385542168675 0.8212890625 0.03162650602409638 0.013671875
1 0.6543674698795181 0.80029296875 0.025602409638554216 0.02294921875
1 0.6528614457831325 0.8359375 0.017319277108433735 0.0166015625
1 0.6716867469879518 0.68115234375 0.01581325301204819 0.02294921875
1 0.6746987951807228 0.6513671875 0.021837349397590362 0.025390625
1 0.6739457831325302 0.6171875 0.02033132530120482 0.0224609375
1 0.6769578313253012 0.5830078125 0.02033132530120482 0.0244140625
1 0.6762048192771084 0.55712890625 0.02033132530120482 0.0244140625
1 0.5971385542168675 0.5869140625 0.011295180722891566 0.017578125
1 0.6009036144578314 0.609375 0.015060240963855422 0.0224609375
1 0.598644578313253 0.64453125 0.01355421686746988 0.0185546875
1 0.5963855421686747 0.66748046875 0.01882530120481928 0.01904296875
1 0.5971385542168675 0.70556640625 0.018072289156626505 0.01611328125
1 0.598644578313253 0.724609375 0.01957831325301205 0.0185546875
1 0.5436746987951807 0.7265625 0.01882530120481928 0.01708984375
1 0.545933734939759 0.705078125 0.02108433734939759 0.0224609375
1 0.6024096385542169 0.7685546875 0.01957831325301205 0.01953125
1 0.6016566265060241 0.7919921875 0.018072289156626505 0.0205078125
1 0.5436746987951807 0.7900390625 0.024096385542168676 0.0234375
1 0.545933734939759 0.76513671875 0.021837349397590362 0.02099609375
1 0.545933734939759 0.82666015625 0.01957831325301205 0.02099609375
1 0.6031626506024096 0.8232421875 0.016566265060240965 0.01513671875
1 0.6016566265060241 0.84521484375 0.01882530120481928 0.0234375
1 0.5444277108433735 0.84814453125 0.01581325301204819 0.0087890625
1 0.4871987951807229 0.82373046875 0.016566265060240965 0.017578125
1 0.4442771084337349 0.7998046875 0.01957831325301205 0.01953125
1 0.3998493975903614 0.80859375 0.01957831325301205 0.02685546875
1 0.5444277108433735 0.66796875 0.018072289156626505 0.01904296875
1 0.5436746987951807 0.64453125 0.01355421686746988 0.01416015625
1 0.545933734939759 0.61083984375 0.021837349397590362 0.0234375
1 0.5451807228915663 0.5849609375 0.017319277108433735 0.01806640625
1 0.473644578313253 0.56494140625 0.015060240963855422 0.01416015625
1 0.48569277108433734 0.583984375 0.01430722891566265 0.02197265625
1 0.48569277108433734 0.6162109375 0.01581325301204819 0.017578125
1 0.49096385542168675 0.6455078125 0.022590361445783132 0.02099609375
1 0.49021084337349397 0.669921875 0.017319277108433735 0.02099609375
1 0.4036144578313253 0.64208984375 0.018072289156626505 0.01708984375
1 0.401355421686747 0.615234375 0.01957831325301205 0.0205078125
1 0.4435240963855422 0.5966796875 0.01430722891566265 0.03466796875
1 0.4450301204819277 0.5673828125 0.016566265060240965 0.0185546875
1 0.41039156626506024 0.56640625 0.011295180722891566 0.013671875
1 0.3983433734939759 0.59033203125 0.011295180722891566 0.0146484375
1 0.338855421686747 0.68310546875 0.022590361445783132 0.03076171875
1 0.3373493975903614 0.63671875 0.01355421686746988 0.015625
1 0.3381024096385542 0.59716796875 0.017319277108433735 0.03076171875
1 0.34186746987951805 0.56005859375 0.02786144578313253 0.03515625
1 0.27259036144578314 0.568359375 0.016566265060240965 0.01611328125
1 0.2710843373493976 0.58251953125 0.01581325301204819 0.0107421875
1 0.2688253012048193 0.5966796875 0.012801204819277108 0.01171875
1 0.2680722891566265 0.61865234375 0.017319277108433735 0.0263671875
1 0.22590361445783133 0.56787109375 0.012048192771084338 0.01611328125
1 0.18373493975903615 0.56787109375 0.011295180722891566 0.01708984375
1 0.1852409638554217 0.66162109375 0.015060240963855422 0.0283203125
1 0.26656626506024095 0.7021484375 0.011295180722891566 0.01904296875
1 0.18674698795180722 0.68896484375 0.02033132530120482 0.021484375
1 0.18674698795180722 0.7060546875 0.01581325301204819 0.0146484375
1 0.18599397590361447 0.720703125 0.017319277108433735 0.01513671875
1 0.18298192771084337 0.734375 0.01430722891566265 0.00927734375
1 0.18674698795180722 0.7529296875 0.01355421686746988 0.0146484375
1 0.1897590361445783 0.7685546875 0.016566265060240965 0.0166015625
1 0.10542168674698796 0.73291015625 0.016566265060240965 0.0166015625
1 0.14156626506024098 0.67041015625 0.01355421686746988 0.0205078125
1 0.10692771084337349 0.7490234375 0.015060240963855422 0.0146484375
1 0.14683734939759036 0.7783203125 0.016566265060240965 0.013671875
1 0.18674698795180722 0.80078125 0.011295180722891566 0.0087890625
1 0.22966867469879518 0.8056640625 0.016566265060240965 0.01806640625
1 0.2740963855421687 0.79833984375 0.01581325301204819 0.029296875
1 0.2733433734939759 0.82275390625 0.02033132530120482 0.015625
1 0.23042168674698796 0.8369140625 0.023343373493975902 0.0234375
1 0.2710843373493976 0.8466796875 0.02033132530120482 0.0224609375
1 0.18674698795180722 0.8203125 0.01355421686746988 0.01904296875
1 0.18825301204819278 0.84033203125 0.01430722891566265 0.01806640625
1 0.19352409638554216 0.85791015625 0.02033132530120482 0.0126953125
1 0.23042168674698796 0.8681640625 0.012048192771084338 0.0166015625
1 0.27259036144578314 0.88427734375 0.021837349397590362 0.04248046875
1 0.22816265060240964 0.90380859375 0.01882530120481928 0.021484375
1 0.2033132530120482 0.904296875 0.01581325301204819 0.0185546875
1 0.1460843373493976 0.88818359375 0.016566265060240965 0.0244140625
1 0.1438253012048193 0.86767578125 0.011295180722891566 0.01220703125