0 0.4167073766487543 0.25272727272727274 0.05227161700048852 0.06909090909090909
0 0.3575964826575476 0.25272727272727274 0.05764533463605276 0.06545454545454546
0 0.4147532975085491 0.3296969696969697 0.0537371763556424 0.08363636363636363
0 0.41499755740107475 0.4109090909090909 0.061553492916463115 0.07090909090909091
0 0.41279921836834393 0.4715151515151515 0.05324865657059111 0.052121212121212124
0 0.4132877381533952 0.5321212121212121 0.05324865657059111 0.06545454545454546
0 0.3522227650219834 0.8787878787878788 0.05129457743038593 0.05393939393939394
0 0.3470933072789448 0.8281818181818181 0.06936980947728383 0.041212121212121214
0 0.34782608695652173 0.7136363636363636 0.057156814851001464 0.062424242424242424
0 0.3507572056668295 0.5736363636363636 0.0537371763556424 0.051515151515151514
0 0.3549096238397655 0.5218181818181818 0.0537371763556424 0.04727272727272727
0 0.35564240351734244 0.46484848484848484 0.0537371763556424 0.05454545454545454
0 0.35344406448461163 0.406969696969697 0.05569125549584758 0.04787878787878788
0 0.29335613092330237 0.35 0.05569125549584758 0.052121212121212124
0 0.2948216902784563 0.24333333333333335 0.061553492916463115 0.05393939393939394
0 0.22545188080117246 0.24303030303030304 0.05324865657059111 0.06
0 0.22545188080117246 0.31212121212121213 0.05471421592574499 0.05757575757575758
0 0.22325354176844162 0.3624242424242424 0.06204201270151441 0.04363636363636364
0 0.2210552027357108 0.58 0.06448461162677088 0.056363636363636366
0 0.22178798241328773 0.6381818181818182 0.061553492916463115 0.06
0 0.2220322423058134 0.7254545454545455 0.055202735710796286 0.04303030303030303
0 0.22178798241328773 0.7696969696969697 0.05471421592574499 0.04666666666666667
0 0.22276502198339032 0.8157575757575758 0.04396678065461651 0.04303030303030303
0 0.1575476306790425 0.8236363636363636 0.05862237420615535 0.05818181818181818
0 0.15461651196873474 0.7651515151515151 0.06008793356130923 0.052121212121212124
0 0.15681485100146556 0.7078787878787879 0.06399609184171959 0.059393939393939395
0 0.15657059110893992 0.6527272727272727 0.06546165119687347 0.048484848484848485
0 0.28456277479237907 0.7245454545454545 0.05227161700048852 0.048484848484848485
0 0.28334147532975085 0.7784848484848484 0.0542256961406937 0.05393939393939394
0 0.2896922325354177 0.46454545454545454 0.0542256961406937 0.06424242424242424
0 0.09550561797752809 0.4809090909090909 0.05959941377625794 0.059393939393939395
0 0.09550561797752809 0.4166666666666667 0.061553492916463115 0.06545454545454546
0 0.09697117733268197 0.31242424242424244 0.05862237420615535 0.04909090909090909
0 0.1617000488519785 0.35515151515151516 0.05569125549584758 0.05090909090909091
0 0.16340986809965805 0.2412121212121212 0.05569125549584758 0.03878787878787879
0 0.16096726917440157 0.276969696969697 0.05764533463605276 0.02727272727272727
0 0.09526135808500244 0.25181818181818183 0.05666829506595017 0.06787878787878789
1 0.4342940889106009 0.25303030303030305 0.014167073766487542 0.05757575757575758
1 0.43209574987787003 0.31666666666666665 0.015632633121641426 0.04
1 0.4330727894479726 0.4106060606060606 0.01709819247679531 0.06787878787878789
1 0.4323400097703957 0.4712121212121212 0.013678553981436248 0.04606060606060606
1 0.4323400097703957 0.526969696969697 0.013190034196384953 0.045454545454545456
1 0.3724963361016121 0.5203030303030303 0.0180752320468979 0.03515151515151515
1 0.3693209574987787 0.5693939393939393 0.015144113336590131 0.02484848484848485
1 0.3717635564240352 0.4627272727272727 0.015632633121641426 0.03636363636363636
1 0.3734733756717147 0.4033333333333333 0.013678553981436248 0.041212121212121214
1 0.37884709330727895 0.2396969696969697 0.015632633121641426 0.037575757575757575
1 0.31631656082071324 0.24454545454545454 0.014655593551538837 0.05333333333333334
1 0.31314118221787984 0.3512121212121212 0.01612115290669272 0.05090909090909091
1 0.3082559843673669 0.46060606060606063 0.014655593551538837 0.037575757575757575
1 0.3663898387884709 0.7021212121212121 0.015632633121641426 0.034545454545454546
1 0.36907669760625306 0.8281818181818181 0.012701514411333659 0.038181818181818185
1 0.3693209574987787 0.8748484848484849 0.014167073766487542 0.028484848484848484
1 0.30288226673180263 0.7733333333333333 0.017586712261846604 0.026060606060606062
1 0.3016609672691744 0.723030303030303 0.0180752320468979 0.03090909090909091
1 0.2401074743527113 0.7254545454545455 0.01709819247679531 0.04
1 0.23937469467513434 0.7678787878787878 0.015144113336590131 0.03151515151515152
1 0.23742061553492916 0.8148484848484848 0.016609672691744015 0.03393939393939394
1 0.17684416218856863 0.813030303030303 0.01709819247679531 0.03151515151515152
1 0.1770884220810943 0.7548484848484849 0.011235955056179775 0.023636363636363636
1 0.17782120175867122 0.6996969696969697 0.0180752320468979 0.03393939393939394
1 0.18001954079140206 0.6506060606060606 0.011235955056179775 0.04303030303030303
1 0.2418172936003908 0.6381818181818182 0.018563751831949193 0.055757575757575756
1 0.24450415241817294 0.5806060606060606 0.014167073766487542 0.05272727272727273
1 0.2427943331704934 0.3557575757575758 0.016609672691744015 0.025454545454545455
1 0.24450415241817294 0.30666666666666664 0.015632633121641426 0.03515151515151515
1 0.24596971177332683 0.23272727272727273 0.012212994626282364 0.025454545454545455
1 0.18295065950170983 0.27606060606060606 0.01172447484123107 0.020606060606060607
1 0.18392769907181242 0.24212121212121213 0.013678553981436248 0.03090909090909091
1 0.11504640937957987 0.23939393939393938 0.012212994626282364 0.037575757575757575
1 0.11651196873473375 0.30636363636363634 0.014655593551538837 0.019393939393939394
1 0.11700048851978505 0.413030303030303 0.015632633121641426 0.03878787878787879
1 0.11406936980947728 0.4781818181818182 0.016609672691744015 0.04363636363636364
1 0.1802638006839277 0.353030303030303 0.013678553981436248 0.03878787878787879