0 0.91455078125 0.22276323797930614 0.03271484375 0.03164942178940962
0 0.9150390625 0.2592818015824711 0.02978515625 0.030432136335970784
0 0.9140625 0.2988435788192331 0.0263671875 0.04321363359707851
0 0.91455078125 0.3414485696895922 0.0302734375 0.03773584905660377
0 0.82763671875 0.24284844796104688 0.01708984375 0.026171637248934874
0 0.7744140625 0.209373097991479 0.0244140625 0.026171637248934874
0 0.63671875 0.18807060255629945 0.01953125 0.02799756542909312
0 0.63818359375 0.21363359707851493 0.01953125 0.02130249543517955
0 0.74072265625 0.3091905051734632 0.01611328125 0.018867924528301886
0 0.73974609375 0.28971393791844186 0.01806640625 0.018259281801582473
0 0.775390625 0.256238587948874 0.02001953125 0.02799756542909312
0 0.79150390625 0.2818015824710895 0.01708984375 0.01704199634814364
0 0.3515625 0.20267802799756543 0.025390625 0.024345709068776627
0 0.3173828125 0.19963481436396835 0.01806640625 0.018867924528301886
0 0.31884765625 0.22215459525258674 0.0234375 0.021911138161898967
0 0.2978515625 0.22641509433962265 0.02392578125 0.030432136335970784
0 0.3349609375 0.23493609251369446 0.01611328125 0.02799756542909312
1 0.92431640625 0.22276323797930614 0.009765625 0.02556299452221546
1 0.92529296875 0.2550213024954352 0.0078125 0.020693852708460133
1 0.921875 0.2994522215459525 0.00634765625 0.04382227632379793
1 0.921875 0.33414485696895924 0.009765625 0.023128423615337797
1 0.79736328125 0.2824102251978089 0.005859375 0.01582471089470481
1 0.83154296875 0.23737066342057211 0.0078125 0.014607425441265977
1 0.78125 0.2550213024954352 0.009765625 0.026171637248934874
1 0.78271484375 0.209373097991479 0.00732421875 0.024954351795496044
1 0.74560546875 0.28910529519172246 0.005859375 0.01278149726110773
1 0.74462890625 0.30736457699330494 0.0078125 0.01278149726110773
1 0.64306640625 0.2130249543517955 0.0068359375 0.020693852708460133
1 0.64306640625 0.18807060255629945 0.00439453125 0.02678027997565429
1 0.35888671875 0.20328667072428486 0.00927734375 0.02130249543517955
1 0.322265625 0.20024345709068778 0.0068359375 0.018867924528301886
1 0.3388671875 0.2331101643335362 0.0068359375 0.024345709068776627
1 0.32470703125 0.2172854534388314 0.0107421875 0.011564211807668898
1 0.30615234375 0.22763237979306147 0.0068359375 0.029214850882531954