0 0.8286604361370716 0.19384765625 0.06931464174454828 0.02587890625
0 0.82398753894081 0.22607421875 0.06853582554517133 0.03759765625
0 0.8263239875389408 0.29296875 0.07554517133956386 0.0546875
0 0.8302180685358256 0.3662109375 0.05529595015576324 0.03369140625
0 0.8294392523364486 0.40283203125 0.06775700934579439 0.03515625
0 0.9049844236760125 0.548828125 0.0646417445482866 0.0390625
0 0.7429906542056075 0.51220703125 0.07398753894080996 0.03466796875
0 0.9065420560747663 0.75830078125 0.06697819314641744 0.03271484375
0 0.8995327102803738 0.8291015625 0.07165109034267912 0.02978515625
0 0.9096573208722741 0.8623046875 0.07710280373831775 0.037109375
0 0.7453271028037384 0.22412109375 0.061526479750778816 0.03076171875
0 0.7492211838006231 0.32958984375 0.05996884735202492 0.03466796875
0 0.7476635514018691 0.36865234375 0.07476635514018691 0.0439453125
0 0.7515576323987538 0.4384765625 0.06386292834890965 0.03955078125
0 0.7492211838006231 0.65087890625 0.05763239875389408 0.0390625
0 0.6682242990654206 0.75732421875 0.06775700934579439 0.03369140625
0 0.6783489096573209 0.6865234375 0.0646417445482866 0.03759765625
0 0.6752336448598131 0.64990234375 0.07398753894080996 0.03466796875
0 0.6690031152647975 0.58154296875 0.08644859813084112 0.0400390625
0 0.6004672897196262 0.47802734375 0.0763239875389408 0.03076171875
0 0.5996884735202492 0.51220703125 0.0529595015576324 0.033203125
0 0.6744548286604362 0.44384765625 0.059190031152647975 0.03466796875
0 0.6020249221183801 0.36181640625 0.07165109034267912 0.03564453125
0 0.6012461059190031 0.2939453125 0.06542056074766354 0.03173828125
0 0.6082554517133957 0.255859375 0.0763239875389408 0.0341796875
0 0.5311526479750779 0.193359375 0.06386292834890965 0.029296875
0 0.4532710280373832 0.22216796875 0.06775700934579439 0.0302734375
0 0.45716510903426794 0.2607421875 0.0630841121495327 0.04150390625
0 0.5319314641744548 0.29248046875 0.05841121495327103 0.03369140625
0 0.530373831775701 0.33349609375 0.05529595015576324 0.04345703125
0 0.5272585669781932 0.37451171875 0.061526479750778816 0.0341796875
0 0.5295950155763239 0.408203125 0.07087227414330217 0.03076171875
0 0.45638629283489096 0.408203125 0.06074766355140187 0.03564453125
0 0.4602803738317757 0.37158203125 0.06542056074766354 0.03466796875
0 0.45638629283489096 0.33056640625 0.0646417445482866 0.03564453125
0 0.31230529595015577 0.328125 0.07320872274143302 0.03125
0 0.24065420560747663 0.29296875 0.06619937694704049 0.052734375
0 0.24065420560747663 0.25390625 0.06931464174454828 0.02978515625
0 0.24065420560747663 0.1953125 0.0763239875389408 0.041015625
0 0.3107476635514019 0.1943359375 0.05763239875389408 0.03271484375
0 0.382398753894081 0.19482421875 0.0646417445482866 0.0302734375
0 0.38317757009345793 0.2900390625 0.06542056074766354 0.03759765625
0 0.3847352024922118 0.36767578125 0.06230529595015576 0.0380859375
0 0.308411214953271 0.40625 0.06386292834890965 0.0341796875
0 0.3146417445482866 0.22900390625 0.061526479750778816 0.02978515625
0 0.23598130841121495 0.36474609375 0.06074766355140187 0.0400390625
0 0.5981308411214953 0.4404296875 0.061526479750778816 0.0322265625
0 0.677570093457944 0.544921875 0.06931464174454828 0.03271484375
0 0.5942367601246106 0.650390625 0.06074766355140187 0.0341796875
0 0.5981308411214953 0.6865234375 0.06230529595015576 0.03076171875
0 0.5911214953271028 0.71875 0.07165109034267912 0.04052734375
0 0.5934579439252337 0.7939453125 0.06697819314641744 0.037109375
0 0.5981308411214953 0.86279296875 0.07476635514018691 0.04443359375
0 0.45249221183800625 0.85888671875 0.06074766355140187 0.0400390625
0 0.37850467289719625 0.8662109375 0.06230529595015576 0.0419921875
0 0.37694704049844235 0.826171875 0.06853582554517133 0.033203125
0 0.37694704049844235 0.794921875 0.06542056074766354 0.02880859375
0 0.4501557632398754 0.78564453125 0.05685358255451713 0.0302734375
0 0.37616822429906543 0.759765625 0.05996884735202492 0.0361328125
0 0.4532710280373832 0.6220703125 0.07476635514018691 0.0322265625
0 0.45093457943925236 0.58447265625 0.07009345794392523 0.0390625
0 0.4517133956386293 0.548828125 0.061526479750778816 0.0302734375
0 0.5264797507788161 0.544921875 0.07242990654205607 0.03857421875
0 0.45482866043613707 0.51123046875 0.061526479750778816 0.03857421875
0 0.4532710280373832 0.47509765625 0.05763239875389408 0.03125
0 0.3792834890965732 0.482421875 0.07165109034267912 0.03466796875
0 0.382398753894081 0.44140625 0.06775700934579439 0.0400390625
0 0.23208722741433022 0.47802734375 0.07165109034267912 0.03369140625
0 0.23442367601246106 0.51220703125 0.06697819314641744 0.03271484375
0 0.3099688473520249 0.54638671875 0.06853582554517133 0.04052734375
0 0.309190031152648 0.5107421875 0.0646417445482866 0.03515625
0 0.3076323987538941 0.44580078125 0.04984423676012461 0.03076171875
0 0.2367601246105919 0.5830078125 0.056074766355140186 0.0302734375
0 0.2336448598130841 0.685546875 0.05685358255451713 0.02734375
0 0.2367601246105919 0.75244140625 0.06542056074766354 0.03173828125
0 0.2336448598130841 0.8291015625 0.0630841121495327 0.04052734375
0 0.3068535825545171 0.86474609375 0.06386292834890965 0.03662109375
0 0.3045171339563863 0.79345703125 0.0646417445482866 0.037109375
0 0.308411214953271 0.7265625 0.059190031152647975 0.03515625
0 0.3076323987538941 0.6875 0.061526479750778816 0.037109375
0 0.3076323987538941 0.61474609375 0.05451713395638629 0.0283203125
0 0.3068535825545171 0.6474609375 0.05841121495327103 0.0341796875
0 0.45716510903426794 0.68896484375 0.06074766355140187 0.0302734375
0 0.45404984423676015 0.72119140625 0.05685358255451713 0.02783203125
0 0.5272585669781932 0.6123046875 0.050623052959501556 0.0419921875
0 0.5926791277258567 0.5791015625 0.05996884735202492 0.0283203125
0 0.5934579439252337 0.6142578125 0.06074766355140187 0.03662109375
1 0.8512461059190031 0.193359375 0.020249221183800622 0.02197265625
1 0.8457943925233645 0.22705078125 0.01557632398753894 0.03515625
1 0.8473520249221184 0.29345703125 0.020249221183800622 0.05419921875
1 0.8473520249221184 0.36669921875 0.016355140186915886 0.03466796875
1 0.8496884735202492 0.40478515625 0.02336448598130841 0.03857421875
1 0.926791277258567 0.546875 0.024143302180685357 0.03662109375
1 0.7702492211838006 0.50732421875 0.02336448598130841 0.01708984375
1 0.7663551401869159 0.43359375 0.019470404984423675 0.03125
1 0.7694704049844237 0.36376953125 0.027258566978193146 0.02880859375
1 0.7679127725856698 0.32470703125 0.010124610591900311 0.01708984375
1 0.7702492211838006 0.22265625 0.018691588785046728 0.029296875
1 0.6253894080996885 0.25390625 0.027258566978193146 0.03076171875
1 0.6230529595015576 0.29052734375 0.018691588785046728 0.0224609375
1 0.5490654205607477 0.29345703125 0.020249221183800622 0.0322265625
1 0.5467289719626168 0.333984375 0.01557632398753894 0.04443359375
1 0.6261682242990654 0.35791015625 0.028037383177570093 0.02880859375
1 0.6915887850467289 0.43896484375 0.020249221183800622 0.0185546875
1 0.616822429906542 0.43896484375 0.024143302180685357 0.02783203125
1 0.6222741433021807 0.47119140625 0.02881619937694704 0.0224609375
1 0.6947040498442367 0.5439453125 0.02102803738317757 0.029296875
1 0.6978193146417445 0.578125 0.02336448598130841 0.03125
1 0.6152647975077882 0.58056640625 0.014018691588785047 0.03271484375
1 0.6152647975077882 0.60693359375 0.02102803738317757 0.01806640625
1 0.764797507788162 0.64697265625 0.02102803738317757 0.02685546875
1 0.6962616822429907 0.6513671875 0.02570093457943925 0.0361328125
1 0.6939252336448598 0.68701171875 0.02570093457943925 0.03466796875
1 0.616822429906542 0.6875 0.016355140186915886 0.0205078125
1 0.6160436137071651 0.64794921875 0.01791277258566978 0.03271484375
1 0.6160436137071651 0.7138671875 0.022585669781931463 0.0263671875
1 0.6954828660436138 0.7529296875 0.022585669781931463 0.02783203125
1 0.927570093457944 0.75634765625 0.029595015576323987 0.02734375
1 0.9228971962616822 0.822265625 0.024922118380062305 0.01806640625
1 0.9299065420560748 0.85791015625 0.030373831775700934 0.0302734375
1 0.6230529595015576 0.86279296875 0.030373831775700934 0.04296875
1 0.616822429906542 0.79296875 0.018691588785046728 0.033203125
1 0.4696261682242991 0.78271484375 0.02102803738317757 0.0224609375
1 0.471183800623053 0.72119140625 0.02570093457943925 0.02734375
1 0.4750778816199377 0.68798828125 0.02102803738317757 0.03173828125
1 0.4750778816199377 0.61767578125 0.022585669781931463 0.02001953125
1 0.4766355140186916 0.5849609375 0.022585669781931463 0.03857421875
1 0.543613707165109 0.60791015625 0.019470404984423675 0.03125
1 0.5506230529595015 0.5380859375 0.03271028037383177 0.02880859375
1 0.47585669781931467 0.54541015625 0.024143302180685357 0.01611328125
1 0.4742990654205608 0.5029296875 0.02102803738317757 0.0205078125
1 0.4719626168224299 0.47119140625 0.020249221183800622 0.02734375
1 0.5506230529595015 0.408203125 0.027258566978193146 0.03076171875
1 0.4719626168224299 0.40478515625 0.02570093457943925 0.03076171875
1 0.47585669781931467 0.3681640625 0.027258566978193146 0.02783203125
1 0.5475077881619937 0.3740234375 0.017133956386292833 0.02978515625
1 0.4750778816199377 0.32861328125 0.01557632398753894 0.0361328125
1 0.47585669781931467 0.26171875 0.02102803738317757 0.0419921875
1 0.4766355140186916 0.21435546875 0.018691588785046728 0.0146484375
1 0.5482866043613707 0.19482421875 0.021806853582554516 0.02783203125
1 0.4057632398753894 0.1923828125 0.02102803738317757 0.02783203125
1 0.3333333333333333 0.19677734375 0.017133956386292833 0.02685546875
1 0.3348909657320872 0.22265625 0.02102803738317757 0.01123046875
1 0.2632398753894081 0.1884765625 0.03115264797507788 0.01708984375
1 0.2601246105919003 0.2529296875 0.017133956386292833 0.029296875
1 0.2585669781931464 0.294921875 0.01557632398753894 0.04833984375
1 0.3356697819314642 0.3232421875 0.0264797507788162 0.0224609375
1 0.40186915887850466 0.36279296875 0.02336448598130841 0.03125
1 0.26090342679127726 0.3623046875 0.019470404984423675 0.03271484375
1 0.32866043613707163 0.39990234375 0.018691588785046728 0.01708984375
1 0.40109034267912774 0.4423828125 0.018691588785046728 0.03271484375
1 0.32710280373831774 0.44482421875 0.02102803738317757 0.01904296875
1 0.40420560747663553 0.47314453125 0.016355140186915886 0.021484375
1 0.2601246105919003 0.478515625 0.01791277258566978 0.02783203125
1 0.2570093457943925 0.51123046875 0.02102803738317757 0.025390625
1 0.3302180685358255 0.50927734375 0.02102803738317757 0.02587890625
1 0.3302180685358255 0.54443359375 0.024143302180685357 0.03271484375
1 0.2570093457943925 0.58349609375 0.016355140186915886 0.02978515625
1 0.32866043613707163 0.6142578125 0.024143302180685357 0.03125
1 0.3247663551401869 0.6416015625 0.020249221183800622 0.02685546875
1 0.32554517133956384 0.6865234375 0.018691588785046728 0.033203125
1 0.2538940809968847 0.6845703125 0.017133956386292833 0.0263671875
1 0.32710280373831774 0.720703125 0.02102803738317757 0.02001953125
1 0.3987538940809969 0.7548828125 0.02102803738317757 0.0244140625
1 0.2554517133956386 0.75390625 0.02102803738317757 0.03125
1 0.3278816199376947 0.7939453125 0.018691588785046728 0.03369140625
1 0.39797507788161995 0.79150390625 0.02570093457943925 0.0185546875
1 0.39797507788161995 0.82666015625 0.024922118380062305 0.03271484375
1 0.4727414330218069 0.85693359375 0.01791277258566978 0.03564453125
1 0.39953271028037385 0.86474609375 0.024143302180685357 0.037109375
1 0.3263239875389408 0.86083984375 0.0264797507788162 0.0302734375
1 0.2531152647975078 0.82666015625 0.02570093457943925 0.02734375
1 0.6144859813084113 0.51171875 0.024922118380062305 0.033203125
1 0.40109034267912774 0.287109375 0.019470404984423675 0.03173828125