0 0.8920812894183602 0.16015625 0.06096706377014716 0.03759765625
0 0.7778556412053259 0.234375 0.04064470918009811 0.0263671875
0 0.7379117028731604 0.2080078125 0.0322354590049054 0.0244140625
0 0.7771548703573932 0.20751953125 0.039243167484232656 0.0244140625
0 0.7792571829011913 0.1845703125 0.046951646811492644 0.01904296875
0 0.6951646811492642 0.2236328125 0.039943938332165384 0.0205078125
0 0.7358093903293623 0.23828125 0.032936229852838124 0.0185546875
0 0.7757533286615277 0.259765625 0.039943938332165384 0.01953125
0 0.8899789768745621 0.3466796875 0.06096706377014716 0.044921875
0 0.8913805185704274 0.3154296875 0.06236860546601261 0.02294921875
0 0.8920812894183602 0.2919921875 0.06166783461807989 0.02734375
0 0.8927820602662929 0.26806640625 0.06096706377014716 0.0234375
0 0.8920812894183602 0.2353515625 0.06306937631394534 0.0380859375
0 0.8906797477224947 0.19873046875 0.06306937631394534 0.0380859375
1 0.9145059565522075 0.15478515625 0.01401541695865452 0.02734375
1 0.9138051857042747 0.19287109375 0.013314646110721794 0.02294921875
1 0.9138051857042747 0.2294921875 0.01401541695865452 0.0263671875
1 0.9138051857042747 0.26123046875 0.012613875262789068 0.0126953125
1 0.9145059565522075 0.2880859375 0.012613875262789068 0.02197265625
1 0.9138051857042747 0.3115234375 0.009810791871058164 0.0107421875
1 0.9138051857042747 0.33740234375 0.01401541695865452 0.03369140625
1 0.7890679747722494 0.25732421875 0.01051156271899089 0.01220703125
1 0.7890679747722494 0.23388671875 0.01051156271899089 0.02685546875
1 0.7918710581639804 0.20556640625 0.01051156271899089 0.01953125
1 0.7939733707077785 0.18408203125 0.0161177295024527 0.0185546875
1 0.7512263489838823 0.2080078125 0.009810791871058164 0.02099609375
1 0.7491240364400841 0.23681640625 0.008409250175192713 0.01708984375
1 0.7105816398037842 0.22412109375 0.011913104414856343 0.021484375