0 0.896484375 0.4488559892328398 0.04345703125 0.06123822341857335
0 0.944580078125 0.6278600269179004 0.0400390625 0.03835800807537012
0 0.946044921875 0.6682368775235532 0.03515625 0.04172274562584118
0 0.946044921875 0.715343203230148 0.03759765625 0.05114401076716016
0 0.90625 0.7984522207267833 0.0419921875 0.04979811574697174
0 0.820068359375 0.7863391655450875 0.04150390625 0.04441453566621804
0 0.780517578125 0.8243606998654105 0.0341796875 0.03566621803499327
0 0.781005859375 0.8620457604306864 0.0380859375 0.04374158815612382
0 0.820068359375 0.705585464333782 0.041015625 0.039703903095558546
0 0.77587890625 0.6507402422611036 0.04052734375 0.04845222072678331
0 0.7763671875 0.6036339165545087 0.0400390625 0.04576043068640646
0 0.775390625 0.5302826379542396 0.03857421875 0.04576043068640646
0 0.773681640625 0.4838492597577389 0.04150390625 0.04979811574697174
0 0.810302734375 0.24831763122476447 0.0380859375 0.06056527590847914
0 0.726806640625 0.2543741588156124 0.0380859375 0.05450874831763122
0 0.723388671875 0.20121130551816957 0.03759765625 0.05114401076716016
0 0.60595703125 0.3391655450874832 0.04150390625 0.04441453566621804
0 0.60693359375 0.4522207267833109 0.0341796875 0.033647375504710635
0 0.60986328125 0.4892328398384926 0.03369140625 0.03566621803499327
0 0.609375 0.5289367429340511 0.04248046875 0.04306864064602961
0 0.566650390625 0.4417900403768506 0.0361328125 0.04508748317631225
0 0.615966796875 0.7449528936742934 0.041015625 0.03230148048452221
0 0.614990234375 0.7812920592193809 0.03955078125 0.05652759084791386
0 0.5751953125 0.7748990578734859 0.03173828125 0.03633916554508748
0 0.444580078125 0.522207267833109 0.0390625 0.05047106325706595
0 0.443603515625 0.43808882907133245 0.03759765625 0.046433378196500674
0 0.284423828125 0.7833109017496636 0.0302734375 0.02826379542395693
0 0.283203125 0.8142664872139973 0.03515625 0.047106325706594884
0 0.28662109375 0.8556527590847914 0.0341796875 0.034993270524899055
0 0.202392578125 0.7863391655450875 0.03515625 0.039030955585464336
0 0.202392578125 0.8267160161507402 0.0380859375 0.04508748317631225
0 0.203125 0.8852624495289367 0.04248046875 0.03095558546433378
0 0.079833984375 0.8344549125168237 0.03564453125 0.039030955585464336
0 0.079833984375 0.8707940780619112 0.04541015625 0.05518169582772544
0 0.241943359375 0.5995962314939435 0.037109375 0.05047106325706595
0 0.11767578125 0.23654104979811574 0.03564453125 0.06662180349932706
1 0.910400390625 0.4465006729475101 0.01025390625 0.05047106325706595
1 0.958251953125 0.6268506056527591 0.0087890625 0.03230148048452221
1 0.958251953125 0.6658815612382234 0.01025390625 0.034320323014804845
1 0.957275390625 0.7129878869448183 0.01318359375 0.033647375504710635
1 0.832763671875 0.7018842530282638 0.01220703125 0.033647375504710635
1 0.834228515625 0.7812920592193809 0.0087890625 0.03230148048452221
1 0.9208984375 0.7981157469717362 0.01611328125 0.03633916554508748
1 0.791259765625 0.8253701211305519 0.01318359375 0.02489905787348587
1 0.793212890625 0.857671601615074 0.01318359375 0.034993270524899055
1 0.6279296875 0.7372139973082099 0.0146484375 0.016823687752355317
1 0.62646484375 0.7728802153432033 0.0126953125 0.03768506056527591
1 0.583984375 0.7745625841184388 0.01123046875 0.034993270524899055
1 0.621337890625 0.5238896366083445 0.01318359375 0.034993270524899055
1 0.619384765625 0.4868775235531628 0.01171875 0.03297442799461642
1 0.61865234375 0.4528936742934051 0.01025390625 0.03028263795423957
1 0.579345703125 0.4360699865410498 0.00732421875 0.02826379542395693
1 0.620849609375 0.3314266487213997 0.01416015625 0.03028263795423957
1 0.822021484375 0.24125168236877523 0.01220703125 0.04306864064602961
1 0.738037109375 0.24798115746971736 0.01123046875 0.039703903095558546
1 0.736083984375 0.19952893674293404 0.01171875 0.03835800807537012
1 0.788818359375 0.484185733512786 0.01025390625 0.03633916554508748
1 0.78857421875 0.5279273216689099 0.01220703125 0.039703903095558546
1 0.788330078125 0.6006056527590848 0.01123046875 0.034320323014804845
1 0.78857421875 0.6477119784656796 0.0126953125 0.03095558546433378
1 0.455322265625 0.44044414535666215 0.009765625 0.039030955585464336
1 0.457275390625 0.5178331090174967 0.01025390625 0.033647375504710635
1 0.251220703125 0.598250336473755 0.01220703125 0.03633916554508748
1 0.2939453125 0.778263795423957 0.01123046875 0.016150740242261104
1 0.2958984375 0.8078734858681023 0.0078125 0.03633916554508748
1 0.294921875 0.8536339165545087 0.01318359375 0.028936742934051143
1 0.2177734375 0.8835800807537012 0.013671875 0.02557200538358008
1 0.216796875 0.8149394347240915 0.0087890625 0.021534320323014805
1 0.21484375 0.7802826379542396 0.00732421875 0.020188425302826378
1 0.093994140625 0.8267160161507402 0.01025390625 0.020188425302826378
1 0.095458984375 0.8637281292059219 0.01513671875 0.04104979811574697
1 0.12841796875 0.23149394347240915 0.01171875 0.04374158815612382